2 0.06640625 0.5046875 0.06875 0.0578125
9 0.21328125 0.48515625 0.078125 0.0703125
4 0.09296875 0.55703125 0.0359375 0.040625
9 0.40703125 0.47890625 0.0734375 0.065625
2 0.33203125 0.784375 0.0421875 0.1015625
9 0.38203125 0.721875 0.04375 0.10625
9 0.43515625 0.74140625 0.04375 0.1203125
9 0.4859375 0.76875 0.040625 0.121875
9 0.48203125 0.934375 0.0515625 0.13125
4 0.47265625 0.63359375 0.0203125 0.0625
2 0.6828125 0.61875 0.0515625 0.1046875
1 0.36015625 0.8890625 0.078125 0.221875
4 0.3484375 0.51015625 0.0375 0.046875
9 0.64140625 0.259375 0.025 0.08125
4 0.66328125 0.3015625 0.015625 0.040625
4 0.27890625 0.93046875 0.0234375 0.071875
4 0.4921875 0.65703125 0.025 0.059375
4 0.5109375 0.615625 0.01875 0.0546875