2 0.93359375 0.5125 0.06875 0.0578125
9 0.78671875 0.48984375 0.078125 0.071875
4 0.90625 0.5640625 0.0359375 0.040625
9 0.59296875 0.48046875 0.0734375 0.065625
2 0.66328125 0.7875 0.04375 0.1015625
9 0.6140625 0.72421875 0.0453125 0.1078125
9 0.5609375 0.7421875 0.0453125 0.1203125
9 0.509375 0.76875 0.0421875 0.121875
9 0.509375 0.93359375 0.053125 0.1328125
4 0.525 0.634375 0.0203125 0.0640625
2 0.31484375 0.615625 0.053125 0.1046875
1 0.6328125 0.88984375 0.08125 0.2203125
4 0.6515625 0.5125 0.0375 0.046875
9 0.3625 0.25703125 0.0265625 0.08125
4 0.33984375 0.2984375 0.015625 0.040625
4 0.71328125 0.934375 0.0234375 0.071875
4 0.5046875 0.65703125 0.025 0.059375
4 0.48671875 0.615625 0.01875 0.0546875