2 0.91875 0.40078125 0.0703125 0.0640625
4 0.91015625 0.4546875 0.04375 0.0484375
9 0.7671875 0.41328125 0.0875 0.090625
9 0.584375 0.4578125 0.084375 0.078125
2 0.3515625 0.6703125 0.0828125 0.1046875
4 0.5578125 0.621875 0.0390625 0.0546875
4 0.54296875 0.6453125 0.03125 0.0546875
9 0.58203125 0.76796875 0.0703125 0.1359375
9 0.621875 0.91328125 0.0765625 0.1390625
2 0.7390625 0.73984375 0.0609375 0.115625
9 0.67109375 0.6859375 0.065625 0.1140625
1 0.7296875 0.84375 0.1328125 0.234375
9 0.30390625 0.296875 0.0453125 0.075
4 0.2921875 0.35078125 0.0265625 0.0390625
4 0.51328125 0.60703125 0.034375 0.059375
4 0.6453125 0.47421875 0.040625 0.05
4 0.75859375 0.51875 0.0390625 0.0453125
4 0.81875 0.86328125 0.04375 0.078125
9 0.621875 0.72578125 0.071875 0.1265625