2 0.709375 0.61484375 0.059375 0.0984375
2 0.08671875 0.56328125 0.0734375 0.0640625
9 0.22578125 0.521875 0.0828125 0.0796875
4 0.25703125 0.60859375 0.0296875 0.034375
4 0.09375 0.61328125 0.040625 0.0484375
4 0.36484375 0.5296875 0.0390625 0.04375
9 0.41484375 0.4921875 0.078125 0.0703125
2 0.37109375 0.8015625 0.0640625 0.121875
4 0.49140625 0.63671875 0.0296875 0.059375
9 0.41484375 0.7421875 0.059375 0.1125
9 0.47421875 0.7546875 0.05625 0.1234375
9 0.52578125 0.77109375 0.053125 0.1234375
9 0.54375 0.9390625 0.0625 0.121875
1 0.41484375 0.89609375 0.1140625 0.2078125
9 0.60703125 0.2375 0.0375 0.0859375
4 0.63828125 0.28203125 0.025 0.040625
4 0.3453125 0.946875 0.0359375 0.0828125
4 0.51328125 0.65546875 0.028125 0.0578125
4 0.52890625 0.61015625 0.025 0.0578125