2 0.68125 0.65625 0.0546875 0.0953125
2 0.0828125 0.4765625 0.0703125 0.059375
9 0.22734375 0.46484375 0.0796875 0.075
4 0.23984375 0.55546875 0.0265625 0.0328125
4 0.07890625 0.5265625 0.0375 0.046875
4 0.36171875 0.50078125 0.0359375 0.040625
9 0.41796875 0.475 0.075 0.065625
2 0.3109375 0.76796875 0.05625 0.11875
4 0.46328125 0.63203125 0.0265625 0.0578125
9 0.36640625 0.71953125 0.0515625 0.109375
9 0.421875 0.74375 0.0484375 0.121875
9 0.46875 0.7703125 0.0453125 0.1203125
9 0.4515625 0.9390625 0.0546875 0.11875
1 0.33359375 0.8796875 0.1 0.2234375
9 0.65859375 0.26484375 0.03125 0.0859375
4 0.68046875 0.315625 0.021875 0.040625
4 0.25546875 0.9046875 0.03125 0.08125
4 0.48046875 0.6546875 0.025 0.05625
4 0.50546875 0.6140625 0.021875 0.05625