2 0.10078125 0.50546875 0.065625 0.0515625
9 0.25078125 0.490625 0.075 0.08125
9 0.43203125 0.4796875 0.071875 0.059375
4 0.37578125 0.51484375 0.03125 0.0484375
4 0.47265625 0.63046875 0.025 0.0546875
4 0.49375 0.6546875 0.01875 0.0546875
2 0.69765625 0.65546875 0.0515625 0.10625
9 0.48203125 0.76953125 0.0421875 0.1203125
9 0.478125 0.9375 0.046875 0.125
9 0.43515625 0.74375 0.0359375 0.13125
9 0.384375 0.728125 0.046875 0.1140625
2 0.33203125 0.78984375 0.04375 0.10625
1 0.35625 0.8875 0.08125 0.225
9 0.6421875 0.25546875 0.025 0.08125
4 0.66328125 0.29609375 0.015625 0.0703125
4 0.51328125 0.61171875 0.021875 0.0578125
4 0.23515625 0.56875 0.028125 0.0484375
4 0.28828125 0.9015625 0.03125 0.078125
4 0.06171875 0.565625 0.03125 0.05