2 0.11953125 0.50390625 0.0609375 0.059375
9 0.2609375 0.4890625 0.075 0.0671875
9 0.44375 0.48125 0.0625 0.0640625
4 0.38828125 0.51640625 0.034375 0.0484375
4 0.46953125 0.63984375 0.021875 0.0546875
4 0.49140625 0.65546875 0.0203125 0.059375
9 0.38203125 0.728125 0.0390625 0.1109375
9 0.43515625 0.74375 0.0390625 0.1171875
9 0.48515625 0.76875 0.0421875 0.121875
2 0.3296875 0.7890625 0.0375 0.1109375
9 0.478125 0.9375 0.04375 0.125
1 0.35703125 0.8890625 0.090625 0.221875
2 0.7109375 0.69375 0.05625 0.109375
9 0.64140625 0.25546875 0.025 0.078125
4 0.6640625 0.2984375 0.01875 0.040625
4 0.22109375 0.56953125 0.0265625 0.04375
4 0.51328125 0.61171875 0.01875 0.046875
4 0.28984375 0.88125 0.0265625 0.075
4 0.04140625 0.56640625 0.0359375 0.040625