2 0.8703125 0.41171875 0.0734375 0.071875
9 0.7296875 0.43125 0.0875 0.0828125
9 0.55 0.46796875 0.0765625 0.0765625
4 0.6125 0.4890625 0.0453125 0.0546875
4 0.56328125 0.628125 0.0328125 0.0578125
4 0.54609375 0.6484375 0.0328125 0.0625
9 0.66953125 0.69296875 0.0640625 0.1171875
9 0.621875 0.72109375 0.065625 0.121875
9 0.5796875 0.75703125 0.0703125 0.128125
2 0.73515625 0.7390625 0.0625 0.1171875
9 0.62734375 0.91953125 0.0734375 0.13125
1 0.7328125 0.84296875 0.1421875 0.2375
2 0.3421875 0.7390625 0.0796875 0.1203125
9 0.30390625 0.296875 0.04375 0.08125
4 0.2921875 0.34375 0.0265625 0.04375
4 0.7875 0.5 0.0359375 0.0484375
4 0.5140625 0.61171875 0.0296875 0.05
4 0.79609375 0.81875 0.04375 0.078125
4 0.9609375 0.453125 0.04375 0.0484375