2 0.1515625 0.58359375 0.075 0.08125
9 0.28359375 0.546875 0.096875 0.1015625
9 0.45390625 0.49140625 0.0859375 0.0765625
4 0.40859375 0.54140625 0.0359375 0.0484375
2 0.40546875 0.81796875 0.071875 0.1140625
9 0.44375 0.75078125 0.06875 0.125
9 0.49609375 0.7515625 0.0765625 0.1375
9 0.55625 0.7734375 0.075 0.1421875
9 0.584375 0.9265625 0.0703125 0.1375
2 0.765625 0.65859375 0.08125 0.1375
9 0.58046875 0.23828125 0.046875 0.08125
4 0.6109375 0.2703125 0.025 0.046875
1 0.45859375 0.896875 0.1390625 0.20625
4 0.3875 0.90390625 0.040625 0.0703125
4 0.50859375 0.640625 0.040625 0.071875
4 0.53046875 0.653125 0.034375 0.0578125
4 0.53984375 0.60703125 0.034375 0.059375
4 0.2328125 0.634375 0.046875 0.053125