2 0.16171875 0.50390625 0.0609375 0.0640625
9 0.29140625 0.490625 0.0765625 0.0671875
9 0.46953125 0.48359375 0.0671875 0.0703125
4 0.4140625 0.5234375 0.0328125 0.04375
9 0.64140625 0.26484375 0.03125 0.0671875
4 0.66328125 0.29296875 0.0125 0.0484375
4 0.47265625 0.63125 0.01875 0.0515625
2 0.72578125 0.7390625 0.046875 0.121875
9 0.38203125 0.72578125 0.046875 0.125
9 0.43671875 0.74375 0.0359375 0.1390625
9 0.48359375 0.7703125 0.0390625 0.121875
9 0.47890625 0.9390625 0.04375 0.121875
2 0.32890625 0.79140625 0.04375 0.1171875
4 0.490625 0.65703125 0.0203125 0.0515625
4 0.51328125 0.6140625 0.01875 0.0578125
4 0.19296875 0.56484375 0.025 0.04375
4 0.29765625 0.85078125 0.0234375 0.06875
1 0.36015625 0.890625 0.084375 0.21875