2 0.8359375 0.4625 0.0671875 0.0703125
9 0.70625 0.465625 0.0828125 0.075
9 0.528125 0.4796875 0.075 0.078125
4 0.58828125 0.5125 0.0375 0.046875
9 0.33125 0.28359375 0.0390625 0.0703125
4 0.3125 0.3140625 0.0171875 0.05
4 0.54296875 0.6265625 0.025 0.053125
2 0.3046875 0.76484375 0.0625 0.1265625
9 0.64453125 0.709375 0.0609375 0.1296875
9 0.5921875 0.734375 0.0515625 0.1421875
9 0.54921875 0.76640625 0.053125 0.125
9 0.57421875 0.93359375 0.0578125 0.1265625
2 0.70546875 0.76875 0.0578125 0.1203125
4 0.528125 0.6546875 0.0265625 0.053125
4 0.50078125 0.61484375 0.025 0.059375
4 0.8125 0.5265625 0.0296875 0.046875
4 0.74375 0.8234375 0.03125 0.0703125
1 0.68671875 0.8703125 0.1109375 0.228125