2 0.18046875 0.496875 0.05625 0.06875
9 0.30859375 0.49375 0.071875 0.071875
9 0.48359375 0.48984375 0.0671875 0.071875
9 0.63984375 0.26171875 0.034375 0.0796875
9 0.38515625 0.72578125 0.0375 0.11875
9 0.43515625 0.74375 0.05 0.128125
9 0.4859375 0.775 0.040625 0.1171875
2 0.73828125 0.771875 0.0515625 0.1296875
9 0.47890625 0.94140625 0.046875 0.1171875
2 0.3328125 0.79140625 0.04375 0.1015625
1 0.35703125 0.8890625 0.0796875 0.221875
4 0.66328125 0.3015625 0.01875 0.0375
4 0.30078125 0.83515625 0.0265625 0.059375
4 0.42890625 0.528125 0.03125 0.04375
4 0.47265625 0.63671875 0.01875 0.05625
4 0.4921875 0.65859375 0.025 0.0578125
4 0.51328125 0.6140625 0.01875 0.0546875
4 0.17578125 0.56328125 0.034375 0.04375