2 0.18046875 0.50234375 0.05625 0.0703125
9 0.30859375 0.496875 0.071875 0.0734375
9 0.48359375 0.48984375 0.0671875 0.0734375
9 0.6359375 0.259375 0.034375 0.0796875
9 0.3890625 0.728125 0.0390625 0.11875
9 0.4390625 0.74453125 0.0515625 0.1296875
9 0.490625 0.775 0.0421875 0.1171875
2 0.74296875 0.76796875 0.053125 0.13125
9 0.48671875 0.94140625 0.0484375 0.1171875
2 0.33828125 0.79453125 0.0453125 0.1015625
1 0.3640625 0.88984375 0.084375 0.2203125
4 0.66015625 0.2984375 0.01875 0.0375
4 0.30703125 0.83828125 0.0265625 0.059375
4 0.4296875 0.5296875 0.03125 0.0453125
4 0.475 0.6375 0.0203125 0.05625
4 0.4953125 0.65859375 0.025 0.0578125
4 0.515625 0.6140625 0.0203125 0.0546875
4 0.1765625 0.56875 0.034375 0.0453125