9 0.32265625 0.50546875 0.071875 0.0859375
9 0.49765625 0.49375 0.0671875 0.0765625
9 0.48203125 0.76875 0.0421875 0.1375
2 0.7453125 0.80546875 0.0578125 0.134375
4 0.440625 0.53046875 0.03125 0.046875
9 0.43515625 0.74375 0.0375 0.125
9 0.38203125 0.72890625 0.05 0.1203125
2 0.33203125 0.78046875 0.046875 0.1015625
1 0.35703125 0.890625 0.090625 0.21875
9 0.64140625 0.26484375 0.028125 0.0859375
9 0.47890625 0.940625 0.0484375 0.11875
4 0.47265625 0.640625 0.021875 0.05625
4 0.49140625 0.65625 0.021875 0.05
4 0.51171875 0.61875 0.0203125 0.059375
4 0.30390625 0.81796875 0.021875 0.071875
4 0.66328125 0.3015625 0.015625 0.0484375