9 0.34140625 0.5109375 0.071875 0.0875
4 0.4515625 0.53046875 0.028125 0.04375
9 0.44296875 0.7453125 0.0421875 0.1234375
9 0.4953125 0.7796875 0.04375 0.1265625
2 0.765625 0.83125 0.0609375 0.13125
9 0.5109375 0.49296875 0.0625 0.071875
9 0.6328125 0.2609375 0.028125 0.084375
9 0.49453125 0.940625 0.0484375 0.11875
1 0.37109375 0.89296875 0.0890625 0.2140625
2 0.3390625 0.79609375 0.0515625 0.1125
9 0.3921875 0.7375 0.0484375 0.1125
4 0.47890625 0.64375 0.021875 0.0515625
4 0.496875 0.65859375 0.0234375 0.05
4 0.515625 0.61796875 0.015625 0.059375
4 0.65625 0.29921875 0.0203125 0.05