2 0.91171875 0.1046875 0.0703125 0.0828125
4 0.74375 0.19296875 0.0390625 0.0640625
9 0.75390625 0.259375 0.109375 0.1640625
2 0.7796875 0.34765625 0.0859375 0.125
9 0.56796875 0.5609375 0.1046875 0.15625
9 0.4953125 0.53984375 0.1125 0.153125
4 0.43359375 0.32734375 0.0375 0.0578125
2 0.61640625 0.95390625 0.0640625 0.0921875
9 0.4234375 0.1734375 0.0859375 0.1515625
9 0.37890625 0.20859375 0.0859375 0.1515625
2 0.3953125 0.0578125 0.075 0.115625
9 0.35703125 0.06796875 0.0859375 0.1359375
9 0.22421875 0.72578125 0.11875 0.1875
2 0.23359375 0.92578125 0.071875 0.078125