2 0.91875 0.11171875 0.071875 0.084375
4 0.74921875 0.19765625 0.0390625 0.0640625
9 0.75859375 0.2640625 0.1125 0.165625
2 0.7828125 0.353125 0.0875 0.125
9 0.56640625 0.5625 0.1078125 0.1578125
9 0.49453125 0.53984375 0.1140625 0.153125
4 0.43671875 0.32578125 0.0375 0.0578125
2 0.6078125 0.9546875 0.065625 0.090625
9 0.42890625 0.171875 0.0890625 0.1515625
9 0.384375 0.20703125 0.0875 0.1515625
2 0.403125 0.05703125 0.078125 0.1140625
9 0.3640625 0.0671875 0.0875 0.134375
9 0.2203125 0.72109375 0.121875 0.1875
2 0.2265625 0.92109375 0.071875 0.0796875