2 0.16328125 0.0390625 0.059375 0.075
4 0.31328125 0.15546875 0.0296875 0.059375
9 0.29140625 0.21875 0.084375 0.1515625
2 0.25078125 0.3015625 0.0671875 0.115625
9 0.42265625 0.5484375 0.08125 0.1453125
9 0.49765625 0.53984375 0.090625 0.1390625
4 0.5953125 0.34140625 0.028125 0.0546875
2 0.30390625 0.94140625 0.04375 0.1171875
9 0.63203125 0.19140625 0.0625 0.14375
9 0.66953125 0.234375 0.0625 0.14375
2 0.68203125 0.071875 0.0546875 0.1296875
9 0.71640625 0.09453125 0.0640625 0.1375
9 0.73203125 0.7703125 0.090625 0.175
2 0.68828125 0.965625 0.059375 0.06875