9 0.41640625 0.4796875 0.065625 0.0640625
2 0.69140625 0.64375 0.0546875 0.09375
2 0.32890625 0.78515625 0.046875 0.1078125
9 0.48515625 0.7796875 0.0359375 0.1265625
9 0.43515625 0.74375 0.04375 0.1203125
9 0.38203125 0.7296875 0.0515625 0.1109375
9 0.48203125 0.94140625 0.0453125 0.1171875
4 0.36015625 0.509375 0.034375 0.0453125
9 0.63828125 0.25703125 0.028125 0.08125
2 0.0796875 0.50546875 0.0640625 0.0453125
1 0.36015625 0.890625 0.084375 0.21875
4 0.6640625 0.30390625 0.01875 0.0453125
4 0.24453125 0.58046875 0.028125 0.04375
4 0.4921875 0.6546875 0.0140625 0.046875
4 0.47265625 0.63515625 0.01875 0.04375
4 0.51328125 0.61875 0.0171875 0.040625
4 0.08203125 0.5546875 0.034375 0.04375
9 0.22890625 0.4859375 0.071875 0.06875
4 0.28203125 0.91875 0.028125 0.0703125