9 0.2453125 0.2828125 0.1078125 0.1546875
4 0.25546875 0.221875 0.0390625 0.0609375
2 0.06640625 0.1296875 0.0875 0.09375
2 0.22265625 0.37734375 0.09375 0.121875
9 0.45234375 0.58046875 0.109375 0.1640625
9 0.5234375 0.54296875 0.1171875 0.171875
4 0.55703125 0.32265625 0.0359375 0.0546875
2 0.41015625 0.9671875 0.0703125 0.065625
9 0.809375 0.74140625 0.103125 0.15625
9 0.55546875 0.16875 0.090625 0.1484375
9 0.60625 0.21171875 0.0890625 0.171875
2 0.57890625 0.05234375 0.0796875 0.1046875
9 0.61875 0.065625 0.09375 0.13125