2 0.67265625 0.69609375 0.06875 0.103125
9 0.4359375 0.4703125 0.0828125 0.0828125
9 0.44375 0.7625 0.0546875 0.125
9 0.35078125 0.70859375 0.065625 0.1109375
2 0.28828125 0.76328125 0.06875 0.1140625
9 0.41015625 0.9328125 0.0625 0.121875
9 0.678125 0.28203125 0.040625 0.084375
4 0.69453125 0.33359375 0.0296875 0.0546875
2 0.10234375 0.43828125 0.075 0.0609375
4 0.375 0.49609375 0.0375 0.04375
1 0.29765625 0.86328125 0.1140625 0.228125
4 0.46953125 0.6515625 0.0265625 0.05625
4 0.05859375 0.496875 0.04375 0.0515625
4 0.4515625 0.6296875 0.0296875 0.059375
4 0.496875 0.60703125 0.0234375 0.0515625
4 0.2265625 0.53125 0.028125 0.0453125
9 0.24765625 0.44609375 0.0796875 0.078125
4 0.22578125 0.86171875 0.0359375 0.0734375
9 0.39765625 0.73046875 0.0578125 0.121875