2 0.70078125 0.66640625 0.0546875 0.096875
9 0.43203125 0.48046875 0.071875 0.071875
9 0.48515625 0.76796875 0.0375 0.1203125
9 0.38515625 0.7296875 0.05 0.1046875
2 0.33203125 0.79296875 0.053125 0.1078125
9 0.47890625 0.94140625 0.04375 0.1171875
9 0.6421875 0.25703125 0.028125 0.08125
4 0.66640625 0.30546875 0.021875 0.0515625
2 0.09765625 0.5015625 0.06875 0.0515625
4 0.37578125 0.515625 0.03125 0.0390625
1 0.35703125 0.890625 0.0796875 0.21875
4 0.49375 0.6546875 0.01875 0.0546875
4 0.06328125 0.565625 0.0375 0.046875
4 0.47265625 0.6359375 0.021875 0.0578125
4 0.51328125 0.60625 0.0171875 0.05
4 0.23515625 0.5734375 0.021875 0.04375
9 0.2421875 0.4859375 0.0703125 0.06875
4 0.2859375 0.9 0.0265625 0.0703125
9 0.43515625 0.74375 0.040625 0.1171875