2 0.71015625 0.67109375 0.0578125 0.0984375
9 0.43828125 0.48203125 0.0703125 0.06875
9 0.49453125 0.76953125 0.0453125 0.121875
9 0.446875 0.74609375 0.046875 0.121875
9 0.39296875 0.734375 0.053125 0.1078125
2 0.34140625 0.79609375 0.05625 0.1125
9 0.496875 0.93828125 0.05 0.1234375
9 0.63203125 0.25234375 0.034375 0.071875
2 0.1109375 0.51796875 0.0703125 0.05625
4 0.3828125 0.51875 0.03125 0.0421875
1 0.3703125 0.8921875 0.090625 0.215625
9 0.24765625 0.5 0.0796875 0.0671875
4 0.48046875 0.63125 0.021875 0.0578125
4 0.49765625 0.65703125 0.021875 0.05625
4 0.5171875 0.6046875 0.01875 0.0515625
4 0.65625 0.2984375 0.0171875 0.040625
4 0.053125 0.575 0.028125 0.0453125
4 0.30234375 0.8984375 0.0328125 0.0703125