2 0.7375 0.65625 0.0734375 0.1171875
9 0.4421875 0.4875 0.08125 0.0796875
2 0.12421875 0.553125 0.0734375 0.0671875
9 0.52421875 0.7671875 0.0609375 0.1328125
9 0.47109375 0.7515625 0.0546875 0.1171875
2 0.375 0.80390625 0.053125 0.109375
1 0.4203125 0.8875 0.115625 0.225
9 0.41953125 0.74375 0.065625 0.1203125
4 0.39296875 0.5359375 0.0375 0.053125
4 0.51640625 0.6546875 0.03125 0.0546875
4 0.49375 0.6328125 0.028125 0.059375
4 0.05859375 0.6328125 0.046875 0.059375
4 0.53203125 0.61484375 0.028125 0.0609375
4 0.353125 0.9078125 0.0375 0.0625
9 0.2578125 0.5234375 0.08125 0.090625
4 0.23359375 0.6109375 0.0375 0.0546875
9 0.60234375 0.240625 0.0359375 0.0828125
4 0.63125 0.27734375 0.021875 0.0484375