9 0.45703125 0.48046875 0.071875 0.06875
2 0.71875 0.71796875 0.05625 0.1171875
2 0.33203125 0.79375 0.053125 0.109375
9 0.4859375 0.778125 0.046875 0.121875
9 0.43515625 0.74296875 0.046875 0.121875
9 0.38515625 0.7296875 0.04375 0.1109375
9 0.27578125 0.49140625 0.071875 0.06875
1 0.35703125 0.890625 0.090625 0.21875
4 0.40078125 0.51796875 0.0375 0.046875
4 0.296875 0.86953125 0.025 0.065625
4 0.471875 0.634375 0.021875 0.05
4 0.49140625 0.65625 0.0234375 0.0578125
4 0.5140625 0.61640625 0.01875 0.0546875
9 0.48203125 0.93984375 0.04375 0.1203125
9 0.64140625 0.2640625 0.0265625 0.0796875
4 0.66328125 0.303125 0.015625 0.0546875
2 0.14140625 0.49921875 0.0609375 0.0578125
4 0.20703125 0.56875 0.0296875 0.0515625