9 0.5375 0.47109375 0.084375 0.0828125
2 0.3359375 0.76171875 0.08125 0.1265625
2 0.7296875 0.7484375 0.075 0.11875
9 0.5765625 0.76796875 0.0734375 0.1296875
9 0.61796875 0.721875 0.0734375 0.1296875
9 0.66328125 0.69765625 0.0671875 0.1171875
9 0.71640625 0.44140625 0.0859375 0.0828125
1 0.72734375 0.8484375 0.1375 0.2328125
4 0.60078125 0.4953125 0.046875 0.053125
4 0.78125 0.8140625 0.0390625 0.06875
4 0.5578125 0.62421875 0.03125 0.053125
4 0.54375 0.65 0.034375 0.0609375
4 0.5125 0.61640625 0.0296875 0.0578125
9 0.61640625 0.92421875 0.06875 0.1265625
9 0.309375 0.3015625 0.04375 0.0828125
4 0.296875 0.34453125 0.028125 0.05625
2 0.84921875 0.41875 0.071875 0.06875
4 0.80078125 0.50078125 0.0390625 0.05625