9 0.45625 0.59765625 0.0875 0.1484375
9 0.52578125 0.56953125 0.0953125 0.1359375
2 0.25234375 0.3515625 0.0703125 0.121875
9 0.28203125 0.26171875 0.096875 0.15625
4 0.3078125 0.2015625 0.03125 0.0515625
2 0.13125 0.07578125 0.0703125 0.0921875
2 0.18828125 0.04453125 0.0484375 0.0375
9 0.5984375 0.1828125 0.071875 0.153125
9 0.64296875 0.21640625 0.075 0.15625
2 0.34765625 0.97109375 0.0484375 0.0578125
9 0.78984375 0.79453125 0.0984375 0.1546875
2 0.6421875 0.05546875 0.06875 0.1109375
9 0.6796875 0.06953125 0.0703125 0.134375
4 0.58203125 0.32734375 0.0296875 0.0578125