9 0.44765625 0.59375 0.0765625 0.14375
9 0.51953125 0.571875 0.084375 0.1296875
2 0.26640625 0.33046875 0.0609375 0.1171875
9 0.30390625 0.24375 0.084375 0.15
4 0.334375 0.1859375 0.028125 0.05
2 0.16953125 0.0453125 0.0640625 0.0875
2 0.22890625 0.01875 0.046875 0.034375
9 0.62578125 0.19296875 0.059375 0.1484375
9 0.6671875 0.2296875 0.0625 0.1515625
2 0.30703125 0.96484375 0.04375 0.0703125
9 0.76328125 0.81875 0.0859375 0.1484375
2 0.68203125 0.06328125 0.059375 0.11875
9 0.71640625 0.08671875 0.059375 0.1296875
4 0.596875 0.33515625 0.025 0.0546875