9 0.46640625 0.60234375 0.1015625 0.1546875
9 0.5328125 0.5671875 0.1078125 0.14375
2 0.23828125 0.378125 0.08125 0.125
9 0.25859375 0.2859375 0.1109375 0.1625
4 0.27734375 0.2234375 0.0359375 0.0546875
2 0.0890625 0.11640625 0.078125 0.096875
2 0.1421875 0.0796875 0.0515625 0.0421875
9 0.56484375 0.175 0.0859375 0.15625
9 0.6125 0.203125 0.0890625 0.1609375
2 0.3984375 0.97734375 0.05625 0.0453125
9 0.81953125 0.7625 0.1125 0.1625
2 0.5953125 0.05 0.08125 0.1
9 0.63359375 0.0609375 0.0828125 0.121875
4 0.56328125 0.31953125 0.034375 0.059375