2 0.21875 0.0546875 0.075 0.109375
2 0.27734375 0.028125 0.0640625 0.05625
2 0.303125 0.36640625 0.071875 0.109375
9 0.34375 0.2796875 0.09375 0.1546875
4 0.3859375 0.22734375 0.034375 0.0515625
9 0.48046875 0.6546875 0.0859375 0.134375
9 0.5484375 0.62421875 0.096875 0.1359375
9 0.78203125 0.9140625 0.1 0.15625
4 0.60390625 0.35 0.0296875 0.0578125
9 0.65 0.203125 0.0703125 0.146875
9 0.68515625 0.2421875 0.06875 0.140625
2 0.709375 0.07421875 0.0625 0.121875
9 0.74140625 0.109375 0.06875 0.134375