2 0.18828125 0.06796875 0.0671875 0.1203125
2 0.24453125 0.0359375 0.0609375 0.06875
2 0.29453125 0.38046875 0.0640625 0.10625
9 0.32890625 0.29140625 0.084375 0.15
4 0.3671875 0.2359375 0.03125 0.05
9 0.49140625 0.65546875 0.078125 0.1296875
9 0.55703125 0.6203125 0.0875 0.1296875
9 0.81015625 0.89375 0.090625 0.15
4 0.59296875 0.34296875 0.0265625 0.0546875
9 0.62890625 0.19375 0.0609375 0.14375
9 0.66640625 0.2296875 0.059375 0.1375
2 0.67890625 0.0609375 0.0546875 0.11875
9 0.71328125 0.09375 0.059375 0.13125