2 0.54453125 0.478125 0.065625 0.0671875
9 0.690625 0.425 0.0703125 0.0703125
2 0.765625 0.49375 0.06875 0.0546875
9 0.38828125 0.21015625 0.03125 0.071875
9 0.2234375 0.38984375 0.0640625 0.0578125
9 0.50859375 0.76015625 0.04375 0.1203125
9 0.5609375 0.74375 0.0515625 0.1234375
2 0.6625 0.7890625 0.05 0.1078125
9 0.61171875 0.725 0.0546875 0.109375
9 0.5046875 0.934375 0.053125 0.13125
1 0.628125 0.88515625 0.1 0.2296875
9 0.35078125 0.40546875 0.0578125 0.065625
2 0.46796875 0.44140625 0.05625 0.0515625
2 0.440625 0.40234375 0.05625 0.0515625
4 0.5296875 0.6328125 0.021875 0.053125
4 0.50703125 0.64375 0.0234375 0.05625
4 0.934375 0.5640625 0.0359375 0.0453125
4 0.35546875 0.28828125 0.021875 0.0453125
4 0.48828125 0.60390625 0.0234375 0.0578125