2 0.54609375 0.4796875 0.065625 0.0703125
2 0.465625 0.44296875 0.0546875 0.0578125
9 0.34765625 0.40859375 0.0640625 0.05625
9 0.21640625 0.40078125 0.0609375 0.05625
9 0.5703125 0.73203125 0.0453125 0.109375
9 0.51953125 0.765625 0.0421875 0.1171875
9 0.6234375 0.7203125 0.0515625 0.10625
2 0.67265625 0.78125 0.0546875 0.1046875
9 0.68515625 0.42109375 0.071875 0.08125
2 0.765625 0.47890625 0.0640625 0.05625
9 0.51953125 0.93046875 0.05625 0.134375
1 0.64609375 0.88125 0.0921875 0.2375
2 0.43515625 0.4046875 0.053125 0.0453125
4 0.71640625 0.93046875 0.0203125 0.065625
4 0.534375 0.6296875 0.0171875 0.0546875
4 0.515625 0.6453125 0.0234375 0.05
4 0.49453125 0.6046875 0.0234375 0.0546875
4 0.35 0.29296875 0.021875 0.046875
9 0.378125 0.221875 0.0296875 0.0703125
4 0.94140625 0.5515625 0.0359375 0.046875