2 0.4546875 0.4765625 0.06875 0.071875
2 0.53828125 0.4453125 0.05625 0.059375
9 0.65859375 0.41875 0.065625 0.059375
9 0.78984375 0.4203125 0.0625 0.0578125
9 0.4140625 0.7265625 0.05 0.1109375
9 0.46171875 0.7640625 0.0453125 0.11875
9 0.36171875 0.7109375 0.0546875 0.1078125
2 0.30859375 0.76875 0.0578125 0.10625
9 0.32109375 0.40859375 0.075 0.0828125
2 0.23671875 0.46015625 0.065625 0.059375
9 0.45 0.92734375 0.0609375 0.1359375
1 0.3265625 0.871875 0.1 0.24375
2 0.57109375 0.409375 0.0546875 0.046875
4 0.25390625 0.9140625 0.0234375 0.065625
4 0.45625 0.6265625 0.01875 0.0546875
4 0.47421875 0.64453125 0.025 0.0515625
4 0.4984375 0.6046875 0.025 0.0546875
4 0.6640625 0.30390625 0.0234375 0.046875
9 0.640625 0.23125 0.03125 0.071875
4 0.05625 0.5203125 0.0375 0.0484375