9 0.31640625 0.415625 0.0671875 0.0796875
2 0.46328125 0.4734375 0.05625 0.06875
2 0.53515625 0.44296875 0.05625 0.05625
9 0.66015625 0.41484375 0.0609375 0.0625
9 0.42578125 0.73046875 0.0421875 0.1140625
9 0.47578125 0.765625 0.046875 0.1359375
2 0.32265625 0.7796875 0.046875 0.1078125
9 0.37578125 0.71796875 0.05 0.10625
9 0.47265625 0.93046875 0.046875 0.13125
1 0.3484375 0.88046875 0.090625 0.23125
2 0.5734375 0.409375 0.0515625 0.0484375
9 0.62578125 0.21796875 0.0359375 0.06875
9 0.78828125 0.39375 0.0625 0.0609375
2 0.23828125 0.46796875 0.0671875 0.065625
4 0.46484375 0.628125 0.0234375 0.0546875
4 0.48125 0.6484375 0.025 0.05625
4 0.50546875 0.6015625 0.021875 0.0515625
4 0.27578125 0.91796875 0.025 0.06875
4 0.65390625 0.29375 0.0171875 0.05
4 0.05078125 0.54375 0.034375 0.05
4 0.16953125 0.5453125 0.0328125 0.04375
9 0.96640625 0.38828125 0.05625 0.05625