2 0.4625 0.478125 0.0765625 0.0828125
9 0.30390625 0.453125 0.084375 0.0828125
2 0.24921875 0.53515625 0.078125 0.0765625
2 0.52109375 0.43671875 0.0609375 0.06875
9 0.64296875 0.37578125 0.0765625 0.06875
2 0.55234375 0.38984375 0.0640625 0.0640625
9 0.48203125 0.74921875 0.0671875 0.13125
9 0.42890625 0.74375 0.078125 0.1296875
9 0.5359375 0.7625 0.0703125 0.1203125
9 0.5671875 0.9265625 0.0765625 0.1421875
2 0.38984375 0.8125 0.075 0.1125
1 0.440625 0.89140625 0.140625 0.2171875
9 0.56015625 0.1984375 0.04375 0.0765625
9 0.76875 0.3390625 0.0796875 0.0765625
4 0.4921875 0.62890625 0.034375 0.059375
4 0.51875 0.64765625 0.034375 0.059375
4 0.5265625 0.596875 0.0328125 0.059375
4 0.6046875 0.26328125 0.0265625 0.0515625
4 0.1796875 0.621875 0.04375 0.05
9 0.9359375 0.2859375 0.0640625 0.0625