2 0.334375 0.35859375 0.084375 0.1078125
9 0.38515625 0.275 0.109375 0.15625
4 0.43125 0.23671875 0.04375 0.059375
2 0.284375 0.04453125 0.096875 0.0890625
2 0.3390625 0.025 0.071875 0.05
9 0.4734375 0.68515625 0.1046875 0.1421875
9 0.53828125 0.64140625 0.103125 0.15
9 0.74453125 0.93984375 0.1140625 0.1203125
4 0.62421875 0.3578125 0.0375 0.059375
9 0.68671875 0.215625 0.0890625 0.153125
9 0.715625 0.26796875 0.0875 0.153125
2 0.76015625 0.10859375 0.075 0.1265625
9 0.78984375 0.13984375 0.0859375 0.140625