2 0.31015625 0.39296875 0.06875 0.096875
9 0.34453125 0.30078125 0.084375 0.14375
4 0.38203125 0.2546875 0.034375 0.0546875
2 0.19765625 0.0765625 0.078125 0.1140625
2 0.24765625 0.04375 0.05625 0.084375
9 0.509375 0.68671875 0.08125 0.1296875
9 0.56484375 0.63125 0.0796875 0.1375
9 0.82890625 0.91015625 0.0859375 0.1578125
4 0.59453125 0.33671875 0.028125 0.0546875
9 0.62890625 0.18515625 0.0625 0.1453125
9 0.6671875 0.23125 0.0625 0.1453125
2 0.68046875 0.06640625 0.0546875 0.11875
9 0.715625 0.09140625 0.0625 0.13125