2 0.5140625 0.48203125 0.0625 0.065625
2 0.46953125 0.43828125 0.0578125 0.05
9 0.66796875 0.41015625 0.06875 0.0671875
2 0.740625 0.478125 0.0796875 0.0640625
2 0.6671875 0.78671875 0.05 0.1109375
9 0.62265625 0.72578125 0.0515625 0.121875
9 0.56328125 0.73203125 0.0546875 0.1234375
9 0.51171875 0.76953125 0.046875 0.13125
9 0.515625 0.93046875 0.0515625 0.1375
2 0.39921875 0.403125 0.053125 0.046875
9 0.30546875 0.40390625 0.0625 0.0578125
4 0.52890625 0.63046875 0.0203125 0.0484375
4 0.5125 0.64609375 0.0265625 0.0546875
4 0.49140625 0.60859375 0.0265625 0.0578125
4 0.703125 0.8734375 0.025 0.0671875
1 0.63828125 0.8890625 0.0921875 0.221875
4 0.87109375 0.5640625 0.0359375 0.0359375
9 0.38203125 0.22734375 0.028125 0.0671875
4 0.3515625 0.2890625 0.0171875 0.0515625
9 0.17734375 0.38671875 0.059375 0.0609375