2 0.48671875 0.48125 0.059375 0.0640625
2 0.5328125 0.4390625 0.05625 0.0484375
9 0.33515625 0.4046875 0.0671875 0.065625
2 0.26015625 0.46953125 0.078125 0.0609375
2 0.32265625 0.78046875 0.046875 0.109375
9 0.36953125 0.72109375 0.046875 0.1203125
9 0.42890625 0.7296875 0.05 0.121875
9 0.47890625 0.76875 0.04375 0.1296875
9 0.46953125 0.9296875 0.046875 0.1375
2 0.60390625 0.40703125 0.0515625 0.0453125
9 0.69765625 0.4109375 0.059375 0.0546875
4 0.46640625 0.6296875 0.01875 0.0484375
4 0.48203125 0.6453125 0.025 0.0546875
4 0.5046875 0.60859375 0.0234375 0.0578125
4 0.28359375 0.86640625 0.0234375 0.0671875
1 0.34765625 0.88671875 0.084375 0.2265625
4 0.1265625 0.55078125 0.034375 0.0359375
9 0.62734375 0.23125 0.0265625 0.0671875
4 0.65546875 0.29453125 0.015625 0.0515625
9 0.8265625 0.3984375 0.0578125 0.059375