2 0.48359375 0.484375 0.071875 0.0734375
2 0.5203125 0.43359375 0.0640625 0.0578125
9 0.3203125 0.43828125 0.078125 0.0765625
2 0.25859375 0.515625 0.0890625 0.075
2 0.3796875 0.809375 0.065625 0.115625
9 0.4140625 0.7421875 0.0703125 0.1265625
9 0.47421875 0.7390625 0.071875 0.1296875
9 0.53046875 0.76796875 0.0671875 0.1359375
9 0.55234375 0.92734375 0.071875 0.14375
2 0.584375 0.3890625 0.059375 0.053125
9 0.67734375 0.375 0.0703125 0.065625
4 0.49140625 0.63359375 0.0265625 0.0515625
4 0.51015625 0.64609375 0.034375 0.0578125
4 0.525 0.60546875 0.034375 0.0609375
4 0.3578125 0.90078125 0.034375 0.06875
1 0.42421875 0.89453125 0.1265625 0.2109375
4 0.14296875 0.62109375 0.040625 0.040625
9 0.5734375 0.21171875 0.0375 0.0703125
4 0.61328125 0.26875 0.025 0.053125
9 0.8015625 0.33828125 0.0671875 0.06875