9 0.35 0.39140625 0.0765625 0.075
2 0.2703125 0.4484375 0.078125 0.0796875
2 0.49921875 0.48125 0.065625 0.075
2 0.29921875 0.76328125 0.0546875 0.1
9 0.35390625 0.70625 0.0625 0.1203125
9 0.40703125 0.7234375 0.0546875 0.1234375
9 0.45390625 0.75234375 0.0484375 0.1171875
9 0.43515625 0.92578125 0.0640625 0.1375
1 0.31796875 0.86640625 0.1109375 0.2390625
2 0.62109375 0.415625 0.0515625 0.0515625
9 0.6484375 0.24296875 0.03125 0.071875
2 0.53359375 0.44375 0.0640625 0.05625
4 0.45546875 0.62265625 0.021875 0.053125
4 0.47109375 0.64140625 0.0265625 0.0625
4 0.49453125 0.60546875 0.0234375 0.0609375
4 0.6734375 0.3078125 0.0234375 0.0515625
4 0.1140625 0.52109375 0.0359375 0.0421875
4 0.253125 0.83515625 0.0265625 0.0609375
9 0.7109375 0.428125 0.0671875 0.0625
9 0.84765625 0.428125 0.06875 0.05625