9 0.34140625 0.4046875 0.0703125 0.06875
2 0.26640625 0.46875 0.0734375 0.075
2 0.49765625 0.48125 0.0609375 0.0703125
2 0.32265625 0.7796875 0.046875 0.096875
9 0.37265625 0.71796875 0.053125 0.1171875
9 0.4265625 0.73046875 0.0453125 0.1203125
9 0.47578125 0.75546875 0.0390625 0.1140625
9 0.47265625 0.9296875 0.053125 0.134375
1 0.35078125 0.88046875 0.0921875 0.23125
2 0.61328125 0.40546875 0.046875 0.0484375
9 0.62578125 0.23125 0.025 0.0703125
2 0.52890625 0.440625 0.0609375 0.0515625
4 0.46640625 0.62578125 0.01875 0.0515625
4 0.48359375 0.64375 0.021875 0.0609375
4 0.50390625 0.60546875 0.01875 0.059375
4 0.65625 0.29375 0.01875 0.05
4 0.1171875 0.5546875 0.0328125 0.0390625
4 0.28359375 0.85546875 0.021875 0.059375
9 0.70390625 0.41015625 0.0625 0.0578125
9 0.83984375 0.3984375 0.065625 0.0515625