9 0.63828125 0.38828125 0.071875 0.0890625
2 0.71640625 0.4453125 0.08125 0.0640625
2 0.4890625 0.49375 0.065625 0.0765625
2 0.36015625 0.41875 0.059375 0.0625
9 0.271875 0.4296875 0.0703125 0.0640625
9 0.5953125 0.7265625 0.05625 0.1234375
9 0.5515625 0.75703125 0.053125 0.1328125
9 0.64921875 0.703125 0.0640625 0.125
2 0.70859375 0.76015625 0.0578125 0.109375
1 0.69375 0.8671875 0.1171875 0.2375
9 0.575 0.92421875 0.0671875 0.1453125
2 0.46875 0.446875 0.065625 0.05625
4 0.55 0.6234375 0.0328125 0.06875
4 0.53125 0.646875 0.025 0.059375
4 0.50625 0.6015625 0.03125 0.0625
4 0.90859375 0.51171875 0.0421875 0.05
4 0.3234375 0.3109375 0.025 0.0453125
9 0.34453125 0.253125 0.0375 0.0828125