9 0.35546875 0.39296875 0.059375 0.0703125
2 0.28515625 0.46796875 0.06875 0.0609375
2 0.32265625 0.77109375 0.053125 0.1203125
9 0.37578125 0.71796875 0.046875 0.1203125
9 0.4265625 0.73046875 0.046875 0.125
9 0.47578125 0.76796875 0.040625 0.128125
9 0.47265625 0.93046875 0.053125 0.13125
1 0.3484375 0.88046875 0.0859375 0.2359375
2 0.51640625 0.4890625 0.059375 0.05625
2 0.52578125 0.44296875 0.05625 0.0640625
9 0.72890625 0.40546875 0.059375 0.0703125
4 0.46640625 0.6296875 0.021875 0.059375
4 0.48203125 0.64296875 0.0234375 0.059375
4 0.50390625 0.60546875 0.021875 0.05625
9 0.62890625 0.23828125 0.021875 0.0765625
4 0.65390625 0.29296875 0.01875 0.0484375
2 0.64140625 0.40390625 0.053125 0.0515625