9 0.6484375 0.3984375 0.0609375 0.071875
2 0.715625 0.47578125 0.0703125 0.0640625
2 0.66796875 0.77734375 0.05625 0.121875
9 0.61640625 0.721875 0.05 0.121875
9 0.565625 0.7328125 0.0515625 0.125
9 0.51484375 0.76875 0.0453125 0.1296875
9 0.5125 0.93125 0.05625 0.1328125
1 0.63828125 0.8828125 0.0953125 0.234375
2 0.484375 0.48828125 0.0609375 0.0578125
2 0.4765625 0.4421875 0.0578125 0.065625
9 0.27421875 0.39765625 0.0625 0.071875
4 0.52890625 0.63046875 0.0234375 0.059375
4 0.51328125 0.64375 0.025 0.059375
4 0.4921875 0.60546875 0.0234375 0.05625
9 0.38046875 0.23359375 0.0234375 0.0765625
4 0.353125 0.2875 0.0203125 0.0484375
2 0.36171875 0.39921875 0.0546875 0.053125