9 0.10703125 0.05625 0.0625 0.10625
2 0.20390625 0.09375 0.071875 0.1203125
2 0.26015625 0.05703125 0.059375 0.1
2 0.31953125 0.41640625 0.06875 0.1109375
9 0.35234375 0.315625 0.0765625 0.1390625
4 0.39453125 0.26953125 0.028125 0.0578125
9 0.52421875 0.715625 0.078125 0.13125
9 0.57578125 0.6546875 0.0828125 0.13125
9 0.84453125 0.93984375 0.084375 0.1203125
4 0.59453125 0.340625 0.028125 0.059375
9 0.62890625 0.18671875 0.059375 0.1296875
9 0.66875 0.23203125 0.0703125 0.146875
9 0.7140625 0.09609375 0.065625 0.134375
2 0.6796875 0.06796875 0.05625 0.1203125