9 0.88515625 0.05078125 0.0640625 0.1015625
2 0.7890625 0.08828125 0.0734375 0.121875
2 0.73203125 0.053125 0.0609375 0.1015625
2 0.67890625 0.41328125 0.0703125 0.1125
9 0.64453125 0.31328125 0.078125 0.140625
4 0.6015625 0.26796875 0.0296875 0.0578125
9 0.4796875 0.715625 0.0796875 0.1328125
9 0.4265625 0.65625 0.0859375 0.1328125
9 0.16328125 0.9421875 0.0859375 0.115625
4 0.40234375 0.3421875 0.0296875 0.059375
9 0.365625 0.1890625 0.0609375 0.13125
9 0.3265625 0.23515625 0.0734375 0.146875
9 0.27890625 0.1 0.0671875 0.134375
2 0.3125 0.07109375 0.0578125 0.121875