9 0.90859375 0.08671875 0.075 0.1203125
2 0.81015625 0.11484375 0.075 0.1234375
2 0.753125 0.071875 0.06875 0.1109375
2 0.67265625 0.440625 0.071875 0.1203125
9 0.6484375 0.33671875 0.0875 0.128125
4 0.60859375 0.29140625 0.0390625 0.0484375
9 0.446875 0.7296875 0.0828125 0.13125
9 0.40234375 0.66953125 0.0953125 0.1453125
4 0.41328125 0.33359375 0.028125 0.0578125
9 0.384375 0.184375 0.0671875 0.1515625
9 0.35078125 0.2328125 0.065625 0.165625
2 0.3421875 0.0640625 0.065625 0.128125
9 0.30546875 0.0796875 0.0609375 0.1390625
9 0.11328125 0.93125 0.0921875 0.103125