2 0.82421875 0.18125 0.0734375 0.1203125
9 0.7671875 0.10859375 0.084375 0.1453125
9 0.68203125 0.38359375 0.08125 0.13125
9 0.57890625 0.41484375 0.0875 0.15
2 0.696875 0.72265625 0.05625 0.1375
9 0.39140625 0.58125 0.090625 0.1453125
2 0.43125 0.81953125 0.084375 0.1296875
2 0.315625 0.071875 0.059375 0.1234375
9 0.28125 0.09921875 0.059375 0.140625
9 0.365625 0.19609375 0.0734375 0.1296875
9 0.328125 0.23359375 0.0625 0.146875
4 0.40625 0.34453125 0.0296875 0.059375
4 0.76875 0.0234375 0.028125 0.040625