9 0.17421875 0.0421875 0.0859375 0.084375
2 0.271875 0.08046875 0.096875 0.1296875
2 0.32890625 0.05390625 0.075 0.10625
2 0.34609375 0.4234375 0.0828125 0.121875
9 0.3921875 0.33515625 0.1015625 0.165625
4 0.43828125 0.29140625 0.04375 0.06875
9 0.665625 0.20625 0.0828125 0.146875
9 0.703125 0.25234375 0.0765625 0.14375
9 0.76484375 0.11953125 0.075 0.13125
2 0.73359375 0.09453125 0.065625 0.1390625
9 0.5765625 0.70390625 0.1 0.1453125
9 0.521875 0.76640625 0.1015625 0.1515625
9 0.80703125 0.98515625 0.0765625 0.0296875
4 0.61328125 0.35546875 0.0328125 0.06875