9 0.12734375 0.08828125 0.06875 0.1171875
2 0.22421875 0.12890625 0.0703125 0.1203125
2 0.2859375 0.08046875 0.0625 0.0984375
2 0.34765625 0.4546875 0.0671875 0.1015625
9 0.37890625 0.35546875 0.078125 0.1453125
4 0.42265625 0.31640625 0.0359375 0.05625
9 0.5734375 0.78984375 0.084375 0.1359375
9 0.6046875 0.70546875 0.090625 0.1453125
4 0.59453125 0.3390625 0.028125 0.0625
9 0.63203125 0.18046875 0.0625 0.14375
9 0.66640625 0.2296875 0.065625 0.1375
2 0.67890625 0.06796875 0.0515625 0.1203125
9 0.71328125 0.08984375 0.0671875 0.128125