4 0.40546875 0.42578125 0.021875 0.0328125
4 0.546875 0.609375 0.0265625 0.021875
4 0.8015625 0.5609375 0.0265625 0.0203125
4 0.8921875 0.575 0.0203125 0.0265625
9 0.13984375 0.56328125 0.0578125 0.04375
9 0.3453125 0.8 0.0328125 0.096875
9 0.33828125 0.934375 0.03125 0.0859375
9 0.70546875 0.57265625 0.0546875 0.04375
9 0.76484375 0.57421875 0.05625 0.0421875
9 0.678125 0.32421875 0.05 0.04375
9 0.8109375 0.353125 0.0546875 0.046875
9 0.6421875 0.146875 0.0390625 0.0953125
9 0.31640625 0.26640625 0.05625 0.046875
9 0.18203125 0.253125 0.0546875 0.040625
9 0.1265625 0.35703125 0.0578125 0.0390625
9 0.02734375 0.2875 0.0546875 0.0390625
12 0.22265625 0.31171875 0.1984375 0.0640625
12 0.25078125 0.3625 0.171875 0.078125
0 0.35 0.65 0.09375 0.0671875
0 0.640625 0.68125 0.1015625 0.075
0 0.8609375 0.7 0.096875 0.0640625
0 0.61328125 0.121875 0.0421875 0.11875
10 0.3953125 0.86875 0.0859375 0.2625
2 0.37265625 0.82890625 0.03125 0.0921875
2 0.46484375 0.59453125 0.046875 0.04375
2 0.30390625 0.578125 0.053125 0.034375
2 0.85390625 0.59296875 0.046875 0.034375
2 0.93671875 0.59296875 0.046875 0.0421875
2 0.3703125 0.3921875 0.046875 0.0453125
2 0.0625 0.36796875 0.0515625 0.0453125