9 0.175 0.06484375 0.0765625 0.1125
2 0.2640625 0.12109375 0.078125 0.1203125
2 0.3265625 0.07890625 0.075 0.10625
2 0.3625 0.46796875 0.08125 0.11875
9 0.40078125 0.35625 0.0859375 0.134375
4 0.4515625 0.33046875 0.0390625 0.0578125
9 0.5609375 0.825 0.09375 0.14375
9 0.60078125 0.73046875 0.096875 0.15
4 0.6046875 0.3515625 0.034375 0.0578125
9 0.65546875 0.20234375 0.071875 0.14375
9 0.6921875 0.24609375 0.0671875 0.1390625
2 0.71953125 0.08515625 0.0671875 0.1203125
9 0.7515625 0.1109375 0.0734375 0.1390625