9 0.16953125 0.0875 0.075 0.121875
2 0.26015625 0.13359375 0.0765625 0.1234375
2 0.31875 0.09375 0.071875 0.103125
2 0.37265625 0.4875 0.0734375 0.1078125
9 0.40546875 0.3828125 0.0859375 0.15
4 0.45859375 0.346875 0.034375 0.0578125
4 0.60234375 0.3453125 0.028125 0.0625
9 0.6484375 0.19296875 0.0671875 0.134375
9 0.68046875 0.240625 0.065625 0.1390625
9 0.62109375 0.75 0.0953125 0.153125
9 0.58671875 0.85078125 0.0921875 0.1484375
2 0.7046875 0.07578125 0.0546875 0.1125
9 0.7375 0.1046875 0.059375 0.1359375