9 0.93125 0.2140625 0.09375 0.1265625
2 0.82734375 0.22578125 0.0921875 0.128125
2 0.7765625 0.17578125 0.0859375 0.109375
2 0.60390625 0.54453125 0.0921875 0.1328125
9 0.61484375 0.42265625 0.103125 0.1453125
4 0.56953125 0.38359375 0.0453125 0.0546875
9 0.2984375 0.7125 0.1203125 0.159375
9 0.28828125 0.82734375 0.1171875 0.1609375
4 0.446875 0.321875 0.0390625 0.059375
9 0.45078125 0.16328125 0.0921875 0.1546875
9 0.40234375 0.203125 0.0984375 0.15625
2 0.42734375 0.0484375 0.0796875 0.096875
9 0.3875 0.06015625 0.0875 0.1203125