9 0.16015625 0.1296875 0.0703125 0.1265625
2 0.25703125 0.17421875 0.0703125 0.11875
2 0.31953125 0.121875 0.0703125 0.09375
2 0.3953125 0.5296875 0.059375 0.1109375
9 0.41640625 0.41171875 0.075 0.15625
4 0.4703125 0.384375 0.034375 0.05625
4 0.59453125 0.34375 0.0265625 0.04375
9 0.65390625 0.7765625 0.0859375 0.153125
9 0.640625 0.896875 0.0875 0.1578125
9 0.66953125 0.23046875 0.0625 0.15
9 0.62890625 0.18203125 0.0625 0.1578125
2 0.6796875 0.06484375 0.0515625 0.1046875
9 0.71640625 0.0984375 0.0578125 0.1453125