9 0.74765625 0.065625 0.0953125 0.13125
2 0.66328125 0.128125 0.09375 0.13125
2 0.590625 0.090625 0.0890625 0.10625
2 0.60859375 0.50546875 0.0828125 0.121875
9 0.56171875 0.3953125 0.1078125 0.1703125
4 0.503125 0.38046875 0.046875 0.0640625
4 0.37265625 0.36875 0.034375 0.0484375
9 0.4125 0.80390625 0.1171875 0.16875
9 0.45234375 0.915625 0.1203125 0.16875
9 0.27421875 0.27578125 0.09375 0.159375
9 0.303125 0.21953125 0.096875 0.1671875
2 0.22734375 0.11640625 0.0734375 0.1125
9 0.1984375 0.15703125 0.0875 0.153125