2 0.4078125 0.5546875 0.065625 0.1203125
9 0.43203125 0.4296875 0.078125 0.1296875
4 0.48359375 0.39609375 0.0296875 0.0703125
2 0.26328125 0.1796875 0.0625 0.1078125
2 0.328125 0.140625 0.0625 0.0859375
9 0.17265625 0.1546875 0.0796875 0.128125
9 0.6671875 0.79296875 0.084375 0.1515625
9 0.66015625 0.92578125 0.096875 0.1296875
4 0.59296875 0.33828125 0.0234375 0.05625
9 0.62890625 0.184375 0.0625 0.14375
9 0.66640625 0.23046875 0.059375 0.146875
2 0.67890625 0.06484375 0.0546875 0.1265625
9 0.71640625 0.090625 0.059375 0.121875