2 0.28828125 0.2296875 0.0703125 0.1109375
2 0.35703125 0.15546875 0.06875 0.084375
9 0.19140625 0.18984375 0.06875 0.1171875
9 0.05078125 0.06796875 0.06875 0.1171875
2 0.44453125 0.61875 0.0640625 0.1046875
9 0.45703125 0.48203125 0.078125 0.1390625
4 0.51953125 0.45546875 0.03125 0.05625
4 0.59453125 0.33828125 0.0265625 0.05625
9 0.63046875 0.1859375 0.065625 0.13125
9 0.66796875 0.24140625 0.0609375 0.1546875
2 0.67890625 0.06640625 0.0546875 0.121875
9 0.71640625 0.09375 0.059375 0.1390625
9 0.6984375 0.8484375 0.090625 0.15625