2 0.24453125 0.2703125 0.0890625 0.121875
2 0.29921875 0.18515625 0.08125 0.0953125
9 0.1421875 0.2484375 0.0875 0.1265625
9 0.021875 0.15234375 0.04375 0.1265625
2 0.465625 0.6265625 0.0796875 0.1140625
9 0.4546875 0.48984375 0.1 0.15
4 0.51171875 0.453125 0.040625 0.059375
4 0.56484375 0.32421875 0.0359375 0.0609375
9 0.57421875 0.16796875 0.0859375 0.140625
9 0.6203125 0.21640625 0.0859375 0.1625
2 0.6 0.053125 0.075 0.10625
9 0.6421875 0.06796875 0.08125 0.1359375
9 0.75625 0.80859375 0.115625 0.16875