2 0.17578125 0.184375 0.0625 0.10625
9 0.22890625 0.11796875 0.0828125 0.1546875
4 0.22578125 0.03046875 0.028125 0.05
2 0.31015625 0.73125 0.040625 0.1375
9 0.31953125 0.38046875 0.078125 0.128125
9 0.41953125 0.41640625 0.084375 0.134375
4 0.59453125 0.34296875 0.034375 0.0515625
9 0.63203125 0.18515625 0.065625 0.1453125
9 0.66953125 0.23671875 0.071875 0.1296875
2 0.67890625 0.065625 0.059375 0.1203125
9 0.71640625 0.090625 0.0640625 0.134375
9 0.61015625 0.5796875 0.08125 0.1375
2 0.58515625 0.81875 0.08125 0.1265625