2 0.7890625 0.15234375 0.0734375 0.1109375
9 0.7296875 0.09140625 0.0984375 0.1609375
4 0.72265625 0.015625 0.0328125 0.03125
2 0.71328125 0.71015625 0.05625 0.140625
9 0.6671875 0.3625 0.0921875 0.1359375
9 0.57109375 0.40859375 0.0984375 0.1421875
4 0.38984375 0.35390625 0.0390625 0.0546875
9 0.3359375 0.20078125 0.0796875 0.15
9 0.30390625 0.25625 0.084375 0.1359375
2 0.2765625 0.08671875 0.0703125 0.125
9 0.2421875 0.115625 0.0765625 0.1390625
9 0.3984375 0.590625 0.0953125 0.14375
2 0.4484375 0.82578125 0.09375 0.1328125