2 0.02421875 0.54375 0.046875 0.046875
2 0.16171875 0.575 0.046875 0.0515625
2 0.37734375 0.3875 0.046875 0.046875
2 0.38984375 0.78125 0.03125 0.0734375
2 0.33984375 0.85 0.0296875 0.071875
2 0.61796875 0.11640625 0.03125 0.0890625
2 0.66015625 0.08359375 0.0265625 0.0859375
2 0.67890625 0.1375 0.028125 0.0734375
2 0.70390625 0.04375 0.028125 0.08125
4 0.60390625 0.196875 0.0171875 0.0421875
4 0.68125 0.2125 0.0125 0.0328125
4 0.371875 0.71640625 0.009375 0.034375
4 0.4515625 0.64765625 0.0140625 0.040625
4 0.328125 0.796875 0.0125 0.028125
4 0.31875 0.83046875 0.0109375 0.0296875
4 0.30859375 0.86328125 0.0109375 0.0328125
4 0.69296875 0.175 0.009375 0.0359375
4 0.703125 0.13125 0.0109375 0.0359375
9 0.78515625 0.58125 0.05625 0.046875
9 0.68046875 0.675 0.05 0.040625
9 0.68671875 0.625 0.0578125 0.034375
9 0.88671875 0.690625 0.053125 0.05
9 0.971875 0.59375 0.0546875 0.0484375
9 0.3328125 0.58046875 0.0546875 0.040625
2 0.37734375 0.278125 0.0515625 0.0421875
9 0.13515625 0.35 0.05625 0.0421875
0 0.2796875 0.2625 0.0890625 0.0546875
12 0.25703125 0.35625 0.1703125 0.0765625
10 0.390625 0.88046875 0.0859375 0.2390625
4 0.3484375 0.7765625 0.0203125 0.0390625
4 0.30078125 0.90625 0.0265625 0.0546875