2 0.028125 0.42734375 0.05625 0.05625
2 0.15390625 0.490625 0.0578125 0.0609375
2 0.40859375 0.3609375 0.05625 0.05625
2 0.325 0.74609375 0.0484375 0.078125
2 0.26015625 0.80078125 0.0453125 0.0765625
2 0.70703125 0.15625 0.0515625 0.09375
2 0.75625 0.134375 0.0453125 0.0890625
2 0.7609375 0.19140625 0.0453125 0.078125
2 0.80859375 0.10625 0.046875 0.0859375
4 0.67421875 0.23125 0.0265625 0.04375
4 0.7453125 0.26484375 0.0203125 0.034375
4 0.3234375 0.67890625 0.0171875 0.034375
4 0.4171875 0.63125 0.0234375 0.0421875
4 0.26171875 0.74609375 0.01875 0.0296875
4 0.24453125 0.7765625 0.0171875 0.03125
4 0.2265625 0.80625 0.0171875 0.034375
4 0.765625 0.23125 0.0171875 0.0375
4 0.7859375 0.19140625 0.01875 0.0375
9 0.75703125 0.64765625 0.065625 0.059375
9 0.6328125 0.71328125 0.0578125 0.0515625
9 0.65078125 0.66640625 0.0640625 0.046875
9 0.82890625 0.77890625 0.0625 0.0609375
9 0.93515625 0.70546875 0.0640625 0.0609375
9 0.31796875 0.5375 0.0625 0.053125
2 0.434375 0.2546875 0.059375 0.053125
9 0.18203125 0.26640625 0.0640625 0.0546875
0 0.34375 0.21640625 0.1 0.0734375
12 0.29921875 0.3015625 0.1828125 0.115625
10 0.3015625 0.84296875 0.140625 0.2515625
4 0.2859375 0.73203125 0.0296875 0.0421875
4 0.20859375 0.84609375 0.0375 0.0578125