9 0.54921875 0.09453125 0.0609375 0.1078125
2 0.32265625 0.334375 0.0609375 0.0515625
9 0.26171875 0.3921875 0.0609375 0.04375
9 0.10078125 0.465625 0.065625 0.05
9 0.15625 0.3546875 0.0625 0.053125
9 0.04765625 0.365625 0.0671875 0.053125
9 0.42265625 0.84765625 0.0609375 0.1109375
9 0.7140625 0.53046875 0.0609375 0.0578125
9 0.77109375 0.52578125 0.0609375 0.0515625
9 0.703125 0.5984375 0.0625 0.05
9 0.7109375 0.646875 0.059375 0.05
9 0.77421875 0.63671875 0.059375 0.05625
9 0.778125 0.5796875 0.0625 0.05625
9 0.85078125 0.57890625 0.0703125 0.0609375
9 0.846875 0.63359375 0.0640625 0.05625
9 0.909375 0.56484375 0.0609375 0.0578125
9 0.9140625 0.62265625 0.0578125 0.0546875
9 0.98125 0.50625 0.0375 0.05625
9 0.8140625 0.78828125 0.0640625 0.0625
2 0.334375 0.38359375 0.0546875 0.046875
2 0.34453125 0.4421875 0.0515625 0.0453125
2 0.45703125 0.8625 0.0421875 0.078125
2 0.86015625 0.51796875 0.0484375 0.0515625
2 0.978125 0.6078125 0.04375 0.059375
9 0.71796875 0.9078125 0.059375 0.071875
0 0.44609375 0.5328125 0.0703125 0.090625
0 0.23984375 0.33828125 0.1015625 0.078125
12 0.2234375 0.44609375 0.184375 0.109375
12 0.078125 0.425 0.15625 0.10625
4 0.390625 0.465625 0.0265625 0.0375
4 0.34375 0.275 0.028125 0.028125
4 0.67578125 0.68828125 0.0296875 0.0296875
4 0.72265625 0.6953125 0.03125 0.0265625
4 0.80703125 0.50078125 0.0296875 0.028125
4 0.8984375 0.496875 0.0296875 0.0234375
4 0.75390625 0.68515625 0.03125 0.0453125