4 0.80234375 0.56171875 0.021875 0.0203125
4 0.89140625 0.5765625 0.0265625 0.021875
4 0.671875 0.73125 0.025 0.0234375
4 0.62890625 0.709375 0.0296875 0.0203125
4 0.54140625 0.65546875 0.015625 0.04375
4 0.4078125 0.4265625 0.021875 0.0328125
4 0.40625 0.22734375 0.025 0.0265625
9 0.19921875 0.26484375 0.053125 0.0390625
9 0.0640625 0.23828125 0.0546875 0.05
9 0.29921875 0.325 0.0515625 0.040625
2 0.3734375 0.28125 0.0484375 0.040625
9 0.12734375 0.35625 0.05625 0.0359375
9 0.7015625 0.56640625 0.0515625 0.04375
9 0.7625 0.57421875 0.053125 0.04375
9 0.7546875 0.63515625 0.059375 0.04375
9 0.67734375 0.634375 0.0546875 0.04375
9 0.67265625 0.6765625 0.0515625 0.04375
9 0.734375 0.67890625 0.0484375 0.0515625
9 0.825 0.646875 0.059375 0.0515625
9 0.809375 0.7 0.0546875 0.04375
9 0.88515625 0.64921875 0.0515625 0.034375
9 0.875 0.7 0.0515625 0.0359375
9 0.9765625 0.609375 0.046875 0.0375
9 0.93125 0.784375 0.05625 0.0390625
9 0.4265625 0.94765625 0.0328125 0.08125
9 0.34375 0.79921875 0.0359375 0.09375
12 0.25 0.365625 0.16875 0.071875
12 0.0890625 0.309375 0.178125 0.0625
0 0.29140625 0.26640625 0.090625 0.0546875
2 0.3703125 0.33046875 0.0484375 0.034375
2 0.36875 0.39375 0.0453125 0.034375
2 0.37421875 0.825 0.03125 0.0765625
2 0.85078125 0.59140625 0.0421875 0.04375
2 0.946875 0.70703125 0.0484375 0.04375
4 0.77109375 0.72890625 0.0265625 0.0359375