2 0.9078125 0.77734375 0.053125 0.046875
2 0.83125 0.64375 0.046875 0.046875
2 0.3234375 0.80078125 0.0390625 0.0796875
2 0.39765625 0.31328125 0.0453125 0.040625
2 0.38671875 0.37421875 0.05 0.0453125
4 0.4203125 0.41171875 0.0265625 0.034375
4 0.45078125 0.2140625 0.0265625 0.0234375
4 0.67734375 0.3 0.0265625 0.0453125
4 0.78828125 0.6078125 0.0234375 0.025
4 0.8734375 0.6359375 0.028125 0.028125
4 0.63203125 0.7546875 0.0265625 0.0234375
4 0.59453125 0.7265625 0.0265625 0.03125
2 0.40625 0.2609375 0.0578125 0.0484375
9 0.3296875 0.28984375 0.059375 0.046875
9 0.22734375 0.21640625 0.0578125 0.0515625
9 0.09921875 0.17421875 0.059375 0.046875
9 0.15234375 0.296875 0.0609375 0.05
9 0.3 0.771875 0.05 0.103125
9 0.55546875 0.49375 0.05 0.0984375
9 0.68828125 0.59921875 0.059375 0.05625
9 0.746875 0.61328125 0.05625 0.0515625
9 0.65703125 0.65859375 0.059375 0.046875
9 0.72734375 0.6703125 0.0578125 0.05
9 0.7984375 0.6953125 0.0640625 0.05625
9 0.85703125 0.70859375 0.053125 0.0515625
9 0.95234375 0.68515625 0.0546875 0.0515625
9 0.771875 0.7453125 0.065625 0.053125
9 0.70390625 0.71484375 0.059375 0.053125
9 0.640625 0.69921875 0.059375 0.0515625
9 0.8375 0.75625 0.0609375 0.0484375
0 0.328125 0.2375 0.09375 0.065625
12 0.2734375 0.325 0.175 0.0953125
12 0.1203125 0.24765625 0.1765625 0.084375
4 0.78203125 0.7859375 0.0328125 0.040625