4 0.7859375 0.684375 0.03125 0.0375
4 0.7078125 0.6984375 0.0265625 0.025
4 0.6640625 0.6828125 0.0234375 0.0265625
4 0.54921875 0.83828125 0.01875 0.040625
4 0.3953125 0.4421875 0.0265625 0.0375
4 0.36171875 0.2453125 0.025 0.03125
4 0.80859375 0.5078125 0.0296875 0.03125
4 0.89765625 0.5078125 0.028125 0.0296875
0 0.2515625 0.303125 0.0953125 0.0703125
12 0.2296875 0.40859375 0.18125 0.1015625
12 0.07890625 0.38515625 0.1578125 0.0984375
9 0.034375 0.321875 0.0625 0.05
9 0.16640625 0.31796875 0.0640625 0.05625
9 0.10625 0.42265625 0.059375 0.0484375
2 0.3359375 0.30625 0.065625 0.0546875
9 0.7109375 0.53046875 0.0609375 0.0578125
9 0.771875 0.52578125 0.0578125 0.0515625
9 0.69609375 0.5984375 0.0609375 0.046875
9 0.70078125 0.6484375 0.0546875 0.0484375
9 0.76171875 0.6390625 0.0578125 0.0453125
9 0.771875 0.58984375 0.059375 0.053125
9 0.84609375 0.58828125 0.065625 0.059375
9 0.8390625 0.64296875 0.065625 0.05625
9 0.9046875 0.57578125 0.053125 0.046875
9 0.90546875 0.634375 0.05625 0.046875
9 0.8953125 0.73671875 0.0609375 0.0453125
9 0.98125 0.521875 0.0375 0.053125
9 0.40078125 0.82265625 0.05 0.1046875
0 0.54453125 0.13359375 0.0609375 0.1171875
2 0.34296875 0.35625 0.05 0.0421875
2 0.35078125 0.4140625 0.0578125 0.0484375
2 0.43359375 0.83984375 0.04375 0.078125
2 0.8609375 0.52890625 0.0484375 0.0515625
2 0.97578125 0.63046875 0.0484375 0.0515625