4 0.1953125 0.55078125 0.021875 0.021875
4 0.10625 0.5625 0.0265625 0.0234375
4 0.3203125 0.725 0.025 0.025
4 0.3640625 0.7046875 0.0296875 0.0203125
4 0.453125 0.65390625 0.0171875 0.04375
4 0.59453125 0.4296875 0.021875 0.0328125
4 0.603125 0.23046875 0.025 0.0265625
9 0.80859375 0.27578125 0.0546875 0.040625
9 0.94453125 0.25390625 0.05625 0.0515625
9 0.70703125 0.33203125 0.053125 0.0421875
2 0.634375 0.2859375 0.05 0.0421875
9 0.87734375 0.36953125 0.05625 0.0375
9 0.29609375 0.559375 0.053125 0.0453125
9 0.23515625 0.56484375 0.0546875 0.0453125
9 0.240625 0.6265625 0.0609375 0.0453125
9 0.31796875 0.628125 0.05625 0.046875
9 0.32109375 0.6703125 0.053125 0.0453125
9 0.259375 0.6703125 0.05 0.053125
9 0.1703125 0.63515625 0.0609375 0.053125
9 0.18359375 0.6890625 0.05625 0.046875
9 0.11015625 0.6359375 0.0515625 0.0359375
9 0.11796875 0.68671875 0.053125 0.0390625
9 0.02109375 0.59296875 0.0421875 0.0390625
9 0.059375 0.76953125 0.05625 0.040625
9 0.5578125 0.95 0.0359375 0.0828125
9 0.64609375 0.8046875 0.0390625 0.09375
12 0.7546875 0.37421875 0.1703125 0.078125
12 0.91328125 0.3234375 0.1734375 0.06875
0 0.71640625 0.27421875 0.0921875 0.0578125
2 0.63515625 0.33515625 0.05 0.0359375
2 0.63515625 0.3984375 0.046875 0.0359375
2 0.6140625 0.82890625 0.0328125 0.0765625
2 0.14609375 0.57890625 0.0421875 0.0453125
2 0.04609375 0.69140625 0.05 0.0453125
4 0.22109375 0.71953125 0.028125 0.0375