4 0.13984375 0.803125 0.028125 0.034375
9 0.309375 0.5953125 0.0578125 0.053125
9 0.33984375 0.65546875 0.059375 0.053125
9 0.24921875 0.61328125 0.0609375 0.053125
9 0.26796875 0.665625 0.0609375 0.0546875
9 0.35390625 0.703125 0.0546875 0.0453125
9 0.29140625 0.71328125 0.0578125 0.053125
9 0.19765625 0.68984375 0.0671875 0.0546875
9 0.221875 0.73984375 0.0640625 0.053125
9 0.1390625 0.69921875 0.0546875 0.0453125
9 0.153125 0.7515625 0.059375 0.046875
9 0.69453125 0.77578125 0.0484375 0.1015625
9 0.85078125 0.30078125 0.0609375 0.0421875
9 0.78203125 0.21875 0.0578125 0.05
9 0.9078125 0.1796875 0.0609375 0.0453125
2 0.59609375 0.26484375 0.05625 0.0453125
9 0.675 0.29609375 0.059375 0.05
0 0.6765625 0.2390625 0.0984375 0.065625
12 0.73046875 0.3296875 0.1796875 0.1015625
12 0.88125 0.25 0.18125 0.084375
2 0.6046875 0.3140625 0.05 0.04375
2 0.61484375 0.37421875 0.0484375 0.0421875
2 0.8234375 0.54140625 0.0546875 0.04375
2 0.66953125 0.80390625 0.0359375 0.0765625
2 0.16484375 0.6375 0.046875 0.0421875
2 0.08515625 0.76953125 0.05 0.0453125
9 0.04375 0.67890625 0.0515625 0.0453125
4 0.12265625 0.6328125 0.028125 0.025
4 0.209375 0.6 0.0265625 0.0265625
4 0.553125 0.21796875 0.0265625 0.025
4 0.58203125 0.4140625 0.025 0.0375
4 0.4 0.7234375 0.0234375 0.0265625
4 0.36328125 0.75234375 0.025 0.025