4 0.19140625 0.49765625 0.0265625 0.025
4 0.1015625 0.49375 0.0296875 0.0265625
4 0.28359375 0.690625 0.028125 0.028125
4 0.33046875 0.678125 0.0328125 0.025
4 0.42734375 0.64375 0.025 0.0453125
4 0.60546875 0.44765625 0.0265625 0.0359375
4 0.6484375 0.253125 0.0296875 0.0296875
9 0.84296875 0.3328125 0.059375 0.05
9 0.97421875 0.334375 0.0515625 0.059375
9 0.7328125 0.3703125 0.059375 0.05
2 0.66953125 0.3125 0.05625 0.05
9 0.89453125 0.43671875 0.0625 0.046875
9 0.2890625 0.5234375 0.059375 0.053125
9 0.228125 0.51796875 0.0609375 0.053125
9 0.22265625 0.57890625 0.0671875 0.0546875
9 0.2984375 0.59453125 0.0625 0.0546875
9 0.29453125 0.63671875 0.0609375 0.053125
9 0.23359375 0.6265625 0.0578125 0.0609375
9 0.1515625 0.57578125 0.06875 0.0625
9 0.15546875 0.63125 0.0625 0.0546875
9 0.0921875 0.565625 0.05625 0.04375
9 0.09140625 0.61796875 0.0578125 0.046875
9 0.01875 0.5078125 0.0375 0.046875
9 0.025 0.6875 0.05 0.05
9 0.47890625 0.953125 0.0484375 0.0859375
9 0.590625 0.825 0.0546875 0.0984375
12 0.77265625 0.4203125 0.1796875 0.1046875
12 0.9234375 0.39921875 0.153125 0.0984375
0 0.75234375 0.31484375 0.1 0.071875
2 0.66171875 0.3609375 0.0546875 0.04375
2 0.65078125 0.4234375 0.0515625 0.04375
2 0.55546875 0.84375 0.0453125 0.0796875
2 0.1375 0.51640625 0.05 0.0515625
2 0.0234375 0.60859375 0.046875 0.0515625
4 0.1875 0.6671875 0.034375 0.0421875