4 0.20234375 0.72578125 0.0265625 0.034375
9 0.2984375 0.565625 0.05 0.05
9 0.23671875 0.5703125 0.053125 0.04375
9 0.31796875 0.628125 0.05625 0.0421875
9 0.2453125 0.6296875 0.0546875 0.0453125
9 0.17421875 0.6453125 0.059375 0.0515625
9 0.11484375 0.64140625 0.0546875 0.04375
9 0.121875 0.69375 0.0515625 0.0375
9 0.02421875 0.603125 0.0484375 0.040625
9 0.19140625 0.69296875 0.0609375 0.04375
9 0.2625 0.67734375 0.05 0.04375
9 0.32578125 0.67734375 0.0515625 0.0421875
2 0.63203125 0.284375 0.0546875 0.04375
9 0.70390625 0.328125 0.0546875 0.0390625
9 0.87734375 0.36171875 0.05625 0.04375
9 0.8125 0.26640625 0.0546875 0.046875
9 0.9484375 0.24921875 0.05625 0.04375
9 0.65078125 0.80390625 0.0375 0.1015625
9 0.50703125 0.72265625 0.0359375 0.0875
0 0.71328125 0.26875 0.0890625 0.0609375
12 0.91171875 0.3140625 0.1765625 0.071875
12 0.7515625 0.3703125 0.1703125 0.0765625
2 0.63359375 0.3328125 0.04375 0.0359375
2 0.634375 0.39453125 0.0484375 0.040625
2 0.62109375 0.82890625 0.0296875 0.078125
2 0.15 0.58359375 0.0421875 0.040625
2 0.05 0.70078125 0.0484375 0.040625
4 0.1078125 0.5734375 0.0265625 0.0265625
4 0.19765625 0.55234375 0.0234375 0.021875
4 0.3671875 0.70546875 0.0234375 0.0265625
4 0.32578125 0.72265625 0.028125 0.03125
4 0.4078125 0.4609375 0.01875 0.0328125
4 0.59375 0.43125 0.021875 0.0296875
4 0.59609375 0.23203125 0.0296875 0.0328125