4 0.715625 0.71796875 0.0265625 0.040625
4 0.8921875 0.5625 0.025 0.025
4 0.80078125 0.55390625 0.021875 0.021875
4 0.68203125 0.73125 0.0265625 0.0265625
4 0.6375 0.709375 0.025 0.0234375
4 0.3984375 0.44296875 0.021875 0.034375
4 0.38984375 0.25078125 0.0234375 0.0203125
9 0.6140625 0.1328125 0.0421875 0.09375
9 0.36171875 0.82265625 0.0421875 0.0953125
9 0.70390625 0.5671875 0.053125 0.053125
9 0.7640625 0.56875 0.05625 0.0453125
9 0.67890625 0.63125 0.059375 0.0421875
9 0.675 0.67890625 0.0515625 0.0421875
9 0.7578125 0.62578125 0.0578125 0.04375
9 0.74453125 0.67734375 0.0546875 0.046875
9 0.8171875 0.6875 0.0609375 0.0484375
9 0.83046875 0.63671875 0.065625 0.0484375
9 0.8890625 0.63125 0.05625 0.0421875
9 0.88515625 0.684375 0.053125 0.040625
9 0.97734375 0.58828125 0.0453125 0.0390625
2 0.35625 0.303125 0.0546875 0.0390625
9 0.28359375 0.34765625 0.0546875 0.040625
9 0.11328125 0.390625 0.0578125 0.0453125
9 0.18515625 0.2953125 0.0546875 0.046875
9 0.08359375 0.284375 0.0578125 0.05
2 0.35625 0.353125 0.046875 0.0421875
2 0.35859375 0.41484375 0.046875 0.0421875
2 0.39296875 0.84296875 0.034375 0.075
2 0.85234375 0.57578125 0.0453125 0.04375
2 0.95703125 0.6875 0.046875 0.046875
0 0.27265625 0.290625 0.0921875 0.0609375
0 0.3703125 0.59375 0.0625 0.08125
12 0.2359375 0.3890625 0.1734375 0.084375
12 0.08515625 0.34765625 0.1703125 0.0671875
2 0.85234375 0.01328125 0.0390625 0.0265625
9 0.6765625 0.90703125 0.0578125 0.0640625