2 0.640625 0.93046875 0.0484375 0.0578125
2 0.484375 0.3375 0.0296875 0.078125
2 0.3765625 0.3875 0.046875 0.0421875
2 0.6171875 0.115625 0.0359375 0.0875
2 0.65859375 0.08125 0.03125 0.0859375
2 0.68125 0.134375 0.0296875 0.071875
2 0.70546875 0.04609375 0.03125 0.0796875
2 0.38125 0.27578125 0.0546875 0.0375
9 0.1328125 0.35390625 0.053125 0.0515625
9 0.41484375 0.56875 0.03125 0.090625
9 0.43203125 0.63125 0.03125 0.0828125
9 0.34609375 0.83984375 0.0359375 0.0859375
9 0.37890625 0.82734375 0.03125 0.0859375
9 0.40859375 0.83828125 0.034375 0.0921875
9 0.73984375 0.66875 0.05625 0.04375
9 0.678125 0.66953125 0.05 0.04375
9 0.6875 0.621875 0.0609375 0.0390625
9 0.709375 0.56015625 0.0515625 0.0515625
9 0.76875 0.565625 0.05625 0.05
9 0.5171875 0.3140625 0.034375 0.0828125
10 0.48046875 0.603125 0.096875 0.2375
0 0.27734375 0.26171875 0.0921875 0.0765625
12 0.26015625 0.3609375 0.1734375 0.0703125
4 0.603125 0.190625 0.0203125 0.0375
4 0.68203125 0.20625 0.0171875 0.03125
4 0.69375 0.1796875 0.0125 0.03125
4 0.7046875 0.13125 0.0109375 0.04375
4 0.85 0.5625 0.0234375 0.0296875
4 0.44375 0.39375 0.0109375 0.0359375
4 0.41484375 0.49453125 0.0171875 0.05
4 0.490625 0.221875 0.015625 0.0375
4 0.51796875 0.13515625 0.0203125 0.0359375
4 0.3859375 0.60625 0.0234375 0.0578125