9 0.64609375 0.11875 0.0375 0.1015625
2 0.36796875 0.29609375 0.053125 0.040625
9 0.2953125 0.3375 0.0546875 0.03125
9 0.12109375 0.3703125 0.059375 0.0375
9 0.2015625 0.27578125 0.0546875 0.040625
9 0.09375 0.26015625 0.059375 0.040625
9 0.340625 0.81875 0.0359375 0.1046875
9 0.7 0.58125 0.0515625 0.046875
9 0.75703125 0.590625 0.053125 0.0390625
9 0.6734375 0.64453125 0.05625 0.0390625
9 0.66875 0.69375 0.0515625 0.0390625
9 0.7328125 0.69921875 0.0515625 0.0453125
9 0.75078125 0.64453125 0.0515625 0.0453125
9 0.82109375 0.66171875 0.0609375 0.0484375
9 0.8046875 0.71328125 0.05625 0.04375
9 0.88125 0.66171875 0.0515625 0.046875
9 0.871875 0.71875 0.05 0.04375
9 0.975 0.625 0.0484375 0.046875
9 0.73515625 0.85546875 0.0546875 0.0515625
2 0.3671875 0.346875 0.0484375 0.0359375
2 0.36328125 0.40625 0.0453125 0.0359375
2 0.3703125 0.84140625 0.025 0.075
2 0.8453125 0.6046875 0.0390625 0.04375
2 0.94375 0.721875 0.04375 0.05
9 0.6125 0.9484375 0.0453125 0.0640625
0 0.43984375 0.51875 0.053125 0.08125
0 0.28671875 0.28046875 0.090625 0.059375
12 0.24453125 0.38046875 0.1734375 0.0703125
12 0.0921875 0.321875 0.1828125 0.0640625
4 0.40234375 0.43984375 0.0203125 0.034375
4 0.403125 0.24375 0.0234375 0.0234375
4 0.625 0.725 0.025 0.025
4 0.66875 0.74375 0.0265625 0.0203125
4 0.79765625 0.575 0.025 0.0234375
4 0.8875 0.59375 0.0265625 0.01875
4 0.7015625 0.74140625 0.0234375 0.0421875