2 0.94609375 0.71015625 0.0484375 0.040625
2 0.84921875 0.58984375 0.0421875 0.040625
2 0.37265625 0.825 0.028125 0.0765625
2 0.36953125 0.33125 0.040625 0.034375
2 0.36875 0.39375 0.0453125 0.0390625
4 0.4078125 0.425 0.0234375 0.03125
4 0.40625 0.225 0.025 0.0203125
4 0.64375 0.275 0.0203125 0.04375
4 0.8015625 0.56171875 0.0203125 0.021875
4 0.88984375 0.57578125 0.025 0.025
4 0.6703125 0.73125 0.0234375 0.0203125
4 0.62890625 0.70859375 0.0234375 0.028125
2 0.3703125 0.278125 0.053125 0.040625
9 0.29921875 0.31875 0.0546875 0.0390625
9 0.1859375 0.2625 0.0515625 0.04375
9 0.053125 0.240625 0.0546875 0.0390625
9 0.125 0.35390625 0.05625 0.040625
9 0.3453125 0.8 0.0359375 0.0984375
9 0.55390625 0.48515625 0.0359375 0.0953125
9 0.7015625 0.56875 0.0515625 0.05
9 0.76171875 0.5734375 0.05 0.04375
9 0.6796875 0.63203125 0.0546875 0.0390625
9 0.7515625 0.6328125 0.0515625 0.04375
9 0.825 0.64609375 0.0578125 0.0484375
9 0.88515625 0.65 0.046875 0.04375
9 0.97578125 0.6125 0.0484375 0.04375
9 0.80703125 0.7 0.059375 0.04375
9 0.73515625 0.68046875 0.053125 0.046875
9 0.6703125 0.675 0.0515625 0.04375
9 0.8734375 0.7 0.0546875 0.040625
0 0.2890625 0.26796875 0.0859375 0.053125
12 0.24921875 0.3625 0.1671875 0.0703125
12 0.08515625 0.31015625 0.1703125 0.059375
4 0.8234375 0.73828125 0.028125 0.0375