4 0.8984375 0.75 0.0234375 0.0328125
9 0.70234375 0.56796875 0.0515625 0.046875
9 0.68046875 0.63125 0.053125 0.046875
9 0.7640625 0.57734375 0.0546875 0.0453125
9 0.753125 0.63203125 0.0546875 0.046875
9 0.67265625 0.68125 0.05 0.0390625
9 0.7359375 0.68203125 0.0515625 0.046875
9 0.82578125 0.64609375 0.0609375 0.046875
9 0.80859375 0.69921875 0.059375 0.046875
9 0.88515625 0.646875 0.05 0.0390625
9 0.878125 0.70078125 0.0546875 0.0390625
9 0.34609375 0.8 0.0359375 0.0984375
9 0.125 0.3515625 0.05625 0.0359375
9 0.18125 0.2609375 0.053125 0.04375
9 0.0515625 0.23984375 0.0578125 0.0375
2 0.371875 0.28046875 0.0515625 0.0390625
9 0.2984375 0.32265625 0.0546875 0.04375
0 0.2890625 0.26640625 0.0921875 0.053125
12 0.2484375 0.36328125 0.1703125 0.0796875
12 0.0875 0.30546875 0.175 0.0609375
2 0.3703125 0.33046875 0.0453125 0.0390625
2 0.36875 0.39140625 0.04375 0.0375
2 0.18515625 0.5859375 0.05 0.0375
2 0.37421875 0.82421875 0.0265625 0.0734375
2 0.85078125 0.58984375 0.0421875 0.0375
2 0.9484375 0.709375 0.0453125 0.0390625
9 0.9765625 0.6140625 0.046875 0.0390625
4 0.8921875 0.57890625 0.025 0.021875
4 0.8015625 0.55859375 0.0234375 0.025
4 0.4078125 0.228125 0.0234375 0.021875
4 0.40703125 0.4265625 0.0203125 0.0359375
4 0.6296875 0.70703125 0.0203125 0.0234375
4 0.6703125 0.73125 0.0234375 0.021875