4 0.7609375 0.71796875 0.0265625 0.0359375
4 0.68203125 0.721875 0.0234375 0.0234375
4 0.640625 0.7015625 0.021875 0.025
4 0.5078125 0.84140625 0.0140625 0.0390625
4 0.403125 0.4296875 0.0234375 0.034375
4 0.39375 0.23046875 0.021875 0.0296875
4 0.80546875 0.5453125 0.0265625 0.028125
4 0.89375 0.55625 0.025 0.0265625
0 0.278125 0.27421875 0.0890625 0.059375
12 0.24296875 0.3765625 0.1734375 0.0828125
12 0.08671875 0.3328125 0.1734375 0.078125
9 0.06015625 0.26640625 0.0578125 0.04375
9 0.19140625 0.278125 0.059375 0.05
9 0.11875 0.375 0.05625 0.0421875
2 0.3609375 0.2875 0.059375 0.0484375
9 0.70546875 0.55546875 0.05625 0.053125
9 0.76640625 0.55859375 0.053125 0.046875
9 0.68203125 0.621875 0.0578125 0.040625
9 0.68125 0.671875 0.05 0.04375
9 0.74296875 0.66953125 0.0546875 0.040625
9 0.759375 0.62265625 0.0546875 0.046875
9 0.8328125 0.6296875 0.0609375 0.0515625
9 0.81953125 0.68359375 0.0609375 0.0484375
9 0.8921875 0.62421875 0.0484375 0.0421875
9 0.8859375 0.68203125 0.053125 0.0421875
9 0.8640625 0.7828125 0.0578125 0.0390625
9 0.97890625 0.58125 0.0421875 0.046875
9 0.36171875 0.80859375 0.0390625 0.1015625
0 0.5890625 0.14140625 0.0484375 0.1140625
2 0.36171875 0.33828125 0.046875 0.0375
2 0.3625 0.39609375 0.053125 0.04375
2 0.39296875 0.8296875 0.034375 0.075
2 0.85546875 0.57265625 0.04375 0.046875
2 0.9578125 0.6890625 0.0484375 0.046875