4 0.67421875 0.73125 0.0265625 0.0234375
4 0.63046875 0.70703125 0.025 0.03125
4 0.8015625 0.55859375 0.0234375 0.0234375
4 0.89140625 0.57734375 0.028125 0.028125
4 0.40703125 0.225 0.0234375 0.0265625
4 0.4078125 0.42578125 0.0234375 0.0328125
9 0.18046875 0.26015625 0.05625 0.04375
9 0.3 0.3203125 0.0578125 0.0390625
2 0.3734375 0.27890625 0.053125 0.040625
9 0.125 0.35625 0.05625 0.046875
9 0.05234375 0.2421875 0.053125 0.040625
9 0.3453125 0.80546875 0.0359375 0.096875
9 0.61875 0.24375 0.0328125 0.1
9 0.703125 0.56875 0.0484375 0.04375
9 0.7640625 0.575 0.0546875 0.0390625
9 0.68046875 0.6328125 0.0578125 0.04375
9 0.67265625 0.68125 0.0515625 0.0359375
9 0.7359375 0.68203125 0.0515625 0.04375
9 0.82421875 0.65078125 0.059375 0.0515625
9 0.809375 0.7 0.059375 0.04375
9 0.87421875 0.7046875 0.0515625 0.0359375
9 0.88359375 0.64765625 0.05 0.0359375
9 0.97578125 0.61640625 0.046875 0.04375
4 0.7015625 0.07265625 0.0203125 0.0484375
2 0.3765625 0.8234375 0.0296875 0.06875
2 0.09296875 0.56875 0.0453125 0.0390625
2 0.3703125 0.33203125 0.0453125 0.0421875
2 0.3703125 0.39375 0.0515625 0.040625
2 0.8515625 0.59140625 0.0421875 0.0390625
2 0.94921875 0.7125 0.04375 0.0515625
4 0.8578125 0.74375 0.0234375 0.0390625
12 0.24921875 0.3640625 0.171875 0.0765625
12 0.08671875 0.31171875 0.1734375 0.071875
0 0.290625 0.26484375 0.0890625 0.065625