4 0.6859375 0.721875 0.0265625 0.025
4 0.64140625 0.7 0.025 0.03125
4 0.80390625 0.54296875 0.025 0.025
4 0.89453125 0.55703125 0.0296875 0.0296875
4 0.39296875 0.23046875 0.025 0.0265625
4 0.40390625 0.43046875 0.025 0.034375
9 0.16796875 0.27734375 0.059375 0.046875
9 0.290625 0.33125 0.059375 0.0421875
2 0.36171875 0.2859375 0.0546875 0.04375
9 0.11796875 0.37578125 0.0578125 0.0484375
9 0.03984375 0.265625 0.0546875 0.04375
9 0.36171875 0.81328125 0.040625 0.0984375
9 0.60546875 0.2375 0.0375 0.1015625
9 0.70625 0.5578125 0.05 0.046875
9 0.76796875 0.5609375 0.05625 0.0421875
9 0.6875 0.6234375 0.059375 0.0453125
9 0.68203125 0.671875 0.053125 0.0375
9 0.7453125 0.66953125 0.053125 0.046875
9 0.83203125 0.63359375 0.0625 0.053125
9 0.81953125 0.68359375 0.0609375 0.046875
9 0.884375 0.68515625 0.053125 0.0390625
9 0.890625 0.62734375 0.0515625 0.0390625
9 0.978125 0.590625 0.04375 0.046875
4 0.67890625 0.0625 0.0234375 0.0484375
2 0.39375 0.8296875 0.0328125 0.0703125
2 0.096875 0.58984375 0.046875 0.040625
2 0.36171875 0.3390625 0.046875 0.04375
2 0.36484375 0.40078125 0.053125 0.04375
2 0.85625 0.57265625 0.04375 0.040625
2 0.959375 0.6890625 0.046875 0.0546875
4 0.8703125 0.725 0.025 0.040625
12 0.2421875 0.37734375 0.175 0.084375
12 0.0828125 0.3328125 0.165625 0.08125
0 0.27890625 0.27578125 0.0921875 0.0703125