12 0.89453125 0.28984375 0.1921875 0.0703125
12 0.74453125 0.35 0.175 0.084375
0 0.68984375 0.26328125 0.0890625 0.0625
0 0.97421875 0.5875 0.0515625 0.059375
10 0.6515625 0.9203125 0.06875 0.1484375
9 0.6734375 0.79609375 0.040625 0.0984375
2 0.5953125 0.28203125 0.0546875 0.046875
9 0.6828125 0.31484375 0.0578125 0.040625
9 0.7859375 0.253125 0.0578125 0.046875
9 0.34375 0.1578125 0.0390625 0.0953125
9 0.30546875 0.58671875 0.053125 0.0484375
9 0.2453125 0.59453125 0.0515625 0.046875
9 0.2890625 0.6453125 0.053125 0.040625
9 0.4375 0.62265625 0.053125 0.04375
9 0.475 0.67109375 0.0515625 0.0390625
9 0.35859375 0.6828125 0.05625 0.0453125
9 0.23984375 0.71015625 0.0625 0.0515625
9 0.19140625 0.66953125 0.059375 0.0484375
9 0.1296875 0.67265625 0.0546875 0.046875
9 0.04609375 0.64765625 0.0546875 0.0453125
9 0.13984375 0.725 0.0515625 0.04375
9 0.86953125 0.33671875 0.05625 0.0421875
9 0.87578125 0.2328125 0.059375 0.0453125
2 0.6296875 0.390625 0.0484375 0.0453125
2 0.503125 0.35390625 0.04375 0.04375
2 0.646875 0.8234375 0.034375 0.078125
2 0.15859375 0.61171875 0.046875 0.040625
2 0.06875 0.73515625 0.0484375 0.0453125
4 0.115625 0.60234375 0.0265625 0.0296875
4 0.2078125 0.578125 0.025 0.021875
4 0.42109375 0.7171875 0.0234375 0.0203125
4 0.57109375 0.6828125 0.0265625 0.0265625
4 0.4484375 0.2796875 0.021875 0.0234375
4 0.59296875 0.4265625 0.0203125 0.028125
4 0.35 0.7296875 0.0265625 0.0390625