10 0.03359375 0.23984375 0.0671875 0.0609375
0 0.3359375 0.278125 0.0875 0.0578125
10 0.38984375 0.896875 0.0765625 0.20625
2 0.37578125 0.83125 0.0328125 0.08125
2 0.36484375 0.39609375 0.0453125 0.034375
2 0.58828125 0.3640625 0.04375 0.0375
2 0.846875 0.5875 0.0421875 0.04375
2 0.93671875 0.7046875 0.0421875 0.040625
9 0.77734375 0.64140625 0.0625 0.05
9 0.88515625 0.64375 0.0546875 0.0421875
9 0.9421875 0.62109375 0.05625 0.0515625
9 0.76015625 0.575 0.053125 0.04375
9 0.70078125 0.56953125 0.05 0.05
9 0.70390625 0.68359375 0.0578125 0.053125
9 0.653125 0.61875 0.053125 0.040625
9 0.5515625 0.665625 0.05625 0.046875
9 0.46640625 0.60703125 0.0546875 0.0484375
9 0.34375 0.803125 0.0375 0.09375
9 0.40390625 0.6546875 0.0546875 0.0453125
2 0.4421875 0.290625 0.0546875 0.0390625
9 0.3640625 0.33359375 0.05625 0.0390625
9 0.1171875 0.36328125 0.053125 0.040625
9 0.2015625 0.27265625 0.0546875 0.046875
9 0.11015625 0.25703125 0.0578125 0.0421875
9 0.63046875 0.14453125 0.0390625 0.1
4 0.4015625 0.4265625 0.0234375 0.0328125
4 0.65703125 0.29609375 0.021875 0.034375
4 0.27265625 0.6640625 0.025 0.01875
4 0.49765625 0.7 0.025 0.03125
4 0.890625 0.57421875 0.0265625 0.0265625
4 0.7984375 0.55703125 0.0265625 0.0203125
12 0.24140625 0.37265625 0.171875 0.0734375
12 0.0921875 0.3125 0.184375 0.06875
4 0.59921875 0.7109375 0.021875 0.040625