2 0.596875 0.84609375 0.0375 0.078125
2 0.14453125 0.5671875 0.04375 0.0453125
2 0.0359375 0.67734375 0.046875 0.04375
2 0.60859375 0.3484375 0.0484375 0.04375
2 0.64140625 0.41015625 0.0484375 0.0421875
2 0.04296875 0.16484375 0.0359375 0.0671875
2 0.64765625 0.3 0.0546875 0.0390625
9 0.71640625 0.34375 0.053125 0.040625
9 0.815625 0.29765625 0.0578125 0.040625
9 0.90859375 0.290625 0.059375 0.04375
9 0.88671875 0.39609375 0.059375 0.05
9 0.38984375 0.14453125 0.04375 0.1078125
9 0.2953125 0.55703125 0.0515625 0.05
9 0.23125 0.56015625 0.0546875 0.0453125
9 0.340625 0.6234375 0.05625 0.0515625
9 0.3578125 0.66796875 0.053125 0.0421875
9 0.26796875 0.66796875 0.0546875 0.0484375
9 0.2390625 0.615625 0.0546875 0.0484375
9 0.1625 0.62734375 0.0625 0.0515625
9 0.1765625 0.67890625 0.0625 0.05
9 0.1046875 0.62265625 0.0546875 0.04375
9 0.109375 0.6765625 0.05625 0.05
9 0.0203125 0.57734375 0.040625 0.0484375
9 0.62890625 0.82265625 0.0453125 0.096875
0 0.7828125 0.65625 0.06875 0.0609375
0 0.72890625 0.29453125 0.090625 0.0640625
12 0.76328125 0.3921875 0.175 0.090625
12 0.9109375 0.35 0.178125 0.075
4 0.3265625 0.7203125 0.0265625 0.0234375
4 0.4171875 0.703125 0.0265625 0.0234375
4 0.60234375 0.44140625 0.0234375 0.0328125
4 0.565625 0.2609375 0.025 0.0171875
4 0.28046875 0.7125 0.028125 0.0359375