10 0.0359375 0.2328125 0.071875 0.059375
0 0.33984375 0.275 0.0875 0.05625
10 0.3828125 0.89609375 0.0734375 0.2078125
2 0.3703125 0.82890625 0.03125 0.08125
2 0.36640625 0.39375 0.0453125 0.034375
2 0.590625 0.365625 0.04375 0.0375
2 0.8453125 0.59375 0.0421875 0.04375
2 0.9328125 0.7125 0.0421875 0.040625
9 0.775 0.64609375 0.0609375 0.0484375
9 0.8828125 0.65078125 0.0546875 0.040625
9 0.93984375 0.62890625 0.05625 0.0515625
9 0.75859375 0.5796875 0.053125 0.04375
9 0.69921875 0.57265625 0.0484375 0.05
9 0.70078125 0.6875 0.05625 0.053125
9 0.65078125 0.62109375 0.0515625 0.040625
9 0.5484375 0.66640625 0.05625 0.0453125
9 0.46484375 0.60625 0.053125 0.046875
9 0.33828125 0.8 0.0359375 0.09375
9 0.4015625 0.653125 0.0546875 0.04375
2 0.44609375 0.28984375 0.0546875 0.0390625
9 0.3671875 0.33125 0.05625 0.0390625
9 0.11953125 0.35625 0.053125 0.0390625
9 0.20546875 0.2671875 0.053125 0.046875
9 0.11484375 0.25 0.05625 0.040625
9 0.63671875 0.146875 0.0375 0.1
4 0.403125 0.425 0.0234375 0.0328125
4 0.6609375 0.29921875 0.021875 0.0328125
4 0.26953125 0.66015625 0.025 0.01875
4 0.49453125 0.7 0.025 0.03125
4 0.8890625 0.58125 0.0265625 0.0265625
4 0.79765625 0.5625 0.0265625 0.0203125
12 0.24375 0.36796875 0.1703125 0.0703125
12 0.09375 0.30625 0.1875 0.0640625
4 0.5953125 0.7125 0.0203125 0.040625