4 0.4921875 0.26796875 0.0234375 0.0203125
4 0.40234375 0.43203125 0.021875 0.0265625
4 0.62734375 0.72421875 0.0234375 0.028125
4 0.50859375 0.6953125 0.025 0.0203125
4 0.7984375 0.56640625 0.0234375 0.0234375
4 0.8890625 0.584375 0.021875 0.021875
4 0.68671875 0.73046875 0.0265625 0.0421875
9 0.63828125 0.15234375 0.034375 0.096875
2 0.3765625 0.2875 0.0515625 0.040625
9 0.29609375 0.328125 0.0515625 0.0390625
9 0.2015625 0.26796875 0.053125 0.0359375
9 0.1140625 0.253125 0.0609375 0.046875
9 0.121875 0.3578125 0.0515625 0.040625
9 0.34140625 0.81015625 0.0375 0.10625
9 0.69921875 0.575 0.053125 0.0546875
9 0.76015625 0.57890625 0.0515625 0.0390625
9 0.8234375 0.65546875 0.059375 0.04375
9 0.88203125 0.6546875 0.0515625 0.0390625
9 0.97109375 0.6203125 0.053125 0.040625
9 0.79453125 0.70234375 0.059375 0.046875
9 0.87109375 0.70625 0.0546875 0.04375
9 0.6140625 0.6296875 0.0515625 0.040625
9 0.58671875 0.675 0.0515625 0.0484375
9 0.6890625 0.68203125 0.0515625 0.046875
2 0.4390625 0.34375 0.04375 0.0390625
2 0.36640625 0.39921875 0.04375 0.040625
2 0.3703125 0.8328125 0.0296875 0.08125
2 0.84609375 0.59453125 0.0421875 0.0421875
2 0.94296875 0.71640625 0.04375 0.0390625
0 0.11484375 0.61875 0.065625 0.0609375
0 0.290625 0.26953125 0.0890625 0.0609375
12 0.24609375 0.3671875 0.171875 0.0765625
12 0.0953125 0.315625 0.1890625 0.06875