4 0.4921875 0.2890625 0.021875 0.0453125
4 0.4484375 0.4 0.0234375 0.0515625
4 0.82109375 0.590625 0.03125 0.025
4 0.6359375 0.2109375 0.028125 0.0453125
4 0.7109375 0.2328125 0.01875 0.0375
4 0.72734375 0.2 0.0203125 0.0390625
4 0.74375 0.15390625 0.01875 0.04375
4 0.56171875 0.11015625 0.01875 0.046875
2 0.4046875 0.2671875 0.05625 0.0546875
9 0.15546875 0.3140625 0.0578125 0.0421875
9 0.44296875 0.47578125 0.0390625 0.0890625
9 0.45703125 0.5234375 0.0421875 0.0890625
9 0.57890625 0.19765625 0.0421875 0.0984375
9 0.703125 0.578125 0.0578125 0.0578125
9 0.7609375 0.590625 0.0609375 0.0515625
9 0.67421875 0.64375 0.0609375 0.0484375
9 0.7234375 0.696875 0.0625 0.053125
9 0.659375 0.69296875 0.0578125 0.0484375
9 0.396875 0.77109375 0.04375 0.0859375
9 0.37421875 0.740625 0.0421875 0.09375
9 0.3375 0.75546875 0.0390625 0.0875
2 0.65859375 0.12734375 0.0390625 0.0890625
2 0.7015625 0.103125 0.0390625 0.090625
2 0.71796875 0.153125 0.034375 0.078125
2 0.753125 0.06640625 0.0359375 0.0828125
2 0.54296875 0.225 0.0375 0.0765625
2 0.38671875 0.37265625 0.053125 0.05
4 0.4046875 0.51875 0.03125 0.0640625
4 0.59921875 0.02734375 0.0234375 0.0390625
10 0.49296875 0.56171875 0.1265625 0.2375
12 0.27578125 0.334375 0.178125 0.096875
0 0.30546875 0.23984375 0.0953125 0.075