4 0.25078125 0.68203125 0.0234375 0.025
4 0.39765625 0.43203125 0.0234375 0.028125
4 0.89296875 0.5515625 0.025 0.03125
4 0.80078125 0.54140625 0.025 0.0234375
4 0.403125 0.68203125 0.025 0.0421875
9 0.3125 0.29375 0.0578125 0.046875
9 0.17890625 0.2796875 0.0578125 0.040625
9 0.1125 0.38203125 0.0578125 0.0421875
9 0.07109375 0.6421875 0.0546875 0.046875
9 0.16640625 0.6015625 0.05625 0.05
9 0.2703125 0.640625 0.0515625 0.046875
9 0.46640625 0.6015625 0.0515625 0.046875
9 0.48046875 0.6578125 0.0515625 0.0484375
9 0.5921875 0.6125 0.053125 0.05
9 0.703125 0.5578125 0.0546875 0.0515625
9 0.36171875 0.8140625 0.0421875 0.0953125
9 0.6984375 0.66484375 0.0546875 0.046875
9 0.76328125 0.56015625 0.053125 0.05
9 0.80703125 0.61953125 0.05625 0.0484375
9 0.8921875 0.6140625 0.05625 0.05
9 0.6078125 0.3546875 0.05625 0.0453125
2 0.5953125 0.29921875 0.053125 0.04375
9 0.6125 0.13515625 0.0390625 0.0984375
2 0.390625 0.8328125 0.03125 0.078125
2 0.35703125 0.39921875 0.05 0.040625
2 0.85078125 0.56640625 0.0421875 0.040625
2 0.859375 0.67734375 0.04375 0.04375
2 0.01875 0.3953125 0.0375 0.040625
2 0.984375 0.56875 0.03125 0.0375
0 0.971875 0.68359375 0.05625 0.0640625
10 0.41328125 0.871875 0.103125 0.253125
0 0.45859375 0.2921875 0.090625 0.06875
12 0.23828125 0.38203125 0.18125 0.090625
12 0.08984375 0.334375 0.1796875 0.08125
2 0.86875 0.3734375 0.0515625 0.0484375
10 0.05390625 0.265625 0.1078125 0.08125
4 0.97421875 0.296875 0.0265625 0.025