4 0.390625 0.45234375 0.0265625 0.034375
4 0.10625 0.7234375 0.0296875 0.028125
4 0.42109375 0.71015625 0.028125 0.0359375
4 0.80390625 0.49375 0.03125 0.0359375
4 0.89765625 0.4921875 0.0328125 0.0296875
4 0.7625 0.24765625 0.03125 0.03125
2 0.46640625 0.29609375 0.0578125 0.053125
9 0.44609375 0.35859375 0.0609375 0.0453125
9 0.553125 0.12265625 0.05625 0.103125
9 0.71015625 0.5234375 0.0609375 0.059375
9 0.76953125 0.515625 0.059375 0.0546875
9 0.8875 0.55859375 0.0609375 0.05
9 0.94765625 0.53125 0.0625 0.0609375
9 0.8109375 0.6234375 0.059375 0.0484375
9 0.71640625 0.5890625 0.0625 0.0546875
9 0.6390625 0.646875 0.059375 0.053125
9 0.59609375 0.59453125 0.059375 0.05625
9 0.45546875 0.66171875 0.0625 0.0515625
9 0.36484375 0.62890625 0.059375 0.0515625
9 0.2828125 0.68984375 0.0640625 0.05
9 0.20234375 0.33671875 0.0625 0.0546875
9 0.09140625 0.34140625 0.065625 0.05625
9 0.09765625 0.44453125 0.0625 0.0515625
12 0.221875 0.42265625 0.1828125 0.1078125
12 0.08046875 0.40234375 0.1609375 0.1140625
0 0.35859375 0.3078125 0.0984375 0.0796875
10 0.4765625 0.88125 0.1375 0.2375
2 0.4453125 0.84609375 0.046875 0.0875
9 0.4125 0.83125 0.05625 0.1046875
4 0.54921875 0.69375 0.03125 0.046875
2 0.34609375 0.428125 0.0515625 0.05
10 0.02421875 0.33984375 0.0484375 0.0859375
2 0.68203125 0.33515625 0.05 0.05
2 0.8578125 0.51015625 0.05 0.0484375
2 0.94296875 0.6125 0.0546875 0.0484375