4 0.40234375 0.425 0.0203125 0.028125
4 0.59765625 0.2875 0.0265625 0.03125
4 0.79765625 0.5625 0.025 0.0265625
4 0.8890625 0.58125 0.025 0.0265625
4 0.54375 0.7125 0.025 0.028125
4 0.35625 0.66875 0.025 0.0234375
9 0.3296875 0.33125 0.0546875 0.04375
2 0.41953125 0.2875 0.0515625 0.0453125
9 0.1125 0.25 0.0578125 0.04375
9 0.2015625 0.2625 0.0546875 0.0375
9 0.12109375 0.36015625 0.053125 0.0421875
9 0.34140625 0.8 0.0375 0.09375
9 0.46875 0.6625 0.05 0.04375
9 0.5171875 0.6125 0.0515625 0.0421875
9 0.603125 0.66640625 0.0515625 0.04375
9 0.68828125 0.628125 0.0515625 0.046875
9 0.69921875 0.57265625 0.0515625 0.05
9 0.75859375 0.575 0.0515625 0.0421875
9 0.80078125 0.65234375 0.059375 0.046875
9 0.7375 0.69375 0.059375 0.046875
9 0.88125 0.65 0.053125 0.0421875
9 0.8671875 0.70625 0.0515625 0.0390625
9 0.94609375 0.628125 0.05625 0.046875
9 0.63671875 0.14375 0.0359375 0.0921875
2 0.36640625 0.39375 0.04375 0.0359375
2 0.5390625 0.36015625 0.0421875 0.040625
2 0.84765625 0.59375 0.0421875 0.0390625
2 0.93828125 0.715625 0.0484375 0.0390625
2 0.3703125 0.825 0.0296875 0.06875
10 0.375 0.9109375 0.0765625 0.178125
0 0.31796875 0.26953125 0.0875 0.0625
12 0.2453125 0.36640625 0.1703125 0.0703125
12 0.09375 0.31171875 0.1875 0.059375
10 0.03359375 0.2375 0.0671875 0.0625
4 0.63359375 0.7203125 0.025 0.0359375