12 0.12578125 0.25625 0.1953125 0.0859375
12 0.26875 0.3296875 0.1796875 0.0984375
0 0.33125 0.24765625 0.09375 0.0703125
0 0.0234375 0.54453125 0.046875 0.0640625
10 0.31171875 0.90546875 0.08125 0.153125
9 0.3015625 0.7796875 0.0484375 0.1015625
2 0.42421875 0.275 0.059375 0.05
9 0.334375 0.3 0.059375 0.0453125
9 0.23671875 0.2296875 0.0609375 0.0515625
9 0.6859375 0.17265625 0.046875 0.096875
9 0.6859375 0.603125 0.0578125 0.053125
9 0.7453125 0.61640625 0.05625 0.05
9 0.696875 0.66328125 0.05625 0.04375
9 0.5515625 0.628125 0.05625 0.0484375
9 0.509375 0.67265625 0.053125 0.04375
9 0.625 0.69453125 0.059375 0.05
9 0.74140625 0.73203125 0.065625 0.05625
9 0.79296875 0.69609375 0.0640625 0.053125
9 0.85390625 0.7046875 0.059375 0.05
9 0.9390625 0.68671875 0.0578125 0.05
9 0.8390625 0.75625 0.0546875 0.0484375
9 0.14609375 0.30546875 0.059375 0.046875
9 0.14921875 0.2015625 0.0625 0.05
2 0.38046875 0.3796875 0.053125 0.0484375
2 0.509375 0.35390625 0.046875 0.046875
2 0.32578125 0.809375 0.040625 0.0796875
2 0.83046875 0.64140625 0.05 0.0453125
2 0.909375 0.771875 0.0515625 0.0484375
4 0.87421875 0.63515625 0.028125 0.03125
4 0.784375 0.603125 0.0265625 0.025
4 0.559375 0.72265625 0.025 0.021875
4 0.41328125 0.67578125 0.0296875 0.0296875
4 0.5703125 0.28515625 0.0234375 0.025
4 0.41328125 0.41875 0.0234375 0.0296875
4 0.62890625 0.7421875 0.0296875 0.040625