2 0.3671875 0.39296875 0.0453125 0.0453125
2 0.790625 0.3875 0.0421875 0.0375
2 0.8453125 0.59296875 0.0390625 0.0421875
2 0.8828125 0.70625 0.0453125 0.0390625
2 0.3703125 0.83125 0.0296875 0.08125
10 0.3890625 0.8734375 0.0828125 0.253125
0 0.43671875 0.2828125 0.0921875 0.053125
12 0.24375 0.3625 0.1671875 0.075
12 0.09453125 0.30625 0.1890625 0.059375
10 0.05 0.23671875 0.1 0.0640625
2 0.559375 0.30078125 0.0578125 0.0453125
9 0.54765625 0.35390625 0.053125 0.04375
9 0.6375 0.14296875 0.0390625 0.090625
9 0.284375 0.275 0.0546875 0.046875
9 0.16171875 0.2578125 0.0546875 0.0484375
9 0.1203125 0.35625 0.0515625 0.0421875
9 0.1546875 0.625 0.0546875 0.0484375
9 0.25625 0.5875 0.0515625 0.0421875
9 0.34375 0.63671875 0.0515625 0.0453125
9 0.5203125 0.609375 0.0515625 0.040625
9 0.5359375 0.66328125 0.0515625 0.05
9 0.6390625 0.625 0.05625 0.04375
9 0.69921875 0.56953125 0.0515625 0.04375
9 0.75859375 0.5765625 0.0515625 0.04375
9 0.73046875 0.6828125 0.05 0.04375
9 0.8375 0.64453125 0.0515625 0.0453125
9 0.91171875 0.634375 0.05625 0.040625
9 0.34140625 0.79765625 0.0359375 0.1015625
4 0.89921875 0.31953125 0.028125 0.0234375
4 0.8890625 0.58125 0.0203125 0.028125
4 0.79765625 0.565625 0.021875 0.0265625
4 0.40390625 0.425 0.01875 0.03125
4 0.3109375 0.6734375 0.0234375 0.0203125
4 0.45 0.684375 0.021875 0.04375