4 0.6078125 0.44140625 0.025 0.03125
4 0.43671875 0.275 0.0296875 0.034375
4 0.19609375 0.51484375 0.028125 0.0296875
4 0.103125 0.51953125 0.028125 0.0296875
4 0.4234375 0.703125 0.0296875 0.03125
4 0.615625 0.6890625 0.028125 0.0265625
9 0.69453125 0.36015625 0.0609375 0.0515625
2 0.6125 0.30234375 0.0578125 0.0515625
9 0.921875 0.3140625 0.0640625 0.0515625
9 0.83203125 0.3125 0.059375 0.0453125
9 0.89609375 0.42109375 0.059375 0.0484375
9 0.609375 0.82109375 0.0515625 0.0984375
9 0.50546875 0.665625 0.0546875 0.05
9 0.465625 0.60859375 0.0578125 0.0484375
9 0.371875 0.6484375 0.05625 0.0515625
9 0.29375 0.596875 0.0578125 0.053125
9 0.2921875 0.540625 0.0578125 0.05625
9 0.2328125 0.53359375 0.0578125 0.0484375
9 0.17890625 0.603125 0.065625 0.0546875
9 0.23515625 0.65390625 0.065625 0.0546875
9 0.1 0.58828125 0.059375 0.0484375
9 0.1046875 0.64609375 0.0578125 0.046875
9 0.0390625 0.55703125 0.0625 0.0546875
9 0.4203125 0.1265625 0.05 0.096875
2 0.6484375 0.415625 0.0484375 0.0421875
2 0.48359375 0.35546875 0.0484375 0.046875
2 0.1421875 0.53828125 0.046875 0.04375
2 0.03359375 0.64453125 0.053125 0.0453125
2 0.57734375 0.84140625 0.040625 0.071875
10 0.559375 0.915625 0.103125 0.16875
0 0.715625 0.30078125 0.096875 0.075
12 0.77265625 0.4078125 0.178125 0.0953125
12 0.91640625 0.3765625 0.1671875 0.0875
10 0.98125 0.3140625 0.0375 0.071875
4 0.33359375 0.696875 0.0296875 0.0390625