10 0.0453125 0.21640625 0.0734375 0.0625
0 0.34765625 0.26953125 0.0890625 0.059375
10 0.36875 0.89140625 0.08125 0.2109375
2 0.35859375 0.82421875 0.034375 0.08125
2 0.3703125 0.3890625 0.0453125 0.034375
2 0.5953125 0.36875 0.04375 0.0390625
2 0.8421875 0.60546875 0.0421875 0.0453125
2 0.925 0.72734375 0.04375 0.0421875
9 0.76953125 0.65546875 0.0625 0.05
9 0.87734375 0.6640625 0.05625 0.0421875
9 0.93515625 0.64453125 0.0578125 0.053125
9 0.75546875 0.58828125 0.0546875 0.0453125
9 0.696875 0.5796875 0.05 0.0515625
9 0.69375 0.69453125 0.0578125 0.0546875
9 0.64609375 0.6265625 0.053125 0.0421875
9 0.54296875 0.66796875 0.05625 0.046875
9 0.4609375 0.6046875 0.0546875 0.0484375
9 0.328125 0.79453125 0.0390625 0.09375
9 0.39609375 0.64921875 0.05625 0.0453125
2 0.453125 0.28828125 0.0546875 0.040625
9 0.3734375 0.3265625 0.05625 0.040625
9 0.125 0.34296875 0.053125 0.040625
9 0.2140625 0.25703125 0.0546875 0.0484375
9 0.1234375 0.23671875 0.0578125 0.0421875
9 0.64921875 0.1515625 0.040625 0.1015625
4 0.40546875 0.421875 0.0234375 0.0328125
4 0.66796875 0.3046875 0.0234375 0.034375
4 0.2640625 0.65234375 0.025 0.0203125
4 0.4875 0.7 0.025 0.0328125
4 0.8859375 0.59453125 0.028125 0.028125
4 0.7953125 0.57265625 0.0265625 0.0203125
12 0.2484375 0.359375 0.1734375 0.0765625
12 0.10078125 0.2921875 0.1890625 0.071875
4 0.5875 0.715625 0.021875 0.040625