4 0.42734375 0.30234375 0.0265625 0.046875
4 0.4203125 0.42109375 0.028125 0.053125
4 0.83359375 0.48671875 0.0328125 0.028125
4 0.53984375 0.18359375 0.03125 0.046875
4 0.61796875 0.18125 0.021875 0.0390625
4 0.6234375 0.14453125 0.0234375 0.040625
4 0.625 0.0953125 0.0234375 0.0453125
4 0.43828125 0.1109375 0.0234375 0.046875
2 0.33671875 0.3078125 0.0609375 0.059375
9 0.1140625 0.4296875 0.0609375 0.046875
9 0.43828125 0.49453125 0.0484375 0.090625
9 0.46640625 0.5359375 0.0515625 0.0921875
9 0.48203125 0.18828125 0.0515625 0.1
9 0.7171875 0.5109375 0.0625 0.0625
9 0.77578125 0.50546875 0.065625 0.05625
9 0.71015625 0.5828125 0.0640625 0.053125
9 0.7734375 0.61875 0.0671875 0.059375
9 0.71171875 0.63359375 0.0609375 0.053125
9 0.4859375 0.78984375 0.0515625 0.0875
9 0.4546875 0.76796875 0.05 0.0953125
9 0.42421875 0.79296875 0.046875 0.0890625
2 0.5359375 0.09609375 0.046875 0.090625
2 0.56953125 0.06015625 0.046875 0.0921875
2 0.6 0.10234375 0.040625 0.0796875
2 0.60625 0.02578125 0.04375 0.0515625
2 0.45625 0.225 0.0453125 0.0796875
2 0.353125 0.4140625 0.05625 0.053125
4 0.41484375 0.54765625 0.0375 0.065625
4 0.44765625 0.01953125 0.0265625 0.0390625
10 0.5125 0.5609375 0.1484375 0.2453125
12 0.23515625 0.41171875 0.184375 0.1140625
0 0.23515625 0.3125 0.1015625 0.0828125