4 0.89296875 0.48515625 0.028125 0.03125
4 0.79921875 0.4859375 0.0296875 0.03125
4 0.87109375 0.053125 0.0359375 0.0484375
4 0.3859375 0.453125 0.0265625 0.0390625
10 0.0765625 0.33359375 0.153125 0.0984375
10 0.48046875 0.87734375 0.1421875 0.2453125
0 0.56796875 0.2796875 0.1015625 0.0796875
0 0.51171875 0.09921875 0.0703125 0.1203125
0 0.91015625 0.6140625 0.08125 0.0671875
12 0.084375 0.40859375 0.16875 0.1046875
12 0.21953125 0.43203125 0.18125 0.1078125
9 0.28984375 0.32265625 0.059375 0.0515625
9 0.4453125 0.33359375 0.0609375 0.059375
9 0.25625 0.63359375 0.059375 0.05
9 0.2734375 0.6859375 0.0609375 0.05625
9 0.415625 0.83203125 0.0546875 0.0984375
9 0.428125 0.61953125 0.0609375 0.0578125
9 0.09375 0.45 0.0609375 0.046875
9 0.53984375 0.646875 0.059375 0.0515625
9 0.66953125 0.57421875 0.0609375 0.0546875
9 0.70703125 0.52109375 0.0625 0.059375
9 0.765625 0.51015625 0.0625 0.0625
9 0.7953125 0.56171875 0.0609375 0.0515625
9 0.965625 0.5484375 0.0671875 0.05625
2 0.73203125 0.26484375 0.059375 0.05
9 0.8328125 0.2984375 0.0625 0.0515625
2 0.33984375 0.4265625 0.05 0.046875
2 0.025 0.4734375 0.05 0.04375
2 0.4515625 0.85 0.0453125 0.078125
2 0.74609375 0.62578125 0.05625 0.0515625
2 0.8546875 0.50234375 0.05 0.0453125
2 0.94921875 0.4890625 0.0546875 0.05
9 0.54453125 0.121875 0.0546875 0.09375
4 0.22578125 0.725 0.0328125 0.04375