9 0.3953125 0.29296875 0.053125 0.04375
9 0.1203125 0.35625 0.0546875 0.040625
9 0.14453125 0.61796875 0.053125 0.0453125
9 0.146875 0.55625 0.05 0.0359375
9 0.32890625 0.59296875 0.053125 0.04375
9 0.33828125 0.80234375 0.0375 0.096875
9 0.42734375 0.64765625 0.05 0.0359375
9 0.57265625 0.6 0.05 0.046875
9 0.69453125 0.56875 0.0515625 0.046875
9 0.75546875 0.5765625 0.0515625 0.0390625
9 0.71953125 0.6265625 0.0546875 0.04375
9 0.90859375 0.65234375 0.05625 0.0390625
9 0.9734375 0.39921875 0.0515625 0.04375
9 0.56328125 0.34375 0.05 0.0453125
9 0.6328125 0.1484375 0.034375 0.0984375
2 0.3625 0.3921875 0.0453125 0.0390625
2 0.04921875 0.359375 0.0515625 0.0390625
2 0.3671875 0.8234375 0.0328125 0.0703125
2 0.6453125 0.675 0.0421875 0.0390625
2 0.83984375 0.590625 0.0421875 0.0390625
2 0.93203125 0.596875 0.04375 0.040625
2 0.8421875 0.340625 0.0515625 0.0421875
2 0.91015625 0.053125 0.034375 0.0890625
0 0.60625 0.1203125 0.0421875 0.1109375
0 0.67734375 0.3109375 0.0859375 0.0546875
10 0.3875 0.8671875 0.0859375 0.246875
10 0.15859375 0.2375 0.159375 0.05625
12 0.2421875 0.365625 0.171875 0.0734375
12 0.1015625 0.30546875 0.2015625 0.059375
4 0.4 0.425 0.0234375 0.0328125
4 0.79375 0.559375 0.0265625 0.0265625
4 0.8828125 0.57890625 0.0265625 0.0234375
4 0.10390625 0.64609375 0.028125 0.0390625
0 0.8359375 0.703125 0.075 0.0640625