4 0.421875 0.40546875 0.0265625 0.034375
4 0.86015625 0.66328125 0.028125 0.028125
4 0.77421875 0.62734375 0.028125 0.0265625
4 0.1390625 0.5703125 0.0296875 0.03125
4 0.2921875 0.6265625 0.0296875 0.0390625
9 0.42265625 0.26953125 0.0609375 0.0546875
9 0.29609375 0.209375 0.059375 0.0484375
9 0.1609375 0.27265625 0.0609375 0.0546875
9 0.0578125 0.465625 0.0609375 0.05625
9 0.1578125 0.5359375 0.0546875 0.05
9 0.37109375 0.56640625 0.059375 0.0546875
9 0.365625 0.6203125 0.0609375 0.0578125
9 0.27734375 0.75625 0.0578125 0.1
9 0.49921875 0.6171875 0.0640625 0.0578125
9 0.59296875 0.69609375 0.059375 0.0515625
9 0.678125 0.61328125 0.0625 0.0640625
9 0.734375 0.6328125 0.059375 0.05625
9 0.71796875 0.684375 0.0625 0.0578125
9 0.81015625 0.71640625 0.065625 0.0578125
9 0.92890625 0.765625 0.053125 0.0484375
9 0.71875 0.4171875 0.0625 0.0578125
2 0.70078125 0.35390625 0.0578125 0.0515625
9 0.7125 0.184375 0.0546875 0.1
2 0.39296875 0.3625 0.0546875 0.046875
2 0.2984375 0.78984375 0.046875 0.08125
2 0.75625 0.7640625 0.0515625 0.05
2 0.8171875 0.665625 0.0515625 0.0453125
2 0.93046875 0.70234375 0.0515625 0.0453125
2 0.9765625 0.5140625 0.046875 0.046875
10 0.1453125 0.1484375 0.1609375 0.0984375
0 0.5609375 0.3015625 0.0984375 0.0765625
0 0.87890625 0.8109375 0.0859375 0.0765625
10 0.309375 0.834375 0.1375 0.2625
12 0.2796875 0.3109375 0.1796875 0.103125
12 0.1515625 0.2203125 0.2015625 0.0984375
2 0.73359375 0.0765625 0.046875 0.075