0 0.4578125 0.12109375 0.059375 0.1203125
0 0.05390625 0.2796875 0.0578125 0.059375
0 0.353125 0.6671875 0.0703125 0.065625
10 0.659375 0.30390625 0.1640625 0.0953125
12 0.77734375 0.4171875 0.1765625 0.09375
12 0.89375 0.37578125 0.203125 0.0796875
10 0.55546875 0.8765625 0.1265625 0.246875
0 0.06171875 0.65546875 0.11875 0.0921875
9 0.86484375 0.62421875 0.053125 0.04375
9 0.90234375 0.42421875 0.059375 0.0453125
9 0.94296875 0.309375 0.059375 0.0484375
9 0.659375 0.6203125 0.0609375 0.0515625
9 0.9625 0.6875 0.03125 0.034375
9 0.2984375 0.5453125 0.0578125 0.05625
9 0.23984375 0.54453125 0.05625 0.0484375
9 0.26796875 0.6078125 0.0625 0.046875
9 0.13515625 0.60390625 0.065625 0.059375
9 0.240625 0.3453125 0.0546875 0.05
9 0.4265625 0.13671875 0.0484375 0.09375
9 0.61484375 0.834375 0.0515625 0.10625
2 0.96328125 0.440625 0.05625 0.0390625
2 0.65546875 0.4265625 0.0515625 0.05
2 0.75234375 0.675 0.05 0.0484375
2 0.5828125 0.85234375 0.0421875 0.08125
2 0.15078125 0.54453125 0.0484375 0.0515625
2 0.065625 0.53671875 0.0515625 0.05
4 0.1109375 0.528125 0.0265625 0.0265625
4 0.20234375 0.52421875 0.0296875 0.0296875
4 0.61328125 0.45390625 0.0265625 0.034375