4 0.45859375 0.325 0.0203125 0.05625
4 0.490625 0.1859375 0.0140625 0.04375
4 0.59765625 0.18984375 0.0234375 0.0484375
4 0.67734375 0.209375 0.015625 0.040625
4 0.6875 0.1765625 0.0125 0.0390625
4 0.70078125 0.12265625 0.01875 0.0359375
9 0.390625 0.690625 0.034375 0.0859375
9 0.4265625 0.6734375 0.03125 0.0828125
9 0.440625 0.73203125 0.0359375 0.0890625
9 0.6828125 0.6671875 0.05625 0.05
9 0.7453125 0.66953125 0.0578125 0.053125
9 0.7703125 0.55859375 0.053125 0.040625
9 0.71015625 0.5546875 0.053125 0.0515625
9 0.68984375 0.61796875 0.0578125 0.0421875
9 0.465625 0.37890625 0.0328125 0.078125
9 0.48671875 0.42890625 0.0390625 0.09375
2 0.3765625 0.27734375 0.0515625 0.0453125
9 0.13359375 0.3578125 0.0578125 0.0421875
9 0.0625 0.1640625 0.053125 0.040625
9 0.3203125 0.95625 0.0359375 0.0859375
9 0.3609375 0.91171875 0.040625 0.0890625
2 0.38828125 0.9359375 0.03125 0.0875
2 0.6140625 0.11015625 0.0328125 0.09375
2 0.6515625 0.07890625 0.0296875 0.0828125
2 0.69765625 0.03984375 0.0296875 0.071875
2 0.67578125 0.12890625 0.0328125 0.0734375
2 0.53671875 0.09453125 0.03125 0.08125
4 0.8203125 0.54453125 0.025 0.028125
9 0.5765625 0.0484375 0.040625 0.096875
0 0.278125 0.26171875 0.0890625 0.075
10 0.52265625 0.52265625 0.1171875 0.2328125
12 0.2578125 0.3640625 0.175 0.0765625
2 0.37734375 0.38984375 0.0484375 0.0453125
4 0.43515625 0.44140625 0.0234375 0.0703125