0 0.33671875 0.15546875 0.0609375 0.1203125
0 0.0171875 0.4359375 0.034375 0.059375
0 0.415625 0.70625 0.0703125 0.065625
10 0.58671875 0.2625 0.165625 0.096875
12 0.73515625 0.33125 0.1765625 0.096875
12 0.83203125 0.25390625 0.2046875 0.084375
10 0.678125 0.8453125 0.13125 0.2640625
0 0.1359375 0.78984375 0.11875 0.09375
9 0.88515625 0.4984375 0.0546875 0.04375
9 0.85625 0.29765625 0.0609375 0.0453125
9 0.85703125 0.175 0.059375 0.05
9 0.68984375 0.56171875 0.0625 0.053125
9 0.99140625 0.5265625 0.0171875 0.034375
9 0.32421875 0.60859375 0.059375 0.05625
9 0.26875 0.6265625 0.0578125 0.05
9 0.315625 0.67734375 0.0640625 0.0484375
9 0.18828125 0.71640625 0.0671875 0.0609375
9 0.20390625 0.43828125 0.05625 0.0515625
9 0.31171875 0.18125 0.05 0.09375
9 0.7171875 0.77890625 0.053125 0.10625
2 0.91875 0.29296875 0.05625 0.040625
2 0.6234375 0.3796875 0.0515625 0.05
2 0.7953125 0.58359375 0.0515625 0.0484375
2 0.69296875 0.80625 0.0421875 0.0828125
2 0.18359375 0.65546875 0.0484375 0.053125
2 0.10078125 0.67578125 0.0515625 0.05
4 0.14140625 0.653125 0.0265625 0.0265625
4 0.2265625 0.61953125 0.0296875 0.03125
4 0.5921875 0.41953125 0.028125 0.034375