0 0.625 0.0796875 0.04375 0.1125
0 0.903125 0.71953125 0.0734375 0.0578125
10 0.3828125 0.865625 0.090625 0.2546875
10 0.1046875 0.23125 0.165625 0.065625
0 0.56640625 0.30078125 0.0890625 0.0640625
12 0.1015625 0.29921875 0.196875 0.0578125
12 0.2453125 0.3578125 0.1703125 0.075
9 0.4296875 0.3046875 0.053125 0.046875
9 0.28984375 0.26875 0.05625 0.046875
9 0.12109375 0.346875 0.053125 0.0375
9 0.078125 0.596875 0.05 0.0390625
9 0.3109375 0.578125 0.05 0.046875
9 0.31640625 0.634375 0.05 0.0453125
9 0.33203125 0.7984375 0.0375 0.0890625
9 0.46171875 0.60546875 0.0515625 0.0453125
9 0.5671875 0.6640625 0.05 0.0421875
9 0.69453125 0.56796875 0.0515625 0.0484375
9 0.703125 0.628125 0.0515625 0.0453125
9 0.75390625 0.58125 0.053125 0.040625
9 0.81171875 0.64296875 0.053125 0.0421875
9 0.96015625 0.66796875 0.059375 0.04375
2 0.72265625 0.32265625 0.0546875 0.0390625
9 0.78125 0.38046875 0.053125 0.0421875
9 0.640625 0.14921875 0.0375 0.09375
2 0.365625 0.390625 0.04375 0.0421875
2 0.36171875 0.825 0.028125 0.071875
2 0.034375 0.35234375 0.05 0.0453125
2 0.75703125 0.6953125 0.04375 0.0359375
2 0.8421875 0.59921875 0.040625 0.0359375
2 0.946875 0.60703125 0.046875 0.0421875
4 0.8859375 0.590625 0.0234375 0.021875
4 0.79296875 0.56640625 0.0234375 0.021875
4 0.08203125 0.63671875 0.0234375 0.0203125
4 0.40234375 0.4234375 0.0203125 0.0328125
4 0.24921875 0.6578125 0.025 0.0453125
4 0.9296875 0.07421875 0.0171875 0.0453125