4 0.59375 0.42109375 0.021875 0.0328125
4 0.1171875 0.5984375 0.025 0.025
4 0.2078125 0.578125 0.025 0.021875
4 0.84296875 0.63203125 0.0265625 0.0265625
4 0.6828125 0.6609375 0.0234375 0.0359375
9 0.61640625 0.28671875 0.0546875 0.046875
9 0.7515625 0.24921875 0.053125 0.040625
9 0.8734375 0.33515625 0.0546875 0.046875
9 0.94140625 0.54296875 0.0546875 0.0484375
9 0.83125 0.59453125 0.0484375 0.04375
9 0.615625 0.5875 0.053125 0.046875
9 0.61171875 0.6421875 0.053125 0.05
9 0.675 0.79140625 0.0421875 0.096875
9 0.48046875 0.615625 0.0578125 0.0484375
9 0.375 0.67734375 0.053125 0.04375
9 0.3046875 0.58046875 0.0546875 0.05625
9 0.24609375 0.58984375 0.053125 0.0484375
9 0.253125 0.64375 0.05625 0.05
9 0.15703125 0.659375 0.059375 0.0484375
9 0.03203125 0.6875 0.046875 0.040625
9 0.29921875 0.38046875 0.0546875 0.05
2 0.328125 0.32109375 0.0515625 0.04375
9 0.3453125 0.15234375 0.040625 0.0953125
2 0.62890625 0.3828125 0.05 0.0390625
2 0.6484375 0.82109375 0.034375 0.078125
2 0.2015625 0.71484375 0.0453125 0.0421875
2 0.159375 0.6078125 0.046875 0.0390625
2 0.04140625 0.62421875 0.046875 0.0390625
2 0.02734375 0.43125 0.04375 0.040625
10 0.9109375 0.215625 0.153125 0.0734375
0 0.47421875 0.29375 0.090625 0.0625
0 0.07265625 0.740625 0.078125 0.065625
10 0.6296875 0.8625 0.0953125 0.2546875
12 0.75 0.35234375 0.171875 0.075
12 0.89140625 0.284375 0.196875 0.065625
2 0.34296875 0.04296875 0.0359375 0.0703125