9 0.3609375 0.3140625 0.059375 0.0515625
9 0.10078125 0.42421875 0.0609375 0.05
9 0.1703125 0.678125 0.059375 0.053125
9 0.16171875 0.61640625 0.0546875 0.04375
9 0.34765625 0.62109375 0.059375 0.0515625
9 0.39296875 0.82578125 0.053125 0.1015625
9 0.45390625 0.6578125 0.0546875 0.0453125
9 0.5890625 0.5859375 0.05625 0.0546875
9 0.703125 0.53359375 0.0578125 0.0546875
9 0.76484375 0.53125 0.0578125 0.046875
9 0.73828125 0.58671875 0.0609375 0.053125
9 0.92890625 0.57890625 0.0625 0.0484375
9 0.9484375 0.31875 0.0578125 0.0515625
9 0.53515625 0.33515625 0.05625 0.053125
9 0.56953125 0.13046875 0.05 0.103125
2 0.34609375 0.41796875 0.0515625 0.046875
2 0.03203125 0.43984375 0.0578125 0.046875
2 0.425 0.84140625 0.04375 0.075
2 0.6734375 0.646875 0.046875 0.0453125
2 0.85078125 0.53046875 0.046875 0.0453125
2 0.9421875 0.5203125 0.05 0.046875
2 0.809375 0.28359375 0.0578125 0.05
2 0.8265625 0.0234375 0.05 0.046875
0 0.5390625 0.1078125 0.0609375 0.1171875
0 0.6421875 0.2828125 0.09375 0.06875
10 0.453125 0.87578125 0.128125 0.2484375
10 0.11796875 0.30078125 0.165625 0.0828125
12 0.22265625 0.4125 0.18125 0.1015625
12 0.0890625 0.3765625 0.178125 0.09375
4 0.38828125 0.44375 0.0296875 0.0359375
4 0.79921875 0.5078125 0.03125 0.03125
4 0.890625 0.5109375 0.0296875 0.0265625
4 0.13515625 0.7125 0.034375 0.04375
0 0.86640625 0.64140625 0.084375 0.0765625