4 0.40078125 0.43515625 0.01875 0.0328125
4 0.79609375 0.565625 0.025 0.0203125
4 0.88515625 0.584375 0.028125 0.0265625
4 0.959375 0.66328125 0.028125 0.03125
9 0.26796875 0.2625 0.0609375 0.0421875
9 0.36484375 0.60078125 0.0578125 0.04375
9 0.5015625 0.6109375 0.053125 0.04375
9 0.69609375 0.575 0.0515625 0.0546875
9 0.75625 0.58125 0.0546875 0.046875
9 0.63359375 0.15078125 0.03125 0.103125
9 0.43671875 0.29453125 0.0515625 0.046875
9 0.11875 0.36328125 0.05625 0.04375
9 0.3390625 0.80625 0.0359375 0.09375
9 0.0578125 0.26796875 0.0578125 0.040625
10 0.128125 0.8625 0.1 0.246875
10 0.38984375 0.8703125 0.0859375 0.2578125
10 0.703125 0.321875 0.1625 0.071875
12 0.17734375 0.31484375 0.2 0.0609375
12 0.24296875 0.36953125 0.1703125 0.0703125
0 0.60625 0.12578125 0.0421875 0.121875
0 0.26328125 0.64140625 0.0640625 0.0546875
0 0.6234375 0.6875 0.1 0.071875
0 0.90625 0.71875 0.1078125 0.06875
2 0.06015625 0.36796875 0.0578125 0.04375
2 0.36953125 0.8328125 0.0296875 0.08125
9 0.32734375 0.95703125 0.0359375 0.0859375
2 0.3640625 0.4015625 0.046875 0.040625
2 0.66640625 0.628125 0.0546875 0.046875
2 0.80390625 0.640625 0.046875 0.046875
2 0.8421875 0.5953125 0.0421875 0.0359375
2 0.92890625 0.596875 0.046875 0.0390625