2 0.36484375 0.3984375 0.0484375 0.046875
2 0.36953125 0.83046875 0.028125 0.078125
2 0.6 0.61953125 0.0515625 0.04375
2 0.74453125 0.634375 0.05 0.04375
2 0.84609375 0.59375 0.04375 0.0421875
2 0.93359375 0.59921875 0.0421875 0.040625
2 0.06015625 0.36875 0.053125 0.0390625
9 0.43203125 0.6 0.053125 0.0578125
9 0.29296875 0.59140625 0.053125 0.04375
9 0.34296875 0.80625 0.03125 0.0984375
9 0.334375 0.95 0.03125 0.0921875
9 0.1015625 0.26015625 0.0515625 0.0390625
9 0.121875 0.36328125 0.05625 0.0484375
9 0.334375 0.27109375 0.05 0.0484375
9 0.6359375 0.1484375 0.03125 0.09375
9 0.50390625 0.30390625 0.05 0.0515625
9 0.69921875 0.57421875 0.0546875 0.053125
9 0.75859375 0.57890625 0.046875 0.05
10 0.1 0.809375 0.1140625 0.221875
0 0.60703125 0.12734375 0.0421875 0.1140625
0 0.196875 0.634375 0.0625 0.0515625
10 0.3921875 0.86953125 0.084375 0.2546875
12 0.1875 0.31484375 0.1953125 0.0609375
12 0.24765625 0.371875 0.171875 0.075
0 0.57421875 0.678125 0.0953125 0.071875
0 0.85859375 0.70703125 0.103125 0.08125
10 0.76796875 0.325 0.1625 0.0703125
4 0.40234375 0.43125 0.0234375 0.03125
4 0.7984375 0.56484375 0.0265625 0.03125
4 0.8875 0.58046875 0.028125 0.0203125
4 0.871875 0.65234375 0.03125 0.0375