4 0.4078125 0.42109375 0.0234375 0.0390625
4 0.8015625 0.5640625 0.0203125 0.0234375
4 0.8921875 0.57890625 0.0265625 0.03125
4 0.6265625 0.61953125 0.025 0.0359375
9 0.215625 0.57421875 0.0515625 0.0421875
9 0.07109375 0.559375 0.0578125 0.0484375
9 0.12578125 0.35625 0.053125 0.0421875
9 0.2546875 0.2625 0.0515625 0.0453125
9 0.1296875 0.25 0.0546875 0.0453125
9 0.34609375 0.80234375 0.0390625 0.103125
9 0.3390625 0.9421875 0.0375 0.090625
9 0.57890625 0.30625 0.053125 0.04375
9 0.72734375 0.33515625 0.0515625 0.0421875
9 0.70234375 0.56875 0.0484375 0.05625
9 0.7640625 0.5765625 0.053125 0.046875
2 0.38515625 0.590625 0.05 0.046875
2 0.53515625 0.60546875 0.05 0.0453125
2 0.853125 0.59140625 0.04375 0.04375
2 0.93828125 0.59765625 0.0484375 0.05
2 0.36953125 0.39375 0.04375 0.046875
2 0.37578125 0.828125 0.028125 0.08125
9 0.640625 0.14140625 0.0328125 0.0953125
0 0.61328125 0.121875 0.0421875 0.1125
10 0.94765625 0.34140625 0.1046875 0.0640625
0 0.915625 0.71328125 0.0890625 0.0734375
10 0.3953125 0.86796875 0.0828125 0.2609375
10 0.03828125 0.71953125 0.0765625 0.0984375
0 0.41171875 0.66328125 0.0921875 0.06875
0 0.6953125 0.6921875 0.0984375 0.06875
12 0.21171875 0.3109375 0.1984375 0.06875
12 0.2515625 0.36875 0.171875 0.075
2 0.06484375 0.3625 0.0546875 0.046875