4 0.41484375 0.41796875 0.025 0.0359375
4 0.76953125 0.67578125 0.0296875 0.0296875
4 0.7875 0.5984375 0.0296875 0.04375
4 0.87890625 0.62734375 0.025 0.0296875
2 0.6625 0.64609375 0.053125 0.040625
2 0.83515625 0.6359375 0.046875 0.046875
2 0.91953125 0.6484375 0.053125 0.0484375
2 0.521875 0.615625 0.05625 0.04375
2 0.33203125 0.809375 0.0390625 0.08125
2 0.3828125 0.38046875 0.046875 0.04375
2 0.08125 0.3125 0.059375 0.0453125
9 0.18125 0.2171875 0.059375 0.0453125
9 0.14453125 0.31328125 0.0625 0.053125
9 0.4359375 0.27109375 0.0578125 0.053125
9 0.68125 0.165625 0.04375 0.1
9 0.5953125 0.32265625 0.0578125 0.0484375
9 0.35 0.56875 0.05625 0.053125
9 0.2125 0.5453125 0.059375 0.046875
9 0.30859375 0.78359375 0.0484375 0.1
9 0.2828125 0.92109375 0.0453125 0.090625
9 0.68984375 0.59453125 0.0578125 0.0546875
9 0.74921875 0.60859375 0.05625 0.0453125
9 0.05859375 0.18125 0.05 0.04375
0 0.65625 0.1375 0.0546875 0.1203125
10 0.85546875 0.3734375 0.175 0.09375
10 0.35078125 0.8515625 0.1203125 0.2578125
10 0.059375 0.709375 0.11875 0.2125
12 0.221875 0.27734375 0.2046875 0.0875
12 0.2640625 0.3421875 0.178125 0.09375
0 0.5015625 0.6765625 0.1015625 0.08125
0 0.7796875 0.73828125 0.109375 0.0890625
0 0.11640625 0.5765625 0.075 0.0640625