4 0.58359375 0.41484375 0.0296875 0.0328125
4 0.15078125 0.6765625 0.0296875 0.025
4 0.23359375 0.6375 0.03125 0.0296875
0 0.2375 0.784375 0.1203125 0.09375
0 0.53203125 0.6703125 0.075 0.0640625
0 0.3109375 0.16640625 0.0671875 0.121875
10 0.4734375 0.29921875 0.171875 0.1078125
10 0.69921875 0.83359375 0.1484375 0.265625
12 0.7203125 0.31328125 0.1890625 0.11875
12 0.79921875 0.23203125 0.2109375 0.1109375
9 0.8828125 0.4765625 0.0640625 0.0609375
9 0.86875 0.1734375 0.0625 0.0578125
9 0.74453125 0.18125 0.0625 0.053125
9 0.7359375 0.7640625 0.0609375 0.10625
9 0.42578125 0.66015625 0.0625 0.053125
9 0.29921875 0.69609375 0.0640625 0.05625
9 0.33203125 0.6234375 0.065625 0.0625
9 0.27265625 0.63984375 0.0625 0.0515625
9 0.02578125 0.52890625 0.0515625 0.0578125
9 0.28984375 0.19609375 0.05625 0.0984375
2 0.71328125 0.79453125 0.05 0.0828125
2 0.19453125 0.678125 0.053125 0.046875
2 0.14609375 0.74921875 0.059375 0.05
2 0.11328125 0.70234375 0.053125 0.053125
2 0.61328125 0.37265625 0.0515625 0.05
2 0.975 0.4984375 0.05 0.046875
2 0.9046875 0.26875 0.0625 0.0484375
9 0.84140625 0.27578125 0.0625 0.0515625