4 0.45234375 0.34921875 0.028125 0.0578125
9 0.509375 0.31875 0.046875 0.0953125
9 0.4828125 0.275 0.0375 0.0953125
9 0.45078125 0.58125 0.0390625 0.0890625
9 0.4203125 0.5859375 0.0390625 0.0859375
9 0.46484375 0.6765625 0.0453125 0.084375
9 0.35703125 0.884375 0.0359375 0.0859375
9 0.39375 0.83359375 0.040625 0.0890625
9 0.68515625 0.659375 0.05625 0.0484375
9 0.7515625 0.66171875 0.0578125 0.05625
9 0.69375 0.6125 0.0640625 0.0484375
9 0.71015625 0.55 0.0578125 0.05625
9 0.771875 0.5515625 0.0609375 0.0546875
2 0.3734375 0.28359375 0.0609375 0.05
9 0.12890625 0.3703125 0.0578125 0.04375
9 0.13125 0.15703125 0.0609375 0.059375
2 0.5984375 0.1078125 0.034375 0.084375
2 0.63671875 0.0796875 0.0359375 0.0875
2 0.6609375 0.12265625 0.0375 0.071875
2 0.67890625 0.034375 0.0328125 0.06875
2 0.3734375 0.39140625 0.05 0.046875
2 0.4171875 0.88203125 0.0390625 0.1
4 0.58828125 0.1890625 0.0203125 0.040625
4 0.6671875 0.2046875 0.01875 0.0390625
4 0.67734375 0.16328125 0.0171875 0.0390625
4 0.6875 0.11875 0.0203125 0.04375
4 0.46953125 0.22421875 0.0171875 0.0453125
4 0.50234375 0.071875 0.021875 0.0453125
4 0.8109375 0.53359375 0.0265625 0.0296875
0 0.26796875 0.2671875 0.096875 0.0671875
10 0.5453125 0.47421875 0.1328125 0.2125
12 0.25234375 0.36875 0.175 0.090625