9 0.71171875 0.21328125 0.065625 0.05625
9 0.85078125 0.29296875 0.0640625 0.053125
9 0.97890625 0.46328125 0.0421875 0.0515625
9 0.846875 0.1875 0.065625 0.0515625
9 0.71953125 0.775 0.046875 0.096875
9 0.46953125 0.63984375 0.0671875 0.0515625
9 0.3421875 0.66640625 0.0609375 0.053125
9 0.3234375 0.60859375 0.0578125 0.05625
9 0.26875 0.62734375 0.0578125 0.05
9 0.3046875 0.18203125 0.05 0.096875
2 0.6171875 0.37734375 0.0515625 0.046875
2 0.69375 0.8 0.04375 0.0828125
2 0.9140625 0.2875 0.0578125 0.0453125
2 0.18359375 0.65859375 0.0453125 0.04375
2 0.1015625 0.68046875 0.053125 0.046875
2 0.184375 0.7125 0.0625 0.0515625
0 0.57578125 0.64921875 0.0703125 0.0671875
0 0.328125 0.153125 0.0625 0.1125
10 0.6828125 0.84296875 0.13125 0.2625
0 0.26953125 0.75390625 0.1171875 0.0890625
12 0.73046875 0.32734375 0.1828125 0.103125
12 0.8078125 0.253125 0.20625 0.0984375
10 0.434375 0.315625 0.16875 0.1046875
4 0.1421875 0.6578125 0.0265625 0.028125
4 0.228125 0.62265625 0.028125 0.028125
4 0.5890625 0.415625 0.025 0.0328125