10 0.10703125 0.86015625 0.0921875 0.2078125
0 0.315625 0.6296875 0.0671875 0.05625
10 0.65859375 0.32890625 0.1640625 0.0890625
0 0.64375 0.13828125 0.0515625 0.1203125
12 0.18984375 0.27890625 0.20625 0.0765625
12 0.25546875 0.3484375 0.1765625 0.0953125
10 0.35 0.85859375 0.1125 0.2609375
0 0.65078125 0.70859375 0.103125 0.0890625
0 0.925 0.7671875 0.103125 0.0796875
9 0.6703125 0.165625 0.04375 0.09375
9 0.55546875 0.62421875 0.0578125 0.0609375
9 0.684375 0.596875 0.059375 0.0515625
9 0.7453125 0.60625 0.053125 0.0484375
9 0.421875 0.6015625 0.0609375 0.0421875
9 0.30703125 0.78828125 0.0453125 0.096875
9 0.38984375 0.26875 0.0546875 0.0484375
9 0.22890625 0.22734375 0.0609375 0.05
9 0.1328125 0.32421875 0.0609375 0.046875
9 0.05078125 0.228125 0.0546875 0.0546875
2 0.375 0.38359375 0.0453125 0.046875
2 0.83046875 0.628125 0.046875 0.046875
2 0.915625 0.64140625 0.0484375 0.0421875
2 0.8453125 0.6828125 0.053125 0.05
2 0.7125 0.6546875 0.0578125 0.0453125
2 0.33203125 0.81875 0.0328125 0.078125
2 0.07109375 0.32265625 0.0578125 0.040625
4 0.78515625 0.59296875 0.025 0.028125
4 0.871875 0.62421875 0.03125 0.034375
4 0.40625 0.42109375 0.0234375 0.0296875