9 0.2375 0.25859375 0.059375 0.0453125
9 0.11640625 0.36328125 0.05625 0.04375
9 0.0203125 0.55546875 0.040625 0.04375
9 0.1 0.259375 0.059375 0.040625
9 0.33671875 0.81171875 0.0296875 0.09375
9 0.55625 0.63125 0.0609375 0.0421875
9 0.68671875 0.63359375 0.053125 0.04375
9 0.69375 0.57265625 0.05 0.046875
9 0.7515625 0.58046875 0.0515625 0.0421875
9 0.63125 0.15078125 0.0328125 0.09375
2 0.36171875 0.4015625 0.0453125 0.040625
2 0.3671875 0.83125 0.0296875 0.078125
2 0.053125 0.3703125 0.053125 0.0375
2 0.840625 0.5953125 0.0390625 0.0359375
2 0.92578125 0.60078125 0.046875 0.0390625
2 0.85 0.6484375 0.05625 0.0421875
0 0.45390625 0.6609375 0.0609375 0.05625
0 0.60234375 0.1265625 0.04375 0.10625
10 0.3859375 0.871875 0.0859375 0.2515625
0 0.775 0.70546875 0.10625 0.0703125
12 0.240625 0.37421875 0.171875 0.071875
12 0.15078125 0.31640625 0.1984375 0.0625
10 0.52890625 0.30625 0.1578125 0.0765625
4 0.88125 0.58671875 0.0234375 0.0234375
4 0.790625 0.56875 0.025 0.0234375
4 0.396875 0.434375 0.0203125 0.0296875