4 0.3984375 0.4375 0.0234375 0.028125
4 0.88125 0.58671875 0.0265625 0.01875
4 0.79140625 0.56875 0.0265625 0.025
0 0.8234375 0.7125 0.10625 0.0703125
0 0.51015625 0.67265625 0.065625 0.05
0 0.60234375 0.13046875 0.040625 0.1140625
10 0.47734375 0.2984375 0.159375 0.071875
10 0.3875 0.871875 0.090625 0.2515625
12 0.240625 0.371875 0.175 0.078125
12 0.14453125 0.3125 0.203125 0.0640625
9 0.12265625 0.56953125 0.0546875 0.05
9 0.06328125 0.27265625 0.053125 0.046875
9 0.1859375 0.25 0.0546875 0.040625
9 0.33515625 0.81328125 0.0375 0.1
9 0.6109375 0.6375 0.0546875 0.0421875
9 0.7421875 0.64140625 0.05625 0.04375
9 0.69296875 0.57890625 0.0546875 0.05
9 0.7546875 0.58046875 0.0546875 0.040625
9 0.97265625 0.4125 0.053125 0.046875
9 0.63046875 0.15390625 0.034375 0.09375
2 0.3640625 0.8375 0.03125 0.078125
2 0.83984375 0.59921875 0.0453125 0.0375
2 0.90390625 0.65625 0.053125 0.0390625
2 0.92421875 0.603125 0.0453125 0.04375
2 0.359375 0.40390625 0.04375 0.040625
2 0.03828125 0.61328125 0.04375 0.0375
2 0.0515625 0.3734375 0.0546875 0.0375
9 0.11484375 0.36484375 0.05625 0.0390625