0 0.75234375 0.6984375 0.1 0.0671875
0 0.47109375 0.66875 0.0953125 0.075
0 0.059375 0.609375 0.065625 0.046875
0 0.6125 0.12265625 0.04375 0.1140625
10 0.39609375 0.86953125 0.0859375 0.25
10 0.0546875 0.7328125 0.1078125 0.1609375
2 0.37421875 0.83125 0.03125 0.084375
10 0.9078125 0.334375 0.16875 0.0734375
2 0.8515625 0.59296875 0.04375 0.04375
2 0.93515625 0.5953125 0.0484375 0.040625
2 0.6078125 0.61640625 0.046875 0.04375
2 0.46328125 0.59609375 0.053125 0.046875
2 0.36640625 0.39296875 0.046875 0.0390625
2 0.06171875 0.36328125 0.05 0.04375
9 0.3453125 0.8 0.0359375 0.09375
9 0.33671875 0.94453125 0.03125 0.0875
9 0.28828125 0.58125 0.05 0.04375
9 0.14609375 0.56953125 0.0578125 0.046875
9 0.12421875 0.35703125 0.0578125 0.0453125
9 0.19921875 0.2578125 0.053125 0.0421875
9 0.0734375 0.23984375 0.05625 0.05625
9 0.49140625 0.2921875 0.059375 0.05
9 0.65078125 0.32421875 0.0515625 0.0453125
9 0.7015625 0.5703125 0.0515625 0.053125
9 0.7625 0.57734375 0.0515625 0.04375
9 0.64140625 0.14296875 0.0359375 0.103125
12 0.20390625 0.3125 0.196875 0.065625
12 0.2484375 0.36953125 0.1734375 0.0703125
0 0.9625 0.71796875 0.075 0.0578125
4 0.4078125 0.42890625 0.0203125 0.0359375
4 0.80234375 0.5609375 0.025 0.028125
4 0.8921875 0.58125 0.0234375 0.0234375
4 0.71015625 0.63125 0.03125 0.03125