4 0.46015625 0.346875 0.0265625 0.0578125
9 0.51875 0.31953125 0.0421875 0.09375
9 0.49453125 0.27421875 0.0328125 0.09375
9 0.446875 0.57890625 0.034375 0.0875
9 0.415625 0.58125 0.0359375 0.0828125
9 0.45546875 0.67421875 0.0421875 0.0828125
9 0.33671875 0.8765625 0.03125 0.0859375
9 0.3765625 0.82734375 0.0359375 0.0875
9 0.6765625 0.66875 0.0546875 0.046875
9 0.74296875 0.675 0.0546875 0.0546875
9 0.6875 0.62265625 0.0625 0.04375
9 0.70703125 0.5609375 0.05625 0.053125
9 0.76875 0.565625 0.0578125 0.0515625
2 0.38515625 0.27734375 0.059375 0.0484375
9 0.1359375 0.35078125 0.05625 0.040625
9 0.15 0.13828125 0.0578125 0.05625
2 0.61875 0.11328125 0.0296875 0.0828125
2 0.65859375 0.0875 0.03125 0.0875
2 0.68046875 0.13125 0.034375 0.0703125
2 0.703125 0.04296875 0.0296875 0.0703125
2 0.37890625 0.38515625 0.0484375 0.04375
2 0.39765625 0.87734375 0.034375 0.0984375
4 0.6046875 0.19375 0.01875 0.040625
4 0.68203125 0.2140625 0.0171875 0.0390625
4 0.69453125 0.17265625 0.015625 0.0375
4 0.70703125 0.12890625 0.01875 0.04375
4 0.484375 0.22265625 0.015625 0.0453125
4 0.525 0.07265625 0.0203125 0.04375
4 0.80859375 0.55 0.025 0.028125
0 0.28046875 0.25546875 0.09375 0.0625
10 0.546875 0.4765625 0.1234375 0.2078125
12 0.259375 0.35625 0.1703125 0.0828125