12 0.2515625 0.3109375 0.19375 0.0671875
12 0.25234375 0.36328125 0.1703125 0.06875
0 0.20234375 0.63046875 0.1015625 0.059375
0 0.415625 0.65078125 0.0828125 0.0640625
10 0.3953125 0.86484375 0.084375 0.2578125
0 0.6125 0.11796875 0.04375 0.115625
0 0.690625 0.88515625 0.084375 0.0890625
9 0.63984375 0.13984375 0.034375 0.10625
9 0.68671875 0.321875 0.0515625 0.04375
9 0.84921875 0.3859375 0.0484375 0.04375
9 0.7609375 0.57421875 0.0515625 0.0421875
9 0.703125 0.565625 0.0484375 0.05
9 0.24609375 0.09609375 0.05625 0.053125
9 0.19140625 0.25546875 0.0578125 0.0453125
9 0.12734375 0.35546875 0.05625 0.046875
9 0.34609375 0.80234375 0.0359375 0.090625
9 0.3390625 0.9375 0.03125 0.0890625
2 0.37421875 0.82578125 0.0265625 0.075
2 0.3140625 0.925 0.028125 0.084375
2 0.56796875 0.6140625 0.040625 0.034375
2 0.8515625 0.590625 0.04375 0.046875
2 0.9359375 0.590625 0.0453125 0.0453125
2 0.36953125 0.3921875 0.04375 0.0390625
2 0.06484375 0.36171875 0.0546875 0.04375
9 0.73203125 0.6375 0.059375 0.046875
4 0.30859375 0.85546875 0.0234375 0.05
4 0.8015625 0.55859375 0.0265625 0.021875
4 0.890625 0.57734375 0.028125 0.03125
4 0.40703125 0.4265625 0.0203125 0.0359375
4 0.67734375 0.17265625 0.0140625 0.040625