0 0.92109375 0.7328125 0.1015625 0.075
0 0.55390625 0.10546875 0.059375 0.1203125
0 0.58046875 0.65 0.096875 0.08125
10 0.4546875 0.87109375 0.125 0.2578125
0 0.35859375 0.67421875 0.103125 0.08125
0 0.05390625 0.68203125 0.0703125 0.0703125
2 0.03671875 0.61796875 0.053125 0.0453125
2 0.37890625 0.9765625 0.0453125 0.046875
2 0.4296875 0.84375 0.0421875 0.0875
2 0.86328125 0.534375 0.046875 0.0421875
2 0.9484375 0.52265625 0.0546875 0.05
2 0.81328125 0.5953125 0.053125 0.0484375
2 0.353125 0.4140625 0.0515625 0.05
2 0.05 0.43515625 0.0578125 0.0546875
9 0.39609375 0.8234375 0.0515625 0.10625
9 0.71328125 0.5359375 0.059375 0.0578125
9 0.77265625 0.52734375 0.059375 0.053125
9 0.48984375 0.29609375 0.0625 0.059375
9 0.64921875 0.340625 0.05625 0.0546875
9 0.5859375 0.12578125 0.0484375 0.1078125
9 0.0875 0.340625 0.0625 0.046875
9 0.0265625 0.22890625 0.053125 0.0484375
9 0.11015625 0.4140625 0.065625 0.05625
9 0.4125 0.9578125 0.046875 0.084375
12 0.221875 0.35390625 0.203125 0.096875
12 0.2328125 0.40859375 0.1828125 0.0953125
4 0.1140625 0.6140625 0.0296875 0.0265625
4 0.8109375 0.5109375 0.025 0.0265625
4 0.90078125 0.5125 0.0359375 0.03125
4 0.3984375 0.4421875 0.0296875 0.0359375
4 0.63203125 0.06171875 0.0203125 0.0453125