10 0.0671875 0.1703125 0.134375 0.071875
10 0.39609375 0.86875 0.0859375 0.259375
0 0.61484375 0.11875 0.046875 0.1171875
0 0.80390625 0.6953125 0.103125 0.065625
2 0.37421875 0.82578125 0.0296875 0.0828125
2 0.3875 0.5875 0.0453125 0.04375
2 0.22109375 0.56953125 0.0546875 0.04375
2 0.1484375 0.90859375 0.0359375 0.0890625
2 0.84765625 0.58828125 0.040625 0.04375
2 0.9375 0.59375 0.05 0.04375
2 0.36875 0.3921875 0.0453125 0.0390625
2 0.0625 0.36171875 0.0546875 0.053125
12 0.2265625 0.30703125 0.1984375 0.065625
12 0.25234375 0.36640625 0.1734375 0.071875
9 0.63984375 0.14375 0.0390625 0.1
9 0.703125 0.56875 0.0546875 0.0546875
9 0.7640625 0.575 0.0515625 0.04375
9 0.90078125 0.36953125 0.05 0.0546875
9 0.77265625 0.34375 0.0515625 0.046875
9 0.375 0.28515625 0.0546875 0.0421875
9 0.24296875 0.26171875 0.0578125 0.040625
9 0.1265625 0.35703125 0.05625 0.0453125
9 0.05546875 0.54921875 0.0546875 0.040625
9 0.34609375 0.8 0.0375 0.096875
9 0.33671875 0.940625 0.0359375 0.084375
0 0.5828125 0.675 0.0984375 0.0703125
0 0.28828125 0.64453125 0.0984375 0.065625
4 0.46328125 0.6 0.028125 0.028125
4 0.80234375 0.565625 0.021875 0.03125
4 0.89375 0.57890625 0.0234375 0.0234375
4 0.4078125 0.425 0.0234375 0.0390625
2 0.89765625 0.03515625 0.0359375 0.06875
9 0.040625 0.290625 0.0578125 0.046875