12 0.25859375 0.36171875 0.1703125 0.078125
10 0.5765625 0.44375 0.1328125 0.1921875
0 0.27734375 0.26171875 0.090625 0.059375
9 0.1359375 0.35625 0.05625 0.05
9 0.22265625 0.10625 0.053125 0.0546875
9 0.54921875 0.1984375 0.03125 0.0921875
9 0.5234375 0.1609375 0.034375 0.0921875
9 0.475 0.47421875 0.034375 0.09375
9 0.4421875 0.46875 0.0328125 0.0890625
9 0.46953125 0.61875 0.0375 0.0828125
9 0.70703125 0.56171875 0.0578125 0.046875
9 0.76796875 0.5625 0.05625 0.0375
9 0.684375 0.62265625 0.0578125 0.04375
9 0.740625 0.66875 0.0546875 0.046875
9 0.6765625 0.66953125 0.0546875 0.04375
9 0.359375 0.78671875 0.0296875 0.075
9 0.396875 0.74375 0.0390625 0.09375
2 0.37734375 0.27421875 0.05625 0.0546875
2 0.41328125 0.8125 0.0328125 0.084375
2 0.34453125 0.9484375 0.03125 0.0875
2 0.6171875 0.11484375 0.0328125 0.0859375
2 0.6546875 0.08515625 0.0296875 0.08125
2 0.68125 0.1375 0.03125 0.0765625
2 0.70390625 0.0453125 0.03125 0.0765625
4 0.603125 0.18984375 0.015625 0.0375
4 0.6828125 0.21171875 0.01875 0.0375
4 0.69140625 0.175 0.0203125 0.0390625
4 0.703125 0.13046875 0.015625 0.040625
4 0.8046875 0.55 0.0203125 0.021875
4 0.51015625 0.1203125 0.0125 0.05
2 0.3765625 0.38671875 0.040625 0.04375
4 0.2953125 0.93515625 0.015625 0.0375
4 0.4859375 0.2390625 0.0265625 0.059375