4 0.40546875 0.425 0.01875 0.0375
4 0.8 0.559375 0.028125 0.028125
4 0.89140625 0.575 0.0234375 0.0265625
4 0.31875 0.8125 0.0171875 0.05625
4 0.66953125 0.20078125 0.0125 0.040625
9 0.33125 0.03671875 0.0515625 0.059375
9 0.2359375 0.25546875 0.0515625 0.0390625
9 0.125 0.35546875 0.05625 0.046875
9 0.34453125 0.80078125 0.0375 0.0953125
9 0.3390625 0.94140625 0.0328125 0.084375
9 0.6015625 0.6203125 0.053125 0.04375
9 0.70234375 0.56796875 0.0515625 0.0578125
9 0.7625 0.57265625 0.0546875 0.0484375
9 0.94453125 0.39921875 0.05 0.0390625
9 0.77578125 0.33125 0.0546875 0.0421875
9 0.63828125 0.14375 0.0359375 0.0953125
2 0.36953125 0.3921875 0.0453125 0.0375
2 0.0609375 0.36328125 0.0515625 0.040625
2 0.45234375 0.5984375 0.0453125 0.046875
2 0.37421875 0.825 0.028125 0.0796875
2 0.31484375 0.91875 0.0265625 0.0796875
2 0.85 0.58671875 0.0453125 0.040625
2 0.93671875 0.590625 0.0453125 0.046875
10 0.3953125 0.8625 0.0828125 0.2453125
0 0.60625 0.953125 0.0765625 0.09375
0 0.6125 0.11875 0.04375 0.1265625
12 0.2546875 0.31171875 0.1953125 0.075
12 0.25 0.36484375 0.171875 0.0765625
0 0.1296875 0.61953125 0.1015625 0.065625
0 0.34375 0.64609375 0.08125 0.0625