10 0.94453125 0.20859375 0.1109375 0.0828125
10 0.5703125 0.87109375 0.109375 0.2578125
0 0.41875 0.11015625 0.05625 0.1203125
0 0.18046875 0.66796875 0.1078125 0.0734375
2 0.596875 0.83515625 0.0375 0.084375
2 0.6046875 0.596875 0.0484375 0.046875
2 0.771875 0.59375 0.0578125 0.0484375
2 0.81484375 0.9375 0.04375 0.0921875
2 0.14609375 0.5578125 0.04375 0.046875
2 0.05625 0.55546875 0.053125 0.046875
2 0.63984375 0.40390625 0.0484375 0.0421875
2 0.94765625 0.4 0.059375 0.05625
12 0.7890625 0.33125 0.203125 0.0828125
12 0.75859375 0.38828125 0.1796875 0.0875
9 0.39140625 0.1328125 0.0484375 0.103125
9 0.29140625 0.55078125 0.059375 0.0578125
9 0.23046875 0.5515625 0.0546875 0.0484375
9 0.1125 0.33515625 0.0546875 0.0578125
9 0.2421875 0.3203125 0.05625 0.05
9 0.64296875 0.296875 0.0578125 0.0453125
9 0.7765625 0.28515625 0.0609375 0.0453125
9 0.884375 0.38984375 0.059375 0.05
9 0.93828125 0.5875 0.0578125 0.0453125
9 0.62734375 0.8125 0.0453125 0.0984375
9 0.62421875 0.953125 0.04375 0.0875
0 0.40234375 0.6671875 0.103125 0.0796875
0 0.6984375 0.6625 0.103125 0.0734375
4 0.528125 0.603125 0.0296875 0.0296875
4 0.19296875 0.5390625 0.025 0.0328125
4 0.10078125 0.54453125 0.025 0.0265625
4 0.5984375 0.43359375 0.0265625 0.040625
2 0.14375 0.01875 0.040625 0.0375
9 0.97265625 0.33046875 0.0546875 0.0515625