4 0.60078125 0.44453125 0.025 0.034375
4 0.7890625 0.615625 0.0328125 0.028125
4 0.19140625 0.51328125 0.03125 0.0296875
4 0.10078125 0.5125 0.0296875 0.0359375
0 0.353125 0.653125 0.0984375 0.08125
0 0.44921875 0.1109375 0.0625 0.1265625
10 0.74765625 0.09296875 0.1796875 0.1421875
10 0.54609375 0.871875 0.1234375 0.25625
2 0.57109375 0.84140625 0.040625 0.078125
2 0.1359375 0.53125 0.0484375 0.0484375
2 0.05 0.52421875 0.05625 0.0515625
2 0.06640625 0.59375 0.0578125 0.05
2 0.64453125 0.415625 0.05 0.05
2 0.87265625 0.609375 0.0515625 0.05
2 0.95234375 0.4296875 0.05625 0.0453125
9 0.603125 0.81640625 0.05 0.1046875
9 0.5875 0.95625 0.046875 0.0875
0 0.57421875 0.66953125 0.1046875 0.0828125
0 0.89765625 0.68046875 0.109375 0.0828125
9 0.43671875 0.3328125 0.0625 0.0609375
9 0.5859375 0.2984375 0.0578125 0.0484375
9 0.88984375 0.41640625 0.0640625 0.0484375
9 0.93671875 0.3515625 0.0640625 0.0484375
9 0.2859375 0.53984375 0.059375 0.05625
9 0.22734375 0.5328125 0.0546875 0.0578125
9 0.415625 0.1234375 0.0484375 0.103125
12 0.78125 0.353125 0.2 0.0984375
12 0.76640625 0.40546875 0.18125 0.1
0 0.02109375 0.7078125 0.0421875 0.071875