4 0.60703125 0.44453125 0.025 0.0390625
4 0.19453125 0.50078125 0.0328125 0.0328125
4 0.1015625 0.49921875 0.0265625 0.0296875
4 0.61796875 0.84140625 0.028125 0.0578125
4 0.390625 0.17421875 0.0203125 0.0421875
9 0.75390625 0.07734375 0.0609375 0.06875
9 0.80625 0.31015625 0.0578125 0.0484375
9 0.8953125 0.4296875 0.0640625 0.05625
9 0.5953125 0.825 0.0546875 0.1
9 0.57265625 0.959375 0.0484375 0.08125
9 0.37734375 0.5984375 0.0609375 0.053125
9 0.28828125 0.528125 0.0625 0.065625
9 0.228125 0.52109375 0.0625 0.0578125
9 0.0828125 0.31640625 0.05625 0.0484375
9 0.26171875 0.28203125 0.0609375 0.0515625
9 0.43203125 0.12421875 0.0546875 0.1015625
2 0.6484375 0.41875 0.0515625 0.0453125
2 0.95703125 0.44921875 0.0578125 0.05
2 0.528125 0.60546875 0.053125 0.053125
2 0.56171875 0.84296875 0.0421875 0.0828125
2 0.6015625 0.94609375 0.040625 0.0828125
2 0.13984375 0.51796875 0.0515625 0.0484375
2 0.05390625 0.50546875 0.053125 0.0546875
10 0.5328125 0.8734375 0.128125 0.253125
0 0.309375 0.92421875 0.09375 0.10625
0 0.4625 0.10390625 0.0671875 0.1328125
12 0.7765625 0.36171875 0.20625 0.109375
12 0.77109375 0.41484375 0.1828125 0.1078125
0 0.840625 0.68828125 0.1125 0.084375
0 0.62578125 0.6734375 0.0921875 0.0765625