9 0.0546875 0.2875 0.0546875 0.040625
9 0.125 0.35625 0.0578125 0.05
9 0.30703125 0.26953125 0.05 0.0515625
9 0.4375 0.30078125 0.053125 0.0484375
9 0.3390625 0.94375 0.0328125 0.0890625
9 0.34765625 0.80078125 0.0359375 0.1
9 0.640625 0.146875 0.0359375 0.0953125
9 0.87265625 0.36796875 0.053125 0.0515625
9 0.765625 0.57578125 0.0515625 0.04375
9 0.703125 0.56796875 0.053125 0.053125
2 0.93125 0.10625 0.040625 0.0765625
2 0.9390625 0.5953125 0.0484375 0.0421875
2 0.85078125 0.58828125 0.04375 0.04375
2 0.36953125 0.390625 0.046875 0.0375
2 0.0640625 0.3625 0.0515625 0.04375
2 0.140625 0.56171875 0.0578125 0.0484375
2 0.303125 0.58125 0.046875 0.046875
2 0.1078125 0.8140625 0.0421875 0.08125
2 0.37421875 0.82578125 0.0265625 0.0765625
12 0.23515625 0.3109375 0.1953125 0.0703125
12 0.24921875 0.3671875 0.171875 0.06875
10 0.140625 0.14296875 0.1703125 0.0953125
10 0.3953125 0.8671875 0.0859375 0.259375
0 0.61328125 0.11953125 0.04375 0.115625
0 0.74296875 0.68671875 0.09375 0.065625
4 0.89453125 0.57734375 0.028125 0.028125
4 0.8 0.55625 0.0234375 0.03125
4 0.409375 0.425 0.021875 0.0390625
4 0.37734375 0.59296875 0.025 0.03125
0 0.5234375 0.66875 0.0921875 0.0703125
0 0.21796875 0.6328125 0.0984375 0.0640625