0 0.89921875 0.76875 0.096875 0.06875
0 0.58828125 0.11171875 0.05 0.1171875
0 0.5671875 0.65625 0.0921875 0.075
10 0.421875 0.8703125 0.103125 0.259375
0 0.34375 0.6609375 0.0984375 0.075
0 0.03984375 0.64296875 0.065625 0.065625
2 0.028125 0.5765625 0.05 0.0421875
2 0.3359375 0.97109375 0.040625 0.0578125
2 0.4 0.8359375 0.034375 0.0859375
2 0.85859375 0.565625 0.04375 0.0390625
2 0.94453125 0.56171875 0.0515625 0.046875
2 0.80390625 0.621875 0.05 0.0453125
2 0.36171875 0.4015625 0.0484375 0.0453125
2 0.05703125 0.39609375 0.0546875 0.05
9 0.36875 0.81328125 0.0421875 0.103125
9 0.709375 0.5546875 0.0546875 0.053125
9 0.76875 0.55078125 0.0546875 0.05
9 0.5078125 0.29609375 0.059375 0.0546875
9 0.6625 0.35390625 0.053125 0.05
9 0.61875 0.134375 0.040625 0.10625
9 0.10234375 0.30546875 0.0609375 0.04375
9 0.046875 0.1890625 0.0625 0.04375
9 0.11875 0.38046875 0.0625 0.053125
9 0.37265625 0.9515625 0.0390625 0.0859375
12 0.2359375 0.33046875 0.1984375 0.08125
12 0.24140625 0.3859375 0.178125 0.08125
4 0.10546875 0.5796875 0.028125 0.0234375
4 0.80859375 0.53828125 0.0234375 0.025
4 0.89765625 0.54765625 0.034375 0.028125
4 0.40390625 0.43359375 0.0265625 0.034375
4 0.6703125 0.07421875 0.0171875 0.04375