0 0.31640625 0.6921875 0.096875 0.078125
10 0.49453125 0.875 0.1515625 0.25
0 0.509375 0.1078125 0.0703125 0.1171875
0 0.1015625 0.72421875 0.1125 0.090625
12 0.21484375 0.3828125 0.20625 0.1171875
12 0.225 0.43203125 0.1796875 0.1125
9 0.22890625 0.3203125 0.06875 0.059375
9 0.10078125 0.4609375 0.0625 0.059375
9 0.503125 0.60546875 0.065625 0.0640625
9 0.71171875 0.5109375 0.0640625 0.0640625
9 0.7734375 0.50234375 0.065625 0.05625
9 0.81875 0.25703125 0.0640625 0.05625
9 0.54375 0.121875 0.05625 0.1046875
9 0.42734375 0.83046875 0.0609375 0.1
9 0.46015625 0.9609375 0.0546875 0.078125
2 0.46328125 0.84453125 0.0515625 0.0828125
2 0.42890625 0.9546875 0.0515625 0.090625
2 0.3609375 0.6265625 0.0578125 0.05
2 0.34609375 0.42890625 0.053125 0.0453125
2 0.04296875 0.478125 0.0578125 0.05
2 0.86171875 0.496875 0.053125 0.05625
2 0.9453125 0.47734375 0.05625 0.0515625
4 0.8984375 0.47109375 0.03125 0.028125
4 0.8046875 0.47890625 0.028125 0.0265625
4 0.38984375 0.45703125 0.0265625 0.0359375
4 0.4078125 0.8125 0.0265625 0.04375
4 0.58671875 0.17890625 0.028125 0.0453125