0 0.8796875 0.79609375 0.09375 0.0625
0 0.61484375 0.11875 0.0421875 0.1140625
0 0.55625 0.6609375 0.0875 0.06875
10 0.396875 0.86484375 0.0859375 0.25625
0 0.3328125 0.65 0.09375 0.0671875
0 0.03125 0.61015625 0.0625 0.0609375
2 0.02421875 0.54375 0.046875 0.0390625
2 0.30390625 0.96484375 0.0359375 0.06875
2 0.3765625 0.828125 0.0296875 0.084375
2 0.853125 0.590625 0.0421875 0.0359375
2 0.9390625 0.5921875 0.0484375 0.04375
2 0.79453125 0.64296875 0.046875 0.0421875
2 0.36875 0.3921875 0.0453125 0.04375
2 0.065625 0.365625 0.0515625 0.046875
9 0.346875 0.803125 0.0359375 0.1015625
9 0.7046875 0.56875 0.0515625 0.05
9 0.76484375 0.56953125 0.0515625 0.046875
9 0.521875 0.296875 0.05625 0.0515625
9 0.67265625 0.365625 0.05 0.046875
9 0.64375 0.14375 0.0328125 0.1046875
9 0.1171875 0.278125 0.0578125 0.0390625
9 0.06953125 0.1578125 0.059375 0.0390625
9 0.128125 0.35390625 0.059375 0.0484375
9 0.34140625 0.94140625 0.0328125 0.084375
12 0.2484375 0.3125 0.1953125 0.06875
12 0.25 0.36796875 0.175 0.0703125
4 0.10078125 0.55234375 0.028125 0.021875
4 0.80546875 0.559375 0.021875 0.0234375
4 0.89375 0.575 0.0328125 0.0265625
4 0.40859375 0.42734375 0.025 0.0328125
4 0.69921875 0.0875 0.0140625 0.04375