4 0.565625 0.1328125 0.040625 0.0703125
9 0.55859375 0.365625 0.05 0.0921875
9 0.52890625 0.35703125 0.0484375 0.0890625
9 0.51953125 0.0546875 0.0515625 0.090625
9 0.55078125 0.034375 0.0453125 0.06875
2 0.6671875 0.3078125 0.065625 0.05625
9 0.88984375 0.43203125 0.065625 0.0625
9 0.49375 0.57109375 0.0625 0.09375
9 0.54140625 0.6578125 0.05 0.096875
9 0.57109375 0.70859375 0.0515625 0.0984375
9 0.28515625 0.5078125 0.06875 0.065625
9 0.225 0.50078125 0.065625 0.0609375
9 0.22890625 0.6109375 0.0640625 0.0578125
9 0.2921875 0.5796875 0.0703125 0.059375
9 0.290625 0.6265625 0.0609375 0.0515625
9 0.8046875 0.11484375 0.0609375 0.0640625
2 0.5140625 0.76640625 0.0546875 0.096875
2 0.55 0.87109375 0.053125 0.0953125
2 0.47265625 0.09609375 0.0484375 0.0890625
2 0.44296875 0.05703125 0.0515625 0.0875
2 0.4109375 0.103125 0.0453125 0.0703125
2 0.40390625 0.02578125 0.0453125 0.0515625
2 0.64765625 0.4171875 0.0625 0.0546875
12 0.7671875 0.41484375 0.184375 0.103125
0 0.7703125 0.31328125 0.1046875 0.08125
10 0.41328125 0.38984375 0.1765625 0.196875
4 0.4671875 0.178125 0.028125 0.0515625
4 0.38828125 0.17734375 0.021875 0.0359375
4 0.38671875 0.140625 0.01875 0.03125
4 0.3859375 0.0890625 0.0265625 0.040625
4 0.19453125 0.4796875 0.03125 0.0359375
0 0.74140625 0.9515625 0.0828125 0.096875