12 0.17109375 0.89609375 0.1421875 0.2078125
12 0.23359375 0.34453125 0.2015625 0.090625
12 0.23203125 0.4 0.178125 0.0890625
0 0.56171875 0.11015625 0.0515625 0.1171875
10 0.4359375 0.871875 0.121875 0.25625
9 0.38125 0.8171875 0.046875 0.096875
9 0.390625 0.95703125 0.04375 0.0859375
9 0.10703125 0.40703125 0.059375 0.046875
9 0.58984375 0.1296875 0.0484375 0.109375
9 0.76484375 0.54140625 0.0609375 0.0515625
9 0.70546875 0.54375 0.0625 0.0625
9 0.83984375 0.60859375 0.059375 0.046875
9 0.63984375 0.97109375 0.0375 0.0359375
2 0.3546875 0.4125 0.0484375 0.04375
2 0.4140625 0.84375 0.034375 0.08125
2 0.36484375 0.940625 0.0390625 0.0875
2 0.0453125 0.42109375 0.0609375 0.0453125
2 0.621875 0.1234375 0.040625 0.0890625
2 0.60234375 0.034375 0.0390625 0.06875
2 0.9390625 0.53828125 0.0515625 0.0484375
2 0.853125 0.5453125 0.04375 0.0484375
2 0.8765625 0.06953125 0.0515625 0.0890625
2 0.39609375 0.60078125 0.04375 0.0453125
9 0.75078125 0.29296875 0.0546875 0.0515625
4 0.628125 0.2015625 0.0203125 0.0390625
4 0.63359375 0.1640625 0.0203125 0.04375
4 0.8015625 0.525 0.025 0.03125
4 0.89375 0.53203125 0.0296875 0.03125
4 0.39609375 0.4453125 0.0234375 0.0390625
4 0.3640625 0.7734375 0.0203125 0.046875