4 0.7578125 0.15234375 0.0203125 0.0359375
4 0.71171875 0.2515625 0.01875 0.040625
4 0.8703125 0.6453125 0.025 0.028125
4 0.78359375 0.61328125 0.025 0.0265625
4 0.41875 0.41328125 0.025 0.0296875
4 0.29296875 0.72265625 0.0265625 0.046875
2 0.38984375 0.37265625 0.0515625 0.04375
2 0.7296875 0.1765625 0.04375 0.0875
2 0.82890625 0.6484375 0.0453125 0.0453125
2 0.9125 0.66484375 0.05625 0.04375
2 0.3203125 0.79921875 0.040625 0.0828125
2 0.24453125 0.88359375 0.04375 0.0890625
2 0.09140625 0.29453125 0.0578125 0.046875
0 0.6765625 0.14609375 0.0625 0.1265625
10 0.3328125 0.840625 0.125 0.2671875
12 0.29375 0.2765625 0.203125 0.0953125
12 0.27734375 0.325 0.1796875 0.0984375
9 0.146875 0.18125 0.0609375 0.05625
9 0.153125 0.29765625 0.0625 0.059375
9 0.29453125 0.7703125 0.0515625 0.103125
9 0.2671875 0.9 0.0484375 0.09375
9 0.6984375 0.17578125 0.0484375 0.090625
9 0.70234375 0.353125 0.0625 0.05625
9 0.68515625 0.60234375 0.059375 0.059375
9 0.7453125 0.6171875 0.059375 0.0546875