12 0.6890625 0.259375 0.203125 0.1125
12 0.709375 0.30625 0.1828125 0.1109375
10 0.69609375 0.82734375 0.1484375 0.2609375
0 0.29765625 0.1609375 0.071875 0.125
9 0.05 0.46171875 0.0609375 0.0515625
9 0.28671875 0.88984375 0.0640625 0.059375
9 0.26796875 0.6375 0.0625 0.0546875
9 0.3234375 0.61796875 0.0609375 0.059375
9 0.434375 0.3 0.0625 0.053125
9 0.82734375 0.2671875 0.059375 0.0484375
9 0.275 0.19296875 0.0546875 0.0984375
2 0.24375 0.19609375 0.046875 0.084375
2 0.1875 0.67578125 0.0484375 0.0453125
2 0.1046875 0.703125 0.0546875 0.0515625
2 0.259375 0.70625 0.053125 0.053125
2 0.60078125 0.3609375 0.053125 0.0484375
2 0.8890625 0.25859375 0.059375 0.053125
2 0.22578125 0.10078125 0.053125 0.090625
4 0.575 0.4078125 0.025 0.03125
4 0.14453125 0.67578125 0.0296875 0.03125
4 0.2265625 0.63671875 0.0296875 0.0265625
4 0.26953125 0.271875 0.0234375 0.0453125
4 0.24765625 0.23828125 0.025 0.0390625
4 0.7265625 0.70625 0.0296875 0.05
2 0.70703125 0.7828125 0.046875 0.0765625
2 0.790625 0.8609375 0.0484375 0.0875
9 0.728125 0.753125 0.0578125 0.1
9 0.77109375 0.88515625 0.053125 0.09375