0 0.8421875 0.69765625 0.0953125 0.0765625
10 0.52109375 0.87421875 0.1421875 0.2515625
0 0.47578125 0.10625 0.0671875 0.121875
9 0.659375 0.30546875 0.0609375 0.05625
9 0.8984375 0.44375 0.0609375 0.05625
9 0.5828125 0.83125 0.0546875 0.1
9 0.5578125 0.959375 0.05 0.08125
9 0.75078125 0.6359375 0.0640625 0.0609375
9 0.44453125 0.12265625 0.05625 0.1
9 0.28671875 0.525 0.0625 0.065625
9 0.2296875 0.5109375 0.0609375 0.0546875
2 0.65078125 0.42578125 0.0515625 0.0515625
2 0.95859375 0.465625 0.0640625 0.0546875
2 0.89453125 0.64453125 0.05 0.05
2 0.55 0.85 0.046875 0.0890625
2 0.5859375 0.9546875 0.046875 0.0875
2 0.1390625 0.509375 0.05 0.053125
2 0.0546875 0.4921875 0.0546875 0.0515625
2 0.41171875 0.04140625 0.0484375 0.0828125
4 0.19140625 0.49375 0.03125 0.0328125
4 0.1015625 0.48515625 0.03125 0.0296875
4 0.60859375 0.44609375 0.0328125 0.0375
4 0.60546875 0.78046875 0.028125 0.046875
4 0.403125 0.18515625 0.025 0.04375
12 0.77890625 0.37265625 0.2046875 0.1109375
12 0.77265625 0.42421875 0.184375 0.1140625