4 0.59609375 0.1390625 0.0390625 0.0703125
9 0.50390625 0.35390625 0.0484375 0.0921875
9 0.534375 0.3578125 0.046875 0.0875
9 0.6703125 0.08828125 0.05 0.090625
9 0.65078125 0.05625 0.04375 0.071875
2 0.4296875 0.2546875 0.065625 0.05625
9 0.175 0.2734375 0.0640625 0.0609375
9 0.47578125 0.56640625 0.0609375 0.09375
9 0.39609375 0.62578125 0.0484375 0.096875
9 0.346875 0.659375 0.05 0.0984375
9 0.69140625 0.5984375 0.0671875 0.0640625
9 0.74921875 0.6171875 0.0640625 0.0609375
9 0.6984375 0.71484375 0.0625 0.05625
9 0.6546875 0.66015625 0.0703125 0.0578125
9 0.63671875 0.703125 0.059375 0.0515625
9 0.38671875 0.0265625 0.0609375 0.053125
2 0.375 0.73515625 0.053125 0.096875
2 0.2984375 0.81484375 0.0515625 0.0953125
2 0.6953125 0.1453125 0.046875 0.0890625
2 0.7390625 0.12265625 0.05 0.0875
2 0.7484375 0.178125 0.04375 0.0703125
2 0.79296875 0.0984375 0.04375 0.078125
2 0.4015625 0.3625 0.0609375 0.0546875
12 0.29375 0.31015625 0.1828125 0.1015625
0 0.334375 0.21640625 0.103125 0.0796875
10 0.625 0.4375 0.175 0.1953125
4 0.66640625 0.221875 0.0265625 0.0515625
4 0.7375 0.2546875 0.0203125 0.0359375
4 0.7546875 0.221875 0.01875 0.03125
4 0.77734375 0.17578125 0.0265625 0.040625
4 0.78515625 0.6109375 0.03125 0.0359375
0 0.07890625 0.83203125 0.08125 0.1484375