9 0.2375 0.5703125 0.0515625 0.04375
9 0.296875 0.56875 0.053125 0.053125
9 0.246875 0.3234375 0.0578125 0.040625
9 0.878125 0.36640625 0.0578125 0.04375
9 0.76640625 0.26328125 0.0515625 0.04375
9 0.36796875 0.146875 0.0375 0.096875
9 0.64921875 0.803125 0.0375 0.1046875
9 0.65390625 0.94296875 0.0375 0.090625
12 0.746875 0.31640625 0.19375 0.0703125
12 0.75390625 0.37265625 0.1734375 0.071875
10 0.59921875 0.87109375 0.0890625 0.2578125
0 0.39609375 0.1171875 0.046875 0.1203125
2 0.15078125 0.584375 0.040625 0.0375
2 0.0625 0.58515625 0.0484375 0.040625
2 0.634375 0.3953125 0.0484375 0.0421875
2 0.62109375 0.82734375 0.0265625 0.0796875
2 0.678125 0.928125 0.0328125 0.0828125
2 0.33671875 0.13515625 0.0328125 0.0828125
2 0.9390625 0.3703125 0.05 0.0453125
4 0.59765625 0.4265625 0.0265625 0.040625
4 0.3390625 0.21640625 0.0140625 0.040625
4 0.32265625 0.14609375 0.0203125 0.0421875
4 0.19921875 0.5546875 0.0265625 0.021875
4 0.11015625 0.57265625 0.028125 0.0328125
4 0.659375 0.759375 0.01875 0.04375