4 0.24765625 0.14765625 0.0203125 0.0359375
4 0.2921875 0.2484375 0.0171875 0.040625
4 0.12734375 0.6390625 0.025 0.0265625
4 0.2140625 0.60859375 0.025 0.025
4 0.5828125 0.41484375 0.0234375 0.0296875
4 0.703125 0.7265625 0.0265625 0.046875
2 0.6125 0.375 0.0515625 0.0421875
2 0.27578125 0.17265625 0.0421875 0.0875
2 0.16796875 0.64296875 0.0453125 0.0453125
2 0.084375 0.6578125 0.0546875 0.04375
2 0.67421875 0.80234375 0.0390625 0.0828125
2 0.74921875 0.8875 0.0421875 0.0890625
2 0.9125 0.3015625 0.0578125 0.0453125
0 0.3296875 0.14296875 0.059375 0.1265625
10 0.6609375 0.84375 0.121875 0.265625
12 0.71015625 0.2796875 0.203125 0.0921875
12 0.72578125 0.32890625 0.1796875 0.0953125
9 0.85859375 0.1875 0.059375 0.05625
9 0.85 0.30390625 0.0625 0.0578125
9 0.70078125 0.7734375 0.05 0.103125
9 0.72578125 0.90390625 0.046875 0.09375
9 0.30703125 0.171875 0.046875 0.090625
9 0.30078125 0.35 0.0609375 0.05625
9 0.31328125 0.59921875 0.059375 0.0578125
9 0.253125 0.6125 0.0578125 0.053125