4 0.58125 0.41328125 0.028125 0.0359375
4 0.21328125 0.60546875 0.0234375 0.028125
4 0.12578125 0.6359375 0.0265625 0.028125
4 0.29140625 0.2484375 0.0234375 0.0453125
4 0.70234375 0.7265625 0.025 0.0484375
2 0.6125 0.37265625 0.05 0.0453125
2 0.91015625 0.3 0.0609375 0.053125
2 0.67421875 0.80546875 0.040625 0.0828125
2 0.74921875 0.8875 0.0453125 0.09375
2 0.27265625 0.16328125 0.05 0.0984375
2 0.0828125 0.66015625 0.05 0.0484375
2 0.16875 0.646875 0.0484375 0.05
9 0.309375 0.16953125 0.046875 0.0953125
9 0.25078125 0.615625 0.0578125 0.053125
9 0.31171875 0.60078125 0.0625 0.065625
9 0.4515625 0.30390625 0.059375 0.0515625
9 0.8484375 0.30546875 0.059375 0.0515625
9 0.728125 0.91171875 0.046875 0.0921875
9 0.69921875 0.77265625 0.0484375 0.0953125
12 0.70859375 0.2796875 0.2046875 0.1015625
12 0.725 0.33125 0.1796875 0.1
0 0.33125 0.146875 0.0578125 0.1265625
10 0.6609375 0.8453125 0.1296875 0.265625