4 0.51875 0.12734375 0.0265625 0.065625
9 0.4734375 0.35625 0.03125 0.0875
9 0.50390625 0.35390625 0.03125 0.084375
9 0.58125 0.06171875 0.034375 0.0859375
9 0.55546875 0.034375 0.03125 0.0671875
2 0.38046875 0.275 0.0578125 0.0453125
9 0.13515625 0.34609375 0.05625 0.0515625
9 0.48984375 0.5703125 0.0453125 0.0875
9 0.42421875 0.64453125 0.03125 0.09375
9 0.38359375 0.6875 0.03125 0.0953125
9 0.7078125 0.55625 0.0578125 0.0546875
9 0.76796875 0.5625 0.05625 0.05
9 0.7390625 0.66875 0.0546875 0.046875
9 0.684375 0.62421875 0.0625 0.046875
9 0.67578125 0.6703125 0.053125 0.0421875
9 0.28984375 0.05625 0.05 0.0546875
2 0.4265625 0.75625 0.034375 0.0921875
2 0.36796875 0.85 0.034375 0.090625
2 0.6171875 0.1125 0.0296875 0.084375
2 0.65546875 0.08125 0.034375 0.0828125
2 0.67578125 0.13359375 0.03125 0.065625
2 0.703125 0.04609375 0.0296875 0.075
2 0.375 0.3859375 0.053125 0.0453125
12 0.25859375 0.35703125 0.1734375 0.0671875
0 0.27890625 0.25703125 0.09375 0.0625
10 0.609375 0.4125 0.14375 0.16875
4 0.6046875 0.19375 0.0171875 0.0484375
4 0.68125 0.2109375 0.0140625 0.034375
4 0.69140625 0.175 0.0140625 0.0296875
4 0.70390625 0.125 0.01875 0.0375
4 0.80234375 0.54921875 0.025 0.03125
0 0.15703125 0.9125 0.053125 0.1421875