9 0.3453125 0.80234375 0.0359375 0.0953125
9 0.33671875 0.9421875 0.03125 0.090625
9 0.12265625 0.3578125 0.05625 0.040625
9 0.6453125 0.30703125 0.0515625 0.046875
9 0.69921875 0.56796875 0.0515625 0.05
9 0.75859375 0.57265625 0.053125 0.04375
9 0.634375 0.14375 0.0296875 0.090625
9 0.6859375 0.89375 0.0484375 0.059375
9 0.978125 0.659375 0.04375 0.0421875
2 0.36640625 0.3953125 0.046875 0.0375
2 0.665625 0.1375 0.0296875 0.0828125
2 0.88828125 0.0328125 0.0375 0.0640625
2 0.5875 0.6140625 0.0390625 0.0390625
2 0.84765625 0.590625 0.040625 0.0390625
2 0.93203125 0.5921875 0.0484375 0.04375
2 0.0609375 0.36484375 0.0515625 0.040625
2 0.37421875 0.82734375 0.0296875 0.075
2 0.31015625 0.92421875 0.03125 0.0875
2 0.65859375 0.04296875 0.0296875 0.084375
4 0.6734375 0.184375 0.0125 0.0375
4 0.6625 0.21953125 0.0125 0.0390625
4 0.796875 0.559375 0.0234375 0.028125
4 0.8875 0.5734375 0.025 0.03125
4 0.33203125 0.75625 0.015625 0.04375
4 0.40390625 0.42890625 0.01875 0.034375
10 0.39296875 0.86875 0.0859375 0.2625
0 0.609375 0.1234375 0.04375 0.109375
12 0.1515625 0.92890625 0.0515625 0.1421875
12 0.25546875 0.31796875 0.19375 0.0703125
12 0.246875 0.3671875 0.1703125 0.06875