12 0.1234375 0.87734375 0.1140625 0.24375
12 0.2546875 0.31328125 0.1953125 0.0671875
12 0.24609375 0.36796875 0.171875 0.06875
0 0.60859375 0.1203125 0.0390625 0.1140625
10 0.390625 0.86875 0.090625 0.2609375
9 0.34375 0.8 0.0359375 0.09375
9 0.3359375 0.94453125 0.034375 0.0890625
9 0.12109375 0.36015625 0.05625 0.040625
9 0.634375 0.14375 0.0359375 0.10625
9 0.7578125 0.5734375 0.05625 0.04375
9 0.6984375 0.56875 0.0546875 0.05625
9 0.82421875 0.64921875 0.05625 0.040625
9 0.58125 0.984375 0.034375 0.03125
2 0.36640625 0.3953125 0.0453125 0.0390625
2 0.37265625 0.83046875 0.025 0.078125
2 0.3125 0.92109375 0.0296875 0.084375
2 0.05859375 0.36640625 0.0578125 0.0390625
2 0.6671875 0.14140625 0.0296875 0.0875
2 0.659375 0.04375 0.028125 0.08125
2 0.93125 0.59140625 0.046875 0.04375
2 0.8453125 0.58828125 0.0390625 0.04375
2 0.9265625 0.11875 0.0421875 0.0859375
2 0.384375 0.5875 0.0390625 0.040625
9 0.77421875 0.325 0.05 0.046875
4 0.66328125 0.21953125 0.015625 0.0375
4 0.6734375 0.1828125 0.015625 0.04375
4 0.79609375 0.56171875 0.021875 0.028125
4 0.88671875 0.5796875 0.0265625 0.028125
4 0.40390625 0.4328125 0.0203125 0.0375
4 0.33203125 0.7546875 0.015625 0.046875