12 0.88984375 0.8640625 0.121875 0.246875
12 0.73828125 0.3046875 0.196875 0.0734375
12 0.74921875 0.359375 0.1734375 0.075
0 0.378125 0.12421875 0.0421875 0.1140625
10 0.621875 0.86484375 0.1 0.2640625
9 0.66640625 0.79453125 0.0390625 0.0953125
9 0.6796875 0.93828125 0.0359375 0.090625
9 0.8734375 0.346875 0.05625 0.0421875
9 0.353125 0.1484375 0.0390625 0.10625
9 0.24453125 0.58203125 0.0578125 0.046875
9 0.30390625 0.57578125 0.0578125 0.0578125
9 0.18125 0.66015625 0.05625 0.0421875
9 0.43515625 0.98515625 0.0359375 0.0296875
2 0.6296875 0.390625 0.0453125 0.040625
2 0.6390625 0.82578125 0.028125 0.0796875
2 0.70234375 0.9140625 0.0328125 0.0859375
2 0.93671875 0.35078125 0.0578125 0.040625
2 0.3203125 0.14765625 0.0328125 0.0875
2 0.325 0.04921875 0.03125 0.0828125
2 0.071875 0.60625 0.046875 0.0453125
2 0.1578125 0.6 0.040625 0.0453125
2 0.06015625 0.13359375 0.0453125 0.0859375
2 0.61875 0.58359375 0.040625 0.0421875
9 0.21953125 0.334375 0.0515625 0.0484375
4 0.32734375 0.22578125 0.0171875 0.0375
4 0.315625 0.1890625 0.015625 0.04375
4 0.20625 0.571875 0.0234375 0.028125
4 0.11640625 0.59296875 0.028125 0.0296875
4 0.59375 0.4296875 0.0203125 0.0375
4 0.6765625 0.7484375 0.0171875 0.046875