0 0.121875 0.615625 0.084375 0.059375
10 0.39296875 0.86484375 0.0875 0.25
0 0.6125 0.121875 0.04375 0.115625
9 0.38828125 0.27421875 0.053125 0.046875
9 0.12421875 0.35546875 0.0515625 0.0453125
9 0.34453125 0.80390625 0.0359375 0.09375
9 0.3390625 0.940625 0.03125 0.0890625
9 0.225 0.57578125 0.0546875 0.05
9 0.6390625 0.14453125 0.0359375 0.0953125
9 0.70234375 0.57265625 0.0515625 0.05625
9 0.7609375 0.57109375 0.053125 0.04375
2 0.36953125 0.39375 0.04375 0.04375
2 0.0609375 0.36328125 0.05625 0.04375
2 0.0828125 0.55234375 0.0421875 0.0421875
2 0.37265625 0.8296875 0.0296875 0.084375
2 0.3140625 0.9234375 0.0296875 0.084375
2 0.84921875 0.590625 0.040625 0.0453125
2 0.9359375 0.59296875 0.046875 0.0421875
2 0.68984375 0.07109375 0.0296875 0.084375
4 0.80234375 0.56328125 0.025 0.028125
4 0.89140625 0.575 0.028125 0.0234375
4 0.40625 0.42265625 0.0265625 0.0328125
4 0.334375 0.74921875 0.0203125 0.04375
4 0.665625 0.21484375 0.015625 0.0421875
12 0.25703125 0.31328125 0.19375 0.06875
12 0.2515625 0.36484375 0.171875 0.078125