0 0.10546875 0.52734375 0.0953125 0.0765625
10 0.31328125 0.83125 0.1421875 0.2625
0 0.69453125 0.15703125 0.0671875 0.121875
9 0.4421875 0.2546875 0.0609375 0.05625
9 0.16640625 0.275 0.0609375 0.05625
9 0.28046875 0.7609375 0.0546875 0.1
9 0.24375 0.89296875 0.05 0.09375
9 0.21484375 0.51171875 0.0640625 0.0609375
9 0.715625 0.18515625 0.05625 0.1
9 0.68046875 0.61640625 0.0625 0.065625
9 0.73828125 0.628125 0.0609375 0.0546875
2 0.396875 0.3671875 0.0515625 0.0515625
2 0.103125 0.26796875 0.0640625 0.0546875
2 0.08203125 0.45703125 0.05 0.05
2 0.3015625 0.79296875 0.046875 0.0890625
2 0.2234375 0.87109375 0.046875 0.0875
2 0.81953125 0.6671875 0.05 0.053125
2 0.90390625 0.68828125 0.0546875 0.0515625
2 0.78125 0.125 0.0484375 0.0890625
4 0.78046875 0.6296875 0.03125 0.0328125
4 0.86484375 0.6609375 0.03125 0.0296875
4 0.42578125 0.40390625 0.0328125 0.0375
4 0.2828125 0.70546875 0.028125 0.046875
4 0.72578125 0.259375 0.025 0.04375
12 0.30546875 0.26328125 0.2046875 0.1109375
12 0.28828125 0.3125 0.184375 0.1140625