4 0.646875 0.76640625 0.0203125 0.0453125
4 0.6015625 0.43671875 0.021875 0.0328125
4 0.35703125 0.20390625 0.0171875 0.0421875
4 0.346875 0.15703125 0.0203125 0.04375
4 0.196875 0.54140625 0.0296875 0.0390625
4 0.10703125 0.54609375 0.0296875 0.0328125
2 0.640625 0.403125 0.053125 0.046875
2 0.603125 0.8328125 0.03125 0.084375
2 0.65546875 0.9328125 0.0453125 0.0890625
2 0.946875 0.39921875 0.059375 0.04375
2 0.35625 0.13046875 0.0359375 0.078125
2 0.1453125 0.5640625 0.046875 0.0390625
2 0.06015625 0.5625 0.0515625 0.046875
2 0.015625 0.62421875 0.03125 0.0421875
2 0.3703125 0.03671875 0.0375 0.0734375
9 0.63984375 0.28359375 0.053125 0.046875
9 0.884375 0.38671875 0.0609375 0.046875
9 0.63515625 0.8125 0.040625 0.096875
9 0.63203125 0.953125 0.0375 0.0859375
9 0.38828125 0.1359375 0.0390625 0.0984375
9 0.2953125 0.55546875 0.053125 0.05
9 0.23515625 0.5546875 0.053125 0.04375
9 0.04921875 0.75390625 0.0625 0.0421875
9 0.17578125 0.3140625 0.0578125 0.046875
0 0.41640625 0.11171875 0.0515625 0.1171875
10 0.58125 0.87265625 0.1 0.2546875
12 0.75703125 0.3296875 0.1984375 0.0765625
12 0.7609375 0.38671875 0.1734375 0.0765625