0 0.95 0.73125 0.0953125 0.1390625
0 0.65 0.209375 0.1015625 0.0828125
10 0.32890625 0.4296875 0.190625 0.1859375
12 0.7 0.3015625 0.1828125 0.1171875
9 0.83671875 0.04921875 0.0640625 0.05
9 0.815625 0.259375 0.06875 0.0546875
9 0.56015625 0.25078125 0.0671875 0.0609375
9 0.48984375 0.5203125 0.0625 0.0859375
9 0.5515625 0.51875 0.0546875 0.0890625
9 0.60703125 0.55625 0.05625 0.0875
9 0.4328125 0.2515625 0.0515625 0.09375
9 0.39296875 0.25078125 0.059375 0.0984375
9 0.3171875 0.6078125 0.059375 0.0578125
9 0.26015625 0.63203125 0.0625 0.053125
9 0.37578125 0.71015625 0.059375 0.05
9 0.3125 0.72890625 0.0671875 0.0578125
9 0.35546875 0.6671875 0.065625 0.046875
2 0.6046875 0.6765625 0.05625 0.0953125
2 0.675 0.7296875 0.0578125 0.1
2 0.59140625 0.35859375 0.053125 0.0453125
2 0.290625 0.15625 0.05625 0.096875
2 0.240625 0.13984375 0.05625 0.0859375
2 0.2328125 0.190625 0.04375 0.075
2 0.18515625 0.11328125 0.053125 0.0828125
2 0.7515625 0.92109375 0.046875 0.0625
4 0.63984375 0.56640625 0.0296875 0.0453125
4 0.3234375 0.23125 0.028125 0.040625
4 0.253125 0.26796875 0.021875 0.0328125
4 0.2328125 0.23515625 0.0171875 0.034375
4 0.21015625 0.19453125 0.025 0.0421875
4 0.221875 0.628125 0.0265625 0.028125