4 0.4140625 0.45 0.0234375 0.0265625
4 0.34140625 0.7671875 0.0203125 0.0484375
4 0.65 0.21640625 0.0140625 0.03125
4 0.65859375 0.175 0.015625 0.03125
4 0.7953125 0.54921875 0.025 0.0296875
4 0.884375 0.5640625 0.0265625 0.0296875
9 0.61953125 0.13984375 0.0390625 0.0984375
9 0.7453125 0.5640625 0.05625 0.05
9 0.64140625 0.51953125 0.046875 0.0796875
9 0.35234375 0.8109375 0.040625 0.096875
9 0.3515625 0.9484375 0.0359375 0.0921875
9 0.11484375 0.371875 0.053125 0.040625
2 0.21796875 0.26015625 0.053125 0.0453125
2 0.0515625 0.38359375 0.053125 0.05
2 0.36171875 0.40390625 0.053125 0.046875
2 0.32578125 0.9328125 0.03125 0.0796875
2 0.38125 0.83046875 0.03125 0.078125
2 0.84453125 0.57890625 0.0453125 0.0359375
2 0.93125 0.5765625 0.0484375 0.0390625
2 0.6515625 0.134375 0.0296875 0.0796875
2 0.6390625 0.04296875 0.03125 0.0859375
12 0.2484375 0.32734375 0.19375 0.0734375
12 0.23984375 0.37890625 0.171875 0.0765625
10 0.403125 0.8703125 0.0921875 0.2515625
0 0.590625 0.121875 0.0453125 0.1203125