12 0.25390625 0.315625 0.19375 0.06875
12 0.2453125 0.36875 0.1734375 0.0703125
12 0.040625 0.73125 0.08125 0.1328125
0 0.6078125 0.12109375 0.0375 0.1140625
10 0.390625 0.86875 0.0859375 0.2515625
2 0.3703125 0.828125 0.028125 0.084375
2 0.3125 0.9234375 0.0296875 0.0828125
2 0.36328125 0.3953125 0.046875 0.0390625
2 0.0578125 0.36484375 0.0515625 0.040625
2 0.66484375 0.13984375 0.034375 0.084375
2 0.6578125 0.04453125 0.0359375 0.0859375
2 0.93046875 0.59140625 0.0453125 0.0390625
2 0.84375 0.5890625 0.0421875 0.0390625
9 0.6328125 0.14375 0.034375 0.0921875
9 0.48515625 0.60625 0.053125 0.040625
9 0.6953125 0.56640625 0.0515625 0.05
9 0.75546875 0.57265625 0.0515625 0.046875
9 0.11953125 0.3609375 0.05625 0.04375
9 0.340625 0.80078125 0.0296875 0.096875
9 0.33671875 0.94296875 0.034375 0.0921875
9 0.02734375 0.16953125 0.053125 0.0390625
4 0.4015625 0.42890625 0.021875 0.04375
4 0.66015625 0.2234375 0.01875 0.0390625
4 0.6703125 0.1796875 0.0203125 0.034375
4 0.88515625 0.575 0.021875 0.028125
4 0.79453125 0.55625 0.0265625 0.0296875
4 0.33125 0.75625 0.0203125 0.04375