0 0.125 0.83984375 0.0640625 0.1265625
0 0.2796875 0.2578125 0.0875 0.0625
10 0.646875 0.3875 0.1578125 0.15
12 0.25546875 0.36015625 0.16875 0.0765625
9 0.0578125 0.1515625 0.05625 0.0375
9 0.1328125 0.34921875 0.059375 0.040625
9 0.37734375 0.275 0.05625 0.046875
9 0.51484375 0.5171875 0.04375 0.078125
9 0.4546875 0.53125 0.034375 0.084375
9 0.4109375 0.58203125 0.0359375 0.08125
9 0.50078125 0.2421875 0.0296875 0.0890625
9 0.5390625 0.23125 0.0359375 0.09375
9 0.7046875 0.55703125 0.0484375 0.046875
9 0.765625 0.565625 0.053125 0.0421875
9 0.67421875 0.67109375 0.0515625 0.0375
9 0.740625 0.67265625 0.0578125 0.04375
9 0.6828125 0.62421875 0.059375 0.034375
2 0.44453125 0.69765625 0.0359375 0.0890625
2 0.390625 0.7671875 0.0359375 0.09375
2 0.375 0.3875 0.0453125 0.034375
2 0.61328125 0.1140625 0.034375 0.090625
2 0.65703125 0.08515625 0.0359375 0.0796875
2 0.678125 0.13203125 0.0265625 0.0703125
2 0.70390625 0.0453125 0.0359375 0.075
2 0.365625 0.971875 0.0328125 0.05625
4 0.38203125 0.6 0.0203125 0.0421875
4 0.60078125 0.19453125 0.01875 0.0375
4 0.678125 0.21171875 0.0140625 0.0296875
4 0.68984375 0.175 0.009375 0.0328125
4 0.70078125 0.1296875 0.015625 0.0390625
4 0.8015625 0.5515625 0.021875 0.0234375