4 0.5859375 0.4125 0.0234375 0.0359375
4 0.70234375 0.73046875 0.0203125 0.0421875
4 0.12890625 0.628125 0.0265625 0.025
4 0.21796875 0.603125 0.0328125 0.034375
4 0.07890625 0.86875 0.03125 0.0265625
4 0.30234375 0.246875 0.0171875 0.0390625
4 0.28515625 0.2078125 0.0265625 0.0421875
2 0.2875 0.16640625 0.0390625 0.084375
2 0.28046875 0.06953125 0.0421875 0.0890625
2 0.1734375 0.6359375 0.0453125 0.0390625
2 0.08984375 0.65 0.05 0.0421875
2 0.62109375 0.37578125 0.05 0.04375
2 0.675 0.80859375 0.0421875 0.084375
2 0.91953125 0.30859375 0.05625 0.0484375
2 0.7453125 0.89140625 0.040625 0.084375
9 0.6859375 0.56171875 0.05625 0.05
9 0.72578125 0.91640625 0.0421875 0.084375
9 0.69921875 0.778125 0.05 0.1
9 0.2546875 0.609375 0.05625 0.0484375
9 0.31875 0.5953125 0.0578125 0.0578125
9 0.31953125 0.16640625 0.04375 0.096875
9 0.85625 0.309375 0.0609375 0.053125
9 0.82265625 0.10234375 0.0625 0.0546875
10 0.6609375 0.85 0.1203125 0.2609375
0 0.34296875 0.1421875 0.059375 0.121875
12 0.71953125 0.28359375 0.203125 0.090625
12 0.7359375 0.33359375 0.178125 0.0921875