12 0.3015625 0.26484375 0.203125 0.1109375
12 0.28125 0.31484375 0.184375 0.10625
12 0.0265625 0.621875 0.053125 0.146875
0 0.690625 0.1546875 0.0625 0.1203125
10 0.31015625 0.834375 0.140625 0.2640625
2 0.3 0.790625 0.0453125 0.0890625
2 0.221875 0.8703125 0.046875 0.0859375
2 0.390625 0.3671875 0.053125 0.0484375
2 0.09921875 0.26875 0.059375 0.0515625
2 0.74140625 0.1859375 0.0515625 0.0890625
2 0.75625 0.09140625 0.0546875 0.090625
2 0.89921875 0.6859375 0.0515625 0.0484375
2 0.81484375 0.6640625 0.05 0.046875
9 0.709375 0.1828125 0.0546875 0.096875
9 0.46171875 0.6 0.0609375 0.0515625
9 0.675 0.60859375 0.0609375 0.0609375
9 0.7328125 0.628125 0.0609375 0.0578125
9 0.1609375 0.27890625 0.0640625 0.0546875
9 0.27734375 0.75703125 0.05 0.1
9 0.24140625 0.89453125 0.053125 0.096875
9 0.1140625 0.071875 0.0609375 0.05
4 0.4203125 0.40859375 0.0296875 0.046875
4 0.71796875 0.26640625 0.0265625 0.040625
4 0.73828125 0.2265625 0.028125 0.0375
4 0.85859375 0.659375 0.028125 0.03125
4 0.77421875 0.62109375 0.03125 0.034375
4 0.278125 0.71171875 0.028125 0.046875