10 0.3390625 0.85 0.1171875 0.253125
0 0.65625 0.1390625 0.0609375 0.11875
12 0.28125 0.28515625 0.1984375 0.090625
12 0.2640625 0.334375 0.178125 0.0921875
2 0.32421875 0.80546875 0.040625 0.08125
2 0.25234375 0.89140625 0.0421875 0.0890625
2 0.0796875 0.3078125 0.05625 0.046875
2 0.1953125 0.1984375 0.0578125 0.053125
2 0.71015625 0.16953125 0.040625 0.084375
2 0.71640625 0.071875 0.040625 0.0890625
2 0.909375 0.64921875 0.0515625 0.0453125
2 0.82421875 0.63359375 0.0453125 0.04375
2 0.378125 0.37578125 0.05 0.046875
9 0.73671875 0.6078125 0.05625 0.0453125
9 0.6421875 0.55390625 0.0578125 0.0796875
9 0.2984375 0.778125 0.0484375 0.0953125
9 0.27265625 0.915625 0.0484375 0.09375
9 0.14296875 0.30625 0.0609375 0.046875
9 0.678125 0.17109375 0.040625 0.0953125
4 0.4109375 0.4171875 0.025 0.0328125
4 0.69453125 0.2453125 0.0203125 0.0390625
4 0.71171875 0.209375 0.0203125 0.0390625
4 0.78125 0.59921875 0.0265625 0.0265625
4 0.86796875 0.62734375 0.025 0.028125
4 0.2953125 0.73046875 0.0296875 0.0515625
4 0.5234375 0.9890625 0.025 0.021875