4 0.6609375 0.21875 0.0078125 0.034375
4 0.66953125 0.178125 0.01875 0.03125
4 0.88359375 0.575 0.0234375 0.0234375
4 0.79453125 0.55859375 0.021875 0.0234375
4 0.8171875 0.8328125 0.0234375 0.0265625
4 0.39921875 0.43125 0.0171875 0.040625
4 0.33125 0.75703125 0.0171875 0.0484375
9 0.34140625 0.80546875 0.0359375 0.096875
9 0.33515625 0.94453125 0.034375 0.0875
9 0.11875 0.36015625 0.0546875 0.04375
9 0.01171875 0.546875 0.0234375 0.0421875
9 0.6328125 0.14453125 0.0296875 0.09375
9 0.6796875 0.559375 0.053125 0.05625
9 0.75625 0.575 0.0515625 0.0375
9 0.30859375 0.0453125 0.053125 0.06875
2 0.65625 0.04375 0.028125 0.0859375
2 0.6640625 0.1421875 0.0328125 0.08125
2 0.84375 0.590625 0.0421875 0.0390625
2 0.9265625 0.59375 0.0484375 0.0390625
2 0.37109375 0.828125 0.034375 0.08125
2 0.31015625 0.9234375 0.0296875 0.0796875
2 0.3640625 0.39453125 0.0453125 0.0359375
2 0.05546875 0.36875 0.0546875 0.0390625
0 0.60546875 0.12265625 0.0421875 0.121875
10 0.390625 0.86640625 0.084375 0.2546875
12 0.253125 0.31640625 0.1921875 0.0625
12 0.24375 0.36875 0.1703125 0.0703125