10 0.92109375 0.765625 0.1578125 0.096875
10 0.42421875 0.871875 0.1078125 0.25625
0 0.57421875 0.11796875 0.0546875 0.1171875
12 0.2453125 0.34140625 0.1984375 0.075
12 0.24140625 0.39375 0.175 0.08125
9 0.11171875 0.39609375 0.059375 0.05
9 0.36796875 0.81640625 0.0421875 0.096875
9 0.37421875 0.9546875 0.0390625 0.090625
9 0.6828125 0.54140625 0.059375 0.046875
9 0.63984375 0.39921875 0.0484375 0.0828125
9 0.6015625 0.13671875 0.0421875 0.096875
2 0.61484375 0.0375 0.0421875 0.075
2 0.63359375 0.13125 0.0359375 0.0828125
2 0.353125 0.28046875 0.053125 0.0453125
2 0.409375 0.43203125 0.046875 0.0515625
2 0.04921875 0.40546875 0.0578125 0.0390625
2 0.4 0.8390625 0.0359375 0.08125
2 0.35 0.93984375 0.0359375 0.0890625
2 0.85078125 0.5609375 0.046875 0.0359375
2 0.93046875 0.5546875 0.0515625 0.046875
4 0.75546875 0.53515625 0.025 0.0203125
4 0.8609375 0.53984375 0.025 0.028125
4 0.63515625 0.21015625 0.021875 0.0390625
4 0.64609375 0.1671875 0.025 0.0328125
4 0.35625 0.7734375 0.0265625 0.0421875
4 0.5078125 0.75 0.0171875 0.0421875