0 0.46875 0.11015625 0.0625 0.109375
10 0.16484375 0.7828125 0.1734375 0.1359375
10 0.525 0.8765625 0.134375 0.246875
2 0.553125 0.84921875 0.04375 0.0796875
2 0.5921875 0.953125 0.0484375 0.090625
2 0.9515625 0.46328125 0.0578125 0.046875
2 0.66875 0.29921875 0.059375 0.0546875
2 0.5328125 0.50390625 0.0453125 0.071875
2 0.40859375 0.11953125 0.05 0.0859375
2 0.43828125 0.03203125 0.0453125 0.0640625
2 0.159375 0.51875 0.0484375 0.04375
2 0.075 0.50546875 0.05 0.0421875
9 0.3671875 0.49296875 0.0609375 0.06875
9 0.3171875 0.32109375 0.059375 0.0578125
9 0.4390625 0.125 0.0546875 0.096875
9 0.8765625 0.440625 0.0625 0.0515625
9 0.58671875 0.83125 0.0515625 0.096875
9 0.56328125 0.96171875 0.0484375 0.0765625
12 0.7625 0.37109375 0.2 0.1015625
12 0.734375 0.42734375 0.1828125 0.1078125
4 0.60546875 0.784375 0.0296875 0.05
4 0.2828125 0.50859375 0.028125 0.0296875
4 0.17421875 0.49375 0.034375 0.0328125
4 0.39609375 0.19140625 0.01875 0.0390625
4 0.3953125 0.1515625 0.0234375 0.0375
9 0.0203125 0.678125 0.040625 0.0625