10 0.93203125 0.71875 0.1359375 0.1125
10 0.46484375 0.8734375 0.1328125 0.253125
0 0.53359375 0.1125 0.065625 0.1203125
12 0.23046875 0.36875 0.2015625 0.09375
12 0.23203125 0.421875 0.1796875 0.0984375
9 0.10234375 0.4375 0.0625 0.05625
9 0.4015625 0.82890625 0.0515625 0.1
9 0.42265625 0.959375 0.0484375 0.08125
9 0.68671875 0.521875 0.0625 0.053125
9 0.62890625 0.38515625 0.05625 0.0859375
9 0.56328125 0.128125 0.0515625 0.0984375
2 0.565625 0.03359375 0.05 0.0671875
2 0.59375 0.11953125 0.04375 0.084375
2 0.33125 0.29765625 0.05625 0.05
2 0.40234375 0.44140625 0.05 0.05625
2 0.0421875 0.453125 0.0609375 0.0453125
2 0.4359375 0.84765625 0.04375 0.084375
2 0.396875 0.953125 0.04375 0.090625
2 0.8546875 0.52421875 0.05 0.040625
2 0.934375 0.509375 0.0546875 0.0515625
4 0.7578125 0.5078125 0.028125 0.0234375
4 0.86328125 0.5015625 0.028125 0.0296875
4 0.6046875 0.19765625 0.025 0.040625
4 0.61015625 0.15390625 0.028125 0.034375
4 0.38515625 0.7875 0.03125 0.04375
4 0.53359375 0.7484375 0.021875 0.04375