4 0.6828125 0.74140625 0.021875 0.0453125
4 0.31015625 0.240625 0.01875 0.0421875
4 0.29765625 0.1984375 0.01875 0.0328125
4 0.34609375 0.5375 0.028125 0.034375
4 0.2625 0.57734375 0.025 0.025
2 0.51796875 0.609375 0.03125 0.08125
2 0.234375 0.61171875 0.04375 0.040625
2 0.12421875 0.62265625 0.0484375 0.0421875
2 0.6515625 0.815625 0.034375 0.078125
2 0.71953125 0.9078125 0.0375 0.0890625
2 0.89453125 0.3328125 0.053125 0.0453125
2 0.60078125 0.26171875 0.05625 0.0515625
2 0.29921875 0.06171875 0.0375 0.0859375
2 0.296875 0.16015625 0.0375 0.084375
9 0.41640625 0.42890625 0.05 0.0859375
9 0.16875 0.384375 0.0578125 0.0453125
9 0.67890625 0.790625 0.0484375 0.096875
9 0.696875 0.9265625 0.0421875 0.0953125
9 0.7984375 0.3421875 0.0546875 0.04375
9 0.22421875 0.8375 0.0625 0.0609375
9 0.33203125 0.16015625 0.040625 0.096875
10 0.3953125 0.93515625 0.15625 0.1296875
0 0.35625 0.1359375 0.0515625 0.1171875
10 0.6359375 0.853125 0.1078125 0.2640625
12 0.69765625 0.3046875 0.196875 0.0859375
12 0.6578125 0.38125 0.175 0.1140625