9 0.9 0.7515625 0.06875 0.0484375
9 0.60234375 0.4703125 0.0546875 0.084375
9 0.7453125 0.32734375 0.05625 0.0484375
9 0.59765625 0.13515625 0.040625 0.09375
9 0.1515625 0.4046875 0.0609375 0.0484375
9 0.3796875 0.8234375 0.04375 0.1
9 0.38671875 0.95546875 0.0453125 0.0890625
2 0.61484375 0.03515625 0.0390625 0.0703125
2 0.63203125 0.128125 0.0375 0.0828125
2 0.4875 0.55078125 0.0359375 0.078125
2 0.81328125 0.56015625 0.0421875 0.0359375
2 0.91015625 0.5453125 0.05 0.0421875
2 0.4125 0.84140625 0.040625 0.078125
2 0.36171875 0.9421875 0.0375 0.08125
2 0.3546875 0.2859375 0.05625 0.053125
2 0.0625 0.4171875 0.0625 0.046875
10 0.43359375 0.87421875 0.1078125 0.2515625
10 0.74375 0.865625 0.165625 0.146875
0 0.57109375 0.115625 0.0515625 0.1140625
12 0.26015625 0.34296875 0.2 0.0890625
12 0.29375 0.40234375 0.1734375 0.096875
4 0.6375 0.20703125 0.0203125 0.0421875
4 0.6421875 0.165625 0.021875 0.0359375
4 0.690625 0.5296875 0.025 0.025
4 0.790625 0.53046875 0.025 0.0234375
4 0.36484375 0.77578125 0.021875 0.04375