4 0.659375 0.7671875 0.0234375 0.046875
4 0.5296875 0.53828125 0.01875 0.04375
4 0.21171875 0.54921875 0.028125 0.025
4 0.11796875 0.5625 0.0234375 0.0234375
4 0.34765625 0.215625 0.015625 0.0421875
4 0.33984375 0.1765625 0.0203125 0.0421875
2 0.67890625 0.27109375 0.0546875 0.0484375
2 0.62890625 0.4015625 0.0484375 0.040625
2 0.9453125 0.38203125 0.053125 0.040625
2 0.61484375 0.83046875 0.0375 0.084375
2 0.6734375 0.93125 0.0328125 0.0828125
2 0.346875 0.1375 0.034375 0.0796875
2 0.35859375 0.03984375 0.0328125 0.0796875
2 0.15234375 0.57734375 0.04375 0.034375
2 0.0671875 0.578125 0.0515625 0.0453125
9 0.8828125 0.37578125 0.0546875 0.0453125
9 0.64609375 0.8109375 0.0390625 0.0953125
9 0.6484375 0.95078125 0.0359375 0.0875
9 0.37890625 0.14140625 0.0359375 0.096875
9 0.27890625 0.5625 0.053125 0.0484375
9 0.36953125 0.47734375 0.0359375 0.090625
0 0.40703125 0.11875 0.04375 0.1171875
10 0.59453125 0.87265625 0.0953125 0.2515625
12 0.7484375 0.32734375 0.19375 0.06875
12 0.76015625 0.37890625 0.171875 0.0734375