4 0.6359375 0.78046875 0.0265625 0.0484375
4 0.5265625 0.54140625 0.021875 0.0453125
4 0.2078125 0.52421875 0.0296875 0.0265625
4 0.1140625 0.52890625 0.0265625 0.025
4 0.37265625 0.203125 0.0203125 0.0421875
4 0.36875 0.16328125 0.0234375 0.04375
2 0.6984375 0.2875 0.0578125 0.0515625
2 0.63671875 0.4125 0.0515625 0.04375
2 0.95390625 0.42109375 0.05625 0.04375
2 0.5859375 0.83984375 0.0453125 0.0859375
2 0.63515625 0.94453125 0.040625 0.084375
2 0.37890625 0.12578125 0.040625 0.08125
2 0.4 0.03515625 0.040625 0.0703125
2 0.146875 0.54609375 0.046875 0.0390625
2 0.0625 0.53984375 0.05625 0.05
9 0.8921875 0.409375 0.0578125 0.0484375
9 0.61875 0.82265625 0.046875 0.096875
9 0.6078125 0.9578125 0.04375 0.084375
9 0.41015625 0.1328125 0.04375 0.1
9 0.27421875 0.54296875 0.05625 0.053125
9 0.371875 0.46640625 0.04375 0.0921875
0 0.440625 0.11171875 0.053125 0.11875
10 0.5609375 0.875 0.115625 0.25
12 0.7625 0.35 0.1984375 0.084375
12 0.76953125 0.4015625 0.1765625 0.0875