4 0.440625 0.871875 0.0234375 0.046875
4 0.7265625 0.571875 0.028125 0.021875
4 0.8375 0.59140625 0.028125 0.028125
4 0.6828125 0.23046875 0.01875 0.0390625
4 0.69375 0.19765625 0.01875 0.0421875
4 0.31640625 0.74609375 0.028125 0.0515625
2 0.446875 0.45234375 0.046875 0.06875
2 0.35 0.82109375 0.034375 0.075
2 0.28515625 0.9109375 0.0359375 0.084375
2 0.07109375 0.33984375 0.0515625 0.040625
2 0.6921875 0.16015625 0.0359375 0.0828125
2 0.68984375 0.06171875 0.0375 0.0828125
2 0.83671875 0.61640625 0.046875 0.0375
2 0.9125 0.62265625 0.05 0.0453125
2 0.39140625 0.26328125 0.05625 0.05
12 0.275 0.35703125 0.1734375 0.0828125
12 0.278125 0.30625 0.1984375 0.0796875
10 0.809375 0.846875 0.16875 0.1
0 0.634375 0.134375 0.0484375 0.1140625
10 0.36796875 0.86015625 0.1015625 0.259375
9 0.13828125 0.3375 0.059375 0.046875
9 0.32265625 0.79296875 0.040625 0.0953125
9 0.3078125 0.93046875 0.0375 0.084375
9 0.65234375 0.55859375 0.05625 0.0625
9 0.6828125 0.39375 0.053125 0.065625
9 0.659375 0.1578125 0.0375 0.0921875