2 0.7734375 0.3125 0.0578125 0.0578125
2 0.5640625 0.253125 0.0609375 0.0578125
2 0.6046875 0.83125 0.0375 0.0734375
2 0.7625 0.88046875 0.04375 0.0859375
2 0.22265625 0.6453125 0.0546875 0.05
2 0.34765625 0.58984375 0.0484375 0.0578125
2 0.240625 0.871875 0.0625 0.05625
2 0.25546875 0.1875 0.05 0.0875
2 0.24140625 0.0875 0.04375 0.0859375
2 0.684375 0.79921875 0.0421875 0.0765625
9 0.70546875 0.76953125 0.053125 0.0984375
9 0.7421875 0.90234375 0.0515625 0.090625
9 0.68203125 0.3375 0.059375 0.0484375
9 0.28515625 0.184375 0.0546875 0.1046875
9 0.015625 0.2515625 0.03125 0.090625
9 0.37890625 0.1734375 0.0453125 0.096875
0 0.30859375 0.15703125 0.065625 0.121875
9 0.48203125 0.9640625 0.0625 0.06875
10 0.671875 0.84296875 0.1359375 0.2625
12 0.63046875 0.29453125 0.1984375 0.109375
12 0.5703125 0.4265625 0.1875 0.18125
4 0.39609375 0.3859375 0.0328125 0.046875
4 0.36953125 0.52265625 0.028125 0.0359375
4 0.70625 0.71875 0.0234375 0.04375
4 0.27578125 0.265625 0.0234375 0.0453125
4 0.25703125 0.22578125 0.0265625 0.0421875
2 0.9375 0.259375 0.0515625 0.0484375