13 0.02734375 0.446875 0.0546875 0.053125
2 0.0109375 0.3375 0.021875 0.05
2 0.08125 0.3265625 0.0484375 0.0515625
2 0.07890625 0.3984375 0.05 0.0484375
2 0.121875 0.4359375 0.053125 0.0484375
2 0.34375 0.29765625 0.059375 0.05625
2 0.31484375 0.4171875 0.0609375 0.0578125
2 0.5453125 0.35078125 0.040625 0.0734375
2 0.66328125 0.509375 0.05625 0.0640625
2 0.4453125 0.85 0.0453125 0.090625
2 0.603125 0.115625 0.0484375 0.084375
2 0.575 0.03359375 0.046875 0.0671875
2 0.40625 0.95 0.0421875 0.0875
9 0.17734375 0.87109375 0.0515625 0.0890625
9 0.41328125 0.82578125 0.0515625 0.103125
9 0.4328125 0.96015625 0.046875 0.0796875
9 0.571875 0.13046875 0.046875 0.0953125
9 0.396875 0.4453125 0.059375 0.075
12 0.36015625 0.3640625 0.196875 0.1234375
12 0.50859375 0.60703125 0.1203125 0.271875
0 0.54140625 0.11328125 0.0671875 0.1265625
10 0.471875 0.871875 0.128125 0.25625
4 0.503125 0.2015625 0.0234375 0.040625
4 0.6140625 0.19765625 0.01875 0.0375
4 0.61640625 0.1515625 0.0203125 0.040625
4 0.6296875 0.13515625 0.0296875 0.0453125
4 0.3953125 0.78125 0.021875 0.0375