2 0.97734375 0.4359375 0.0453125 0.04375
2 0.78125 0.4265625 0.053125 0.040625
2 0.65390625 0.29453125 0.0609375 0.0546875
2 0.603125 0.9484375 0.04375 0.0875
2 0.559375 0.84609375 0.040625 0.0859375
2 0.48359375 0.93515625 0.0421875 0.0828125
2 0.18984375 0.79453125 0.0671875 0.065625
2 0.22578125 0.53515625 0.053125 0.0515625
2 0.36015625 0.5 0.0484375 0.0640625
2 0.38984375 0.1140625 0.04375 0.0859375
2 0.4140625 0.034375 0.04375 0.06875
9 0.4203125 0.13046875 0.046875 0.1015625
9 0.509375 0.04765625 0.05 0.0953125
9 0.590625 0.82734375 0.053125 0.09375
9 0.5734375 0.95703125 0.053125 0.0859375
9 0.70078125 0.41484375 0.0609375 0.0546875
10 0.5328125 0.87265625 0.125 0.2546875
0 0.4515625 0.1109375 0.0578125 0.115625
12 0.68515625 0.35625 0.1953125 0.1046875
12 0.559375 0.48515625 0.1765625 0.20625
4 0.40703125 0.41640625 0.028125 0.04375
4 0.47734375 0.27421875 0.025 0.0484375
4 0.38046875 0.19921875 0.021875 0.046875
4 0.37578125 0.15546875 0.0203125 0.03125
4 0.359375 0.0375 0.0265625 0.0484375
4 0.60859375 0.7796875 0.034375 0.05625