0 0.63515625 0.13125 0.0578125 0.121875
10 0.371875 0.85859375 0.1046875 0.2546875
12 0.4609375 0.390625 0.1765625 0.175
12 0.4421875 0.878125 0.084375 0.2359375
2 0.05234375 0.2125 0.0515625 0.046875
2 0.04921875 0.32421875 0.05 0.0390625
2 0.2046875 0.24375 0.0484375 0.046875
2 0.29375 0.2515625 0.0390625 0.0421875
2 0.2671875 0.34609375 0.0453125 0.04375
2 0.3140625 0.37421875 0.046875 0.04375
2 0.39609375 0.2609375 0.059375 0.0453125
2 0.590625 0.0515625 0.0328125 0.078125
2 0.69453125 0.1578125 0.0359375 0.078125
2 0.69375 0.0609375 0.04375 0.0859375
2 0.8421875 0.66796875 0.0484375 0.0421875
2 0.771875 0.6078125 0.053125 0.053125
2 0.35390625 0.8234375 0.034375 0.078125
2 0.290625 0.9109375 0.0328125 0.084375
2 0.57265625 0.31640625 0.0359375 0.0828125
2 0.428125 0.47265625 0.0375 0.0796875
13 0.1875 0.3546875 0.059375 0.0484375
9 0.32734375 0.7921875 0.0390625 0.090625
9 0.31171875 0.9265625 0.0375 0.084375
9 0.475 0.66875 0.028125 0.090625
9 0.6625 0.15703125 0.0375 0.0953125
4 0.31796875 0.7484375 0.0203125 0.0453125
4 0.684375 0.23359375 0.0171875 0.0359375
4 0.696875 0.1953125 0.015625 0.040625
4 0.71484375 0.18359375 0.021875 0.0390625
4 0.74609375 0.08515625 0.021875 0.05