4 0.3921875 0.3859375 0.03125 0.046875
4 0.38359375 0.21171875 0.01875 0.04375
4 0.275 0.26484375 0.025 0.04375
4 0.25859375 0.2296875 0.0203125 0.0390625
4 0.2171875 0.165625 0.0234375 0.053125
4 0.70859375 0.71796875 0.025 0.0484375
2 0.89609375 0.27265625 0.053125 0.046875
2 0.92421875 0.21171875 0.0515625 0.046875
2 0.70234375 0.33046875 0.059375 0.0484375
2 0.565625 0.25 0.0609375 0.0578125
2 0.3859375 0.5 0.05 0.071875
2 0.29453125 0.6203125 0.053125 0.0453125
2 0.68359375 0.79375 0.0453125 0.0859375
2 0.76015625 0.875 0.046875 0.0890625
2 0.9125 0.8984375 0.04375 0.053125
2 0.40703125 0.91953125 0.0609375 0.065625
2 0.25625 0.18515625 0.0453125 0.08125
2 0.24296875 0.0890625 0.0515625 0.0921875
9 0.628125 0.3578125 0.0640625 0.0578125
9 0.7078125 0.76328125 0.0546875 0.096875
9 0.74140625 0.8984375 0.0515625 0.090625
9 0.2875 0.18203125 0.0546875 0.1015625
0 0.30859375 0.15546875 0.065625 0.1234375
12 0.53828125 0.5078125 0.16875 0.234375
12 0.60625 0.30390625 0.2015625 0.1125
10 0.67421875 0.83671875 0.134375 0.2625