4 0.6828125 0.74140625 0.0234375 0.0578125
4 0.309375 0.23984375 0.01875 0.04375
4 0.29609375 0.19765625 0.0171875 0.0421875
4 0.278125 0.1875 0.0171875 0.0453125
4 0.23515625 0.046875 0.021875 0.0390625
2 0.82265625 0.2265625 0.046875 0.04375
2 0.72890625 0.24140625 0.0453125 0.0375
2 0.76484375 0.325 0.046875 0.053125
2 0.72109375 0.36171875 0.05 0.0453125
2 0.59921875 0.259375 0.0546875 0.046875
2 0.57578125 0.43125 0.0546875 0.0765625
2 0.296875 0.0640625 0.0421875 0.0828125
2 0.2984375 0.1609375 0.0375 0.084375
2 0.409375 0.39375 0.0390625 0.075
2 0.11875 0.68125 0.0515625 0.0421875
2 0.14609375 0.62578125 0.053125 0.05
2 0.41875 0.1375 0.03125 0.078125
2 0.65 0.8171875 0.0359375 0.075
2 0.7171875 0.90703125 0.040625 0.0875
9 0.33125 0.16640625 0.04375 0.1
9 0.5265625 0.590625 0.0421875 0.0921875
9 0.675 0.79140625 0.04375 0.1
9 0.6953125 0.92734375 0.0375 0.09375
10 0.63671875 0.8609375 0.1078125 0.2640625
12 0.54921875 0.36953125 0.1875 0.159375
12 0.54453125 0.8109375 0.090625 0.2765625
0 0.353125 0.13046875 0.053125 0.11875
13 0.84296875 0.3390625 0.0625 0.05625