4 0.6078125 0.13125 0.0203125 0.0453125
4 0.69765625 0.2390625 0.0171875 0.040625
4 0.7125 0.20078125 0.0203125 0.0421875
4 0.72890625 0.19296875 0.025 0.0484375
4 0.31640625 0.73515625 0.0265625 0.0484375
2 0.71171875 0.16171875 0.0375 0.084375
2 0.7109375 0.065625 0.0390625 0.0875
2 0.58046875 0.30078125 0.034375 0.071875
2 0.409375 0.26015625 0.0546875 0.0515625
2 0.3765625 0.37734375 0.05625 0.0546875
2 0.1984375 0.2203125 0.04375 0.046875
2 0.096875 0.20234375 0.0484375 0.05
2 0.16328125 0.29453125 0.046875 0.0484375
2 0.19765625 0.33984375 0.053125 0.0453125
2 0.62890625 0.515625 0.0484375 0.0703125
2 0.34765625 0.8140625 0.0359375 0.0828125
2 0.278125 0.90078125 0.0390625 0.0875
9 0.678125 0.1640625 0.040625 0.096875
9 0.321875 0.7875 0.0453125 0.096875
9 0.30078125 0.921875 0.04375 0.0890625
9 0.0390625 0.678125 0.0578125 0.0734375
9 0.44296875 0.4625 0.05 0.0828125
0 0.65390625 0.13515625 0.053125 0.11875
10 0.3625 0.85 0.109375 0.2625
12 0.4796875 0.66484375 0.078125 0.284375
12 0.42578125 0.33828125 0.190625 0.11875
13 0.0921875 0.31640625 0.059375 0.0453125