12 0.521875 0.4296875 0.1515625 0.2265625
12 0.56796875 0.96875 0.0421875 0.059375
0 0.10859375 0.8140625 0.109375 0.0671875
9 0.6625 0.7984375 0.0421875 0.0953125
9 0.6765625 0.9375 0.034375 0.0890625
9 0.55703125 0.840625 0.03125 0.0859375
9 0.35234375 0.15078125 0.0328125 0.0859375
4 0.32734375 0.22578125 0.0125 0.0375
4 0.3171875 0.1890625 0.0140625 0.0359375
4 0.3 0.18046875 0.0203125 0.0390625
4 0.28359375 0.1203125 0.0171875 0.046875
4 0.67109375 0.74453125 0.028125 0.053125
4 0.72734375 0.9359375 0.01875 0.053125
4 0.95703125 0.3421875 0.0328125 0.025
2 0.8921875 0.23515625 0.0484375 0.04375
2 0.88125 0.353125 0.046875 0.0515625
2 0.7453125 0.2859375 0.040625 0.046875
2 0.69296875 0.2625 0.040625 0.0421875
2 0.6140625 0.26484375 0.053125 0.05625
2 0.67578125 0.37265625 0.0453125 0.0484375
2 0.621875 0.39921875 0.0453125 0.05
2 0.59609375 0.5625 0.040625 0.0765625
2 0.6375 0.8203125 0.0296875 0.0796875
2 0.69921875 0.9171875 0.03125 0.0828125
2 0.2203125 0.646875 0.0515625 0.0453125
2 0.33515625 0.55234375 0.05 0.0609375
2 0.31875 0.14765625 0.0328125 0.075
2 0.325 0.05078125 0.0359375 0.0828125
2 0.440625 0.16171875 0.028125 0.0796875
10 0.61796875 0.8609375 0.09375 0.2515625
0 0.378125 0.13046875 0.04375 0.1203125
13 0.7609375 0.37421875 0.0609375 0.04375