12 0.44921875 0.3515625 0.2 0.1515625
12 0.45234375 0.734375 0.0953125 0.2828125
2 0.4125 0.39296875 0.0578125 0.05625
2 0.42578125 0.25546875 0.0578125 0.046875
2 0.2515625 0.3328125 0.05 0.0390625
2 0.2171875 0.2828125 0.0484375 0.04375
2 0.2625 0.2125 0.05 0.04375
2 0.165625 0.1921875 0.05 0.05
2 0.32734375 0.80078125 0.040625 0.0796875
2 0.25234375 0.8875 0.0484375 0.0890625
2 0.940625 0.6796875 0.05625 0.0515625
2 0.90703125 0.725 0.0546875 0.05
2 0.61328125 0.4640625 0.05 0.0796875
2 0.596875 0.23203125 0.03125 0.0734375
2 0.73203125 0.17890625 0.046875 0.084375
2 0.740625 0.0828125 0.0484375 0.09375
9 0.70078125 0.1796875 0.046875 0.096875
9 0.459375 0.51953125 0.05625 0.090625
9 0.30078125 0.77421875 0.0484375 0.0921875
9 0.271875 0.90703125 0.05 0.0921875
9 0.00625 0.59296875 0.0125 0.0453125
10 0.33671875 0.8453125 0.1265625 0.2625
0 0.67890625 0.1515625 0.0625 0.1140625
4 0.30078125 0.7296875 0.0265625 0.0578125
4 0.71484375 0.259375 0.025 0.0453125
4 0.7328125 0.21640625 0.0265625 0.0390625
4 0.7484375 0.2109375 0.021875 0.046875
4 0.66796875 0.059375 0.0234375 0.0421875
13 0.14296875 0.2984375 0.0640625 0.05