0 0.634375 0.13125 0.0453125 0.115625
10 0.3796875 0.86171875 0.0953125 0.2484375
4 0.328125 0.74765625 0.0203125 0.0421875
4 0.575 0.290625 0.0203125 0.0375
4 0.57578125 0.10390625 0.0203125 0.0421875
4 0.6828125 0.23515625 0.015625 0.0421875
4 0.696875 0.1921875 0.0140625 0.0359375
4 0.71640625 0.16171875 0.015625 0.0359375
9 0.13359375 0.87578125 0.0390625 0.0953125
9 0.321875 0.93515625 0.0328125 0.0890625
9 0.3375 0.7921875 0.0421875 0.1
9 0.6609375 0.1578125 0.0359375 0.10625
9 0.38203125 0.39296875 0.05625 0.0546875
2 0.59453125 0.42578125 0.0375 0.0765625
2 0.68515625 0.57578125 0.0515625 0.046875
2 0.69375 0.153125 0.0328125 0.0828125
2 0.6875 0.06171875 0.034375 0.0859375
2 0.075 0.21875 0.040625 0.0375
2 0.07578125 0.28984375 0.0453125 0.040625
2 0.11015625 0.3453125 0.0484375 0.040625
2 0.3078125 0.37109375 0.05 0.04375
2 0.3953125 0.265625 0.05 0.0421875
2 0.3 0.909375 0.0296875 0.078125
2 0.3625 0.81875 0.0328125 0.071875
2 0.57734375 0.96328125 0.05 0.0625
12 0.4734375 0.55546875 0.1140625 0.24375
12 0.38203125 0.33046875 0.190625 0.09375
13 0.02734375 0.3265625 0.0390625 0.040625