4 0.33671875 0.75625 0.01875 0.046875
4 0.6640625 0.2234375 0.0171875 0.046875
4 0.6734375 0.18046875 0.0140625 0.0453125
4 0.6890625 0.17109375 0.015625 0.0484375
4 0.70703125 0.10078125 0.0125 0.04375
2 0.42109375 0.5234375 0.0265625 0.084375
2 0.7140625 0.575 0.0484375 0.04375
2 0.815625 0.6390625 0.046875 0.0390625
2 0.6671875 0.1421875 0.0296875 0.08125
2 0.66015625 0.0453125 0.03125 0.0875
2 0.215625 0.28125 0.04375 0.05
2 0.29296875 0.265625 0.0375 0.04375
2 0.37734375 0.27109375 0.0484375 0.0515625
2 0.3421875 0.3953125 0.0421875 0.0390625
2 0.2921875 0.36953125 0.0453125 0.0390625
2 0.075 0.3609375 0.0453125 0.04375
2 0.06484375 0.24375 0.0484375 0.040625
2 0.3765625 0.83046875 0.028125 0.078125
2 0.315625 0.91875 0.0296875 0.0828125
2 0.546875 0.23671875 0.0265625 0.075
9 0.6375 0.14921875 0.0328125 0.090625
9 0.47578125 0.75625 0.028125 0.0921875
9 0.346875 0.80078125 0.0390625 0.09375
9 0.34296875 0.9375 0.034375 0.09375
0 0.609375 0.12734375 0.0421875 0.1125
10 0.39921875 0.8625 0.084375 0.2578125
12 0.465625 0.4078125 0.1578125 0.1921875
12 0.45859375 0.925 0.05625 0.146875
13 0.2078125 0.37421875 0.0578125 0.05625