0 0.678125 0.15078125 0.059375 0.11875
10 0.3359375 0.84375 0.1234375 0.2546875
4 0.29921875 0.725 0.025 0.04375
4 0.6 0.30078125 0.0234375 0.0390625
4 0.6234375 0.11640625 0.025 0.04375
4 0.7140625 0.259375 0.0203125 0.04375
4 0.7328125 0.21796875 0.01875 0.0375
4 0.75625 0.190625 0.0203125 0.0375
9 0.090625 0.828125 0.05 0.096875
9 0.26953125 0.91015625 0.04375 0.0921875
9 0.303125 0.7703125 0.0546875 0.103125
9 0.7015625 0.18046875 0.046875 0.109375
9 0.39609375 0.3796875 0.0609375 0.059375
2 0.603125 0.43828125 0.0453125 0.0796875
2 0.675 0.59765625 0.05625 0.0515625
2 0.734375 0.1796875 0.0421875 0.084375
2 0.7390625 0.0875 0.04375 0.0875
2 0.1125 0.16875 0.0453125 0.040625
2 0.1046875 0.23984375 0.0484375 0.0453125
2 0.13203125 0.2984375 0.053125 0.0453125
2 0.325 0.3484375 0.0546875 0.0484375
2 0.42421875 0.25390625 0.0546875 0.046875
2 0.2515625 0.88203125 0.0375 0.0796875
2 0.325 0.8 0.0421875 0.075
2 0.51953125 0.96796875 0.0578125 0.0640625
12 0.4671875 0.55234375 0.1421875 0.253125
12 0.40390625 0.3171875 0.1984375 0.115625
13 0.0515625 0.2703125 0.04375 0.0453125