0 0.609375 0.12265625 0.05 0.11875
10 0.396875 0.86640625 0.0875 0.2484375
12 0.453125 0.39375 0.165625 0.1640625
12 0.46875 0.88125 0.06875 0.2328125
2 0.03359375 0.24453125 0.05 0.04375
2 0.03828125 0.35625 0.046875 0.0359375
2 0.1875 0.26484375 0.0453125 0.0453125
2 0.2765625 0.26640625 0.0375 0.040625
2 0.25703125 0.3625 0.04375 0.0421875
2 0.30546875 0.3875 0.0453125 0.040625
2 0.3796875 0.26875 0.05625 0.0421875
2 0.559375 0.04609375 0.028125 0.0765625
2 0.6703125 0.1453125 0.03125 0.0765625
2 0.6625 0.0484375 0.0375 0.084375
2 0.853125 0.64375 0.046875 0.0390625
2 0.77890625 0.58828125 0.05 0.05
2 0.3765625 0.8328125 0.0296875 0.0765625
2 0.31953125 0.92421875 0.028125 0.0828125
2 0.559375 0.31171875 0.03125 0.08125
2 0.4265625 0.47734375 0.0328125 0.078125
13 0.178125 0.3765625 0.05625 0.0453125
9 0.3484375 0.803125 0.0328125 0.0890625
9 0.3421875 0.93828125 0.03125 0.0828125
9 0.48671875 0.6703125 0.0234375 0.0890625
9 0.63828125 0.146875 0.03125 0.09375
4 0.3359375 0.76015625 0.0171875 0.04375
4 0.665625 0.22109375 0.0140625 0.034375
4 0.675 0.18203125 0.0125 0.0390625
4 0.6921875 0.16953125 0.01875 0.0375
4 0.71640625 0.06875 0.01875 0.05