13 0.27578125 0.36484375 0.0578125 0.0484375
4 0.09140625 0.32890625 0.0296875 0.0296875
4 0.3125 0.74375 0.0234375 0.05
4 0.2640625 0.87890625 0.025 0.0453125
4 0.68359375 0.2359375 0.0203125 0.0421875
4 0.69921875 0.19765625 0.01875 0.0421875
4 0.71484375 0.18359375 0.0171875 0.0375
4 0.73046875 0.13984375 0.0171875 0.040625
2 0.625 0.5171875 0.05 0.06875
2 0.73984375 0.6546875 0.053125 0.05
2 0.36640625 0.57890625 0.053125 0.0578125
2 0.34453125 0.81640625 0.0375 0.0828125
2 0.27734375 0.90625 0.0375 0.084375
2 0.4078125 0.41328125 0.0421875 0.059375
2 0.35625 0.375 0.0453125 0.04375
2 0.39453125 0.2609375 0.0515625 0.05
2 0.3203125 0.25 0.0421875 0.0390625
2 0.2984375 0.290625 0.0421875 0.05
2 0.1640625 0.3390625 0.0546875 0.046875
2 0.146875 0.22421875 0.053125 0.0359375
2 0.5984375 0.07734375 0.0359375 0.0765625
2 0.69375 0.15703125 0.0390625 0.0875
2 0.6953125 0.06171875 0.0375 0.0921875
9 0.6640625 0.16015625 0.040625 0.103125
9 0.31796875 0.7859375 0.04375 0.1015625
9 0.2984375 0.925 0.0375 0.090625
9 0.39375 0.9203125 0.040625 0.1015625
0 0.6390625 0.1359375 0.053125 0.1140625
10 0.359375 0.85390625 0.10625 0.2515625
12 0.48671875 0.4546875 0.153125 0.2671875
0 0.7734375 0.8546875 0.1125 0.09375