4 0.90234375 0.8015625 0.025 0.0375
9 0.946875 0.16875 0.046875 0.084375
9 0.63203125 0.14765625 0.03125 0.090625
9 0.34375 0.80234375 0.0359375 0.0890625
9 0.33671875 0.9390625 0.034375 0.0875
9 0.04609375 0.35625 0.0546875 0.0359375
2 0.3109375 0.92421875 0.025 0.078125
2 0.371875 0.82578125 0.028125 0.06875
2 0.28203125 0.59375 0.05 0.040625
2 0.44453125 0.4921875 0.0375 0.0703125
2 0.709375 0.62734375 0.0515625 0.0328125
2 0.56484375 0.375 0.0375 0.0765625
2 0.66328125 0.14375 0.03125 0.084375
2 0.65625 0.04765625 0.0328125 0.0890625
2 0.38984375 0.4078125 0.0421875 0.046875
2 0.3453125 0.325 0.0390625 0.040625
2 0.37421875 0.271875 0.05 0.0484375
2 0.296875 0.26484375 0.0390625 0.0421875
2 0.21328125 0.375 0.04375 0.0484375
2 0.1703125 0.259375 0.0484375 0.05
4 0.15625 0.36875 0.0265625 0.03125
4 0.659375 0.22421875 0.0171875 0.040625
4 0.66953125 0.17734375 0.015625 0.0375
4 0.68515625 0.171875 0.0125 0.0328125
4 0.6984375 0.11640625 0.0171875 0.0421875
4 0.31328125 0.83671875 0.01875 0.0375
4 0.3328125 0.759375 0.015625 0.04375
0 0.6265625 0.94140625 0.0953125 0.1171875
12 0.49765625 0.51640625 0.0921875 0.29375
10 0.3921875 0.8703125 0.0859375 0.2484375
0 0.60546875 0.12734375 0.0421875 0.1109375
13 0.303125 0.3875 0.0546875 0.0453125