4 0.61171875 0.11953125 0.03125 0.046875
4 0.67109375 0.228125 0.028125 0.040625
4 0.74296875 0.26484375 0.0234375 0.0390625
4 0.7609375 0.23359375 0.025 0.0375
4 0.784375 0.1921875 0.0265625 0.0390625
4 0.78203125 0.62734375 0.034375 0.0265625
9 0.584375 0.209375 0.0546875 0.0890625
9 0.6546875 0.1453125 0.0546875 0.0953125
2 0.434375 0.25234375 0.0609375 0.059375
9 0.453125 0.01484375 0.0625 0.0296875
9 0.1796875 0.2640625 0.0671875 0.059375
9 0.25390625 0.79296875 0.0609375 0.1078125
9 0.65234375 0.4171875 0.06875 0.071875
9 0.6828125 0.60859375 0.065625 0.0609375
9 0.740625 0.625 0.0671875 0.059375
9 0.6484375 0.66015625 0.0640625 0.0546875
9 0.628125 0.70703125 0.0640625 0.0609375
9 0.68984375 0.72734375 0.06875 0.0640625
9 0.8140625 0.78125 0.06875 0.065625
2 0.4046875 0.3609375 0.059375 0.0546875
2 0.33984375 0.70625 0.0484375 0.0796875
2 0.35625 0.74140625 0.05 0.0828125
2 0.47734375 0.4953125 0.0625 0.0890625
2 0.5078125 0.52890625 0.0671875 0.096875
2 0.70390625 0.1546875 0.046875 0.090625
2 0.75 0.13359375 0.0578125 0.0921875
2 0.7578125 0.190625 0.0453125 0.071875
2 0.80625 0.10546875 0.0484375 0.0828125
9 0.28125 0.88515625 0.0546875 0.1015625
0 0.7671875 0.875 0.090625 0.0875
10 0.81328125 0.41328125 0.178125 0.1125
0 0.34296875 0.21640625 0.10625 0.0859375
12 0.3 0.30390625 0.1859375 0.125