9 0.12265625 0.3671875 0.059375 0.046875
9 0.040625 0.35625 0.0515625 0.0390625
9 0.63359375 0.15 0.03125 0.09375
9 0.33828125 0.94453125 0.03125 0.0859375
9 0.34453125 0.803125 0.0390625 0.1
0 0.60703125 0.12578125 0.040625 0.11875
10 0.390625 0.8703125 0.0875 0.259375
12 0.5125 0.59609375 0.0515625 0.3140625
0 0.89140625 0.8 0.10625 0.0671875
2 0.37421875 0.828125 0.03125 0.08125
2 0.31484375 0.925 0.0296875 0.0796875
2 0.68984375 0.625 0.05 0.046875
2 0.46875 0.584375 0.028125 0.071875
2 0.43671875 0.46171875 0.0359375 0.0671875
2 0.15078125 0.57890625 0.046875 0.04375
2 0.25625 0.38125 0.04375 0.0390625
2 0.37734375 0.33046875 0.0390625 0.0390625
2 0.37578125 0.2703125 0.053125 0.0515625
2 0.3 0.271875 0.0453125 0.04375
2 0.2015625 0.26328125 0.0484375 0.04375
2 0.66640625 0.14140625 0.03125 0.071875
2 0.65703125 0.04765625 0.034375 0.0859375
2 0.540625 0.1875 0.0265625 0.096875
4 0.2125 0.38125 0.0265625 0.025
4 0.6625 0.221875 0.015625 0.0359375
4 0.67421875 0.18125 0.0171875 0.0359375
4 0.68671875 0.17265625 0.0171875 0.040625
4 0.7 0.1203125 0.01875 0.040625
4 0.32109375 0.8046875 0.0171875 0.0390625
4 0.334375 0.75625 0.015625 0.0421875
4 0.7421875 0.859375 0.025 0.0390625
13 0.3453125 0.39375 0.05625 0.0484375