13 0.75625 0.4453125 0.0625 0.05625
4 0.9421875 0.47109375 0.034375 0.0328125
4 0.59765625 0.79140625 0.03125 0.053125
4 0.6 0.9359375 0.03125 0.046875
4 0.41171875 0.190625 0.0265625 0.04375
4 0.41015625 0.14921875 0.025 0.04375
4 0.39921875 0.13125 0.021875 0.0390625
4 0.39921875 0.084375 0.0234375 0.040625
2 0.3765625 0.47578125 0.0578125 0.075
2 0.22265625 0.56796875 0.059375 0.05625
2 0.60078125 0.61875 0.059375 0.0625
2 0.54375 0.85 0.0484375 0.084375
2 0.57890625 0.95703125 0.05 0.0859375
2 0.61484375 0.4484375 0.05 0.0640625
2 0.6765625 0.42890625 0.05 0.05
2 0.67734375 0.30859375 0.0578125 0.05625
2 0.7515625 0.321875 0.046875 0.04375
2 0.75859375 0.3671875 0.0484375 0.0546875
2 0.86953125 0.45703125 0.0609375 0.0546875
2 0.9234375 0.3546875 0.05625 0.0421875
2 0.54453125 0.06796875 0.0453125 0.0796875
2 0.428125 0.1125 0.05 0.0890625
2 0.4578125 0.034375 0.05 0.06875
9 0.45546875 0.125 0.05625 0.1046875
9 0.57890625 0.8296875 0.059375 0.1046875
9 0.5515625 0.96015625 0.05 0.0796875
9 0.4640625 0.93203125 0.05625 0.103125
0 0.48671875 0.11015625 0.06875 0.11875
10 0.51796875 0.87578125 0.1421875 0.2484375
12 0.52734375 0.46171875 0.1890625 0.2796875
0 0.12578125 0.746875 0.1234375 0.1078125