2 0.20546875 0.2640625 0.0484375 0.0359375
2 0.3 0.26875 0.0390625 0.0390625
2 0.3765625 0.26875 0.0546875 0.05
2 0.378125 0.33046875 0.04375 0.0390625
2 0.3015625 0.3875 0.0453125 0.0375
2 0.375 0.83046875 0.0296875 0.0796875
2 0.315625 0.925 0.03125 0.0875
2 0.47734375 0.6890625 0.025 0.0796875
2 0.46875 0.55390625 0.0265625 0.0765625
2 0.67578125 0.625 0.0484375 0.04375
2 0.665625 0.1421875 0.0328125 0.0796875
2 0.66015625 0.04921875 0.0359375 0.09375
9 0.18984375 0.37421875 0.0578125 0.04375
9 0.1140625 0.3671875 0.0515625 0.0421875
9 0.06875 0.321875 0.065625 0.040625
9 0.34609375 0.80234375 0.0328125 0.096875
9 0.3390625 0.94375 0.0296875 0.0890625
9 0.6359375 0.14921875 0.03125 0.0953125
0 0.7265625 0.86484375 0.0953125 0.0859375
0 0.60625 0.125 0.04375 0.1109375
12 0.5078125 0.69375 0.0578125 0.303125
4 0.83984375 0.5890625 0.0265625 0.0234375
4 0.86015625 0.72109375 0.0265625 0.028125
4 0.32265625 0.80078125 0.015625 0.0484375
4 0.33515625 0.75703125 0.0203125 0.0421875
4 0.25234375 0.38125 0.025 0.025
4 0.66328125 0.225 0.0203125 0.0453125
4 0.671875 0.18046875 0.0171875 0.0328125
4 0.6890625 0.1734375 0.0203125 0.040625
4 0.7046875 0.11875 0.0234375 0.040625
4 0.6359375 0.0703125 0.01875 0.0390625
4 0.59765625 0.984375 0.0328125 0.03125
10 0.39375 0.8671875 0.0875 0.2515625
13 0.39765625 0.42421875 0.05 0.078125