9 0.3578125 0.1515625 0.0359375 0.090625
9 0.6609375 0.803125 0.0390625 0.103125
9 0.6671875 0.940625 0.040625 0.09375
9 0.7578125 0.37109375 0.05625 0.0375
9 0.82890625 0.36796875 0.0515625 0.0375
9 0.8875 0.32421875 0.0625 0.0515625
9 0.9671875 0.35 0.05625 0.0421875
2 0.55390625 0.81875 0.03125 0.0765625
2 0.52421875 0.63359375 0.025 0.08125
2 0.32578125 0.62734375 0.046875 0.040625
2 0.3265625 0.14453125 0.03125 0.08125
2 0.33359375 0.046875 0.0375 0.0859375
2 0.79140625 0.25703125 0.0484375 0.0421875
2 0.69609375 0.265625 0.040625 0.0453125
2 0.6203125 0.26640625 0.0515625 0.0515625
2 0.61796875 0.32890625 0.04375 0.0421875
2 0.65390625 0.39140625 0.0453125 0.0421875
2 0.63125 0.82578125 0.03125 0.075
2 0.69296875 0.9234375 0.0296875 0.0890625
0 0.3875 0.1234375 0.040625 0.11875
0 0.41875 0.9765625 0.065625 0.046875
12 0.5125 0.7890625 0.0828125 0.3
13 0.578125 0.5078125 0.0328125 0.096875
4 0.0625 0.7328125 0.025 0.0265625
4 0.25546875 0.71875 0.0265625 0.0265625
4 0.334375 0.546875 0.0265625 0.028125
4 0.68515625 0.8 0.0171875 0.0390625
4 0.66875 0.75703125 0.015625 0.0546875
4 0.6953125 0.38671875 0.0265625 0.0265625
4 0.33515625 0.22578125 0.021875 0.0453125
4 0.321875 0.17890625 0.01875 0.0328125
4 0.30625 0.171875 0.0203125 0.03125
4 0.2921875 0.12578125 0.0171875 0.04375
4 0.3734375 0.15546875 0.015625 0.0390625
10 0.61328125 0.865625 0.090625 0.253125