2 0.84296875 0.3421875 0.05625 0.0453125
2 0.75 0.32421875 0.046875 0.046875
2 0.67578125 0.30546875 0.065625 0.0625
2 0.659375 0.36484375 0.0515625 0.046875
2 0.71953125 0.4390625 0.053125 0.046875
2 0.54140625 0.85078125 0.046875 0.084375
2 0.57578125 0.95546875 0.0515625 0.0890625
2 0.4765625 0.6890625 0.0421875 0.0828125
2 0.5171875 0.56015625 0.04375 0.08125
2 0.29921875 0.57890625 0.05625 0.053125
2 0.42578125 0.1125 0.0515625 0.0859375
2 0.453125 0.03671875 0.05625 0.0734375
9 0.83125 0.453125 0.0671875 0.05625
9 0.90625 0.46484375 0.059375 0.053125
9 0.96171875 0.43125 0.0734375 0.05625
9 0.5765625 0.83046875 0.0546875 0.1015625
9 0.5484375 0.9609375 0.05 0.078125
9 0.453125 0.1265625 0.0546875 0.1
0 0.1921875 0.79921875 0.1125 0.10625
0 0.4875 0.11015625 0.06875 0.11875
12 0.4453125 0.6859375 0.1296875 0.3078125
4 0.1484375 0.50390625 0.03125 0.0296875
4 0.096875 0.62734375 0.03125 0.0328125
4 0.59921875 0.834375 0.0265625 0.05
4 0.59765625 0.7890625 0.0296875 0.0453125
4 0.76875 0.44453125 0.03125 0.03125
4 0.4078125 0.19375 0.0296875 0.0484375
4 0.41015625 0.1484375 0.0234375 0.0359375
4 0.3953125 0.1375 0.0296875 0.0453125
4 0.39375 0.08046875 0.0328125 0.0453125
4 0.471875 0.05 0.028125 0.0421875
4 0.28828125 0.94609375 0.0390625 0.0375
10 0.51328125 0.875 0.1453125 0.25
13 0.61796875 0.4515625 0.0671875 0.0875