4 0.32734375 0.915625 0.0265625 0.0390625
0 0.18515625 0.82265625 0.1046875 0.0796875
0 0.396875 0.1234375 0.0484375 0.1171875
10 0.59921875 0.86796875 0.0859375 0.2546875
12 0.48203125 0.64609375 0.053125 0.3140625
9 0.64921875 0.80859375 0.0359375 0.09375
9 0.653125 0.946875 0.034375 0.0828125
9 0.84453125 0.37578125 0.0578125 0.040625
9 0.92109375 0.3703125 0.0515625 0.04375
9 0.9671875 0.32578125 0.0640625 0.0453125
9 0.3703125 0.14765625 0.034375 0.09375
2 0.61953125 0.8296875 0.034375 0.0796875
2 0.67578125 0.92890625 0.0296875 0.0875
2 0.521875 0.6375 0.028125 0.0734375
2 0.54453125 0.50625 0.0328125 0.0625
2 0.315625 0.621875 0.0515625 0.0453125
2 0.92265625 0.57578125 0.05 0.0453125
2 0.79609375 0.2703125 0.05 0.0421875
2 0.703125 0.2703125 0.0375 0.0375
2 0.72578125 0.38515625 0.046875 0.034375
2 0.6265625 0.27265625 0.046875 0.0453125
2 0.62421875 0.33046875 0.046875 0.040625
2 0.33671875 0.13828125 0.0328125 0.08125
2 0.35 0.046875 0.0375 0.084375
4 0.340625 0.22109375 0.0140625 0.040625
4 0.33203125 0.17734375 0.0140625 0.0359375
4 0.315625 0.16796875 0.015625 0.034375
4 0.30546875 0.11796875 0.0203125 0.0421875
4 0.76640625 0.38671875 0.028125 0.0265625
4 0.671875 0.803125 0.01875 0.0375
4 0.6578125 0.7609375 0.01875 0.0453125
4 0.06171875 0.71796875 0.0265625 0.0265625
4 0.046875 0.58984375 0.028125 0.03125
13 0.628125 0.4109375 0.05625 0.05625
2 0.4546875 0.071875 0.0359375 0.096875