4 0.16484375 0.6546875 0.0265625 0.0265625
4 0.24765625 0.525 0.0328125 0.03125
4 0.39453125 0.19609375 0.0234375 0.0390625
4 0.39140625 0.1546875 0.0234375 0.040625
4 0.378125 0.140625 0.0203125 0.0328125
4 0.37421875 0.08984375 0.025 0.04375
4 0.45078125 0.09921875 0.0203125 0.0328125
4 0.74296875 0.43046875 0.0265625 0.0234375
4 0.61796875 0.828125 0.021875 0.04375
4 0.6125 0.78671875 0.0265625 0.046875
2 0.83515625 0.3234375 0.05625 0.0515625
2 0.7421875 0.3125 0.046875 0.0390625
2 0.66640625 0.296875 0.0609375 0.053125
2 0.65390625 0.3578125 0.05 0.0453125
2 0.6921875 0.428125 0.0546875 0.05
2 0.50625 0.596875 0.0421875 0.084375
2 0.484375 0.74453125 0.0375 0.078125
2 0.5625 0.84609375 0.0484375 0.0828125
2 0.6 0.9515625 0.0484375 0.0859375
2 0.3046875 0.58671875 0.05625 0.0515625
2 0.403125 0.121875 0.046875 0.0875
2 0.4328125 0.03515625 0.05 0.0703125
13 0.5875 0.48203125 0.0546875 0.09375
0 0.4671875 0.11171875 0.059375 0.115625
12 0.45234375 0.740625 0.128125 0.3140625
10 0.5328125 0.87421875 0.1375 0.2515625
0 0.27265625 0.8921875 0.115625 0.125
9 0.80078125 0.4328125 0.0625 0.0546875
9 0.8734375 0.4421875 0.059375 0.0484375
9 0.93125 0.40859375 0.071875 0.059375
9 0.5921875 0.82890625 0.0578125 0.1
9 0.575 0.96015625 0.05 0.0796875
9 0.43203125 0.12890625 0.05 0.0984375