9 0.6359375 0.14921875 0.034375 0.090625
9 0.34453125 0.80625 0.0375 0.103125
9 0.340625 0.94375 0.0390625 0.09375
9 0.23984375 0.37578125 0.05625 0.0375
9 0.16875 0.3734375 0.0515625 0.0375
9 0.109375 0.33125 0.0609375 0.05
9 0.03046875 0.3578125 0.05625 0.040625
2 0.4515625 0.81953125 0.0296875 0.075
2 0.478125 0.634375 0.0234375 0.08125
2 0.6765625 0.62421875 0.046875 0.0390625
2 0.6671875 0.14140625 0.0296875 0.08125
2 0.65859375 0.04375 0.0359375 0.0859375
2 0.2046875 0.2625 0.0484375 0.0421875
2 0.3 0.26875 0.040625 0.0453125
2 0.37578125 0.26875 0.05 0.05
2 0.37890625 0.33125 0.04375 0.0421875
2 0.34453125 0.39375 0.0453125 0.0421875
2 0.37421875 0.828125 0.03125 0.075
2 0.3140625 0.9265625 0.028125 0.0890625
0 0.60625 0.121875 0.0390625 0.11875
0 0.5890625 0.97578125 0.0640625 0.046875
12 0.4921875 0.7890625 0.078125 0.2984375
13 0.421875 0.509375 0.03125 0.096875
4 0.94140625 0.725 0.025 0.0265625
4 0.7484375 0.7140625 0.0265625 0.0265625
4 0.66640625 0.54375 0.0265625 0.028125
4 0.3203125 0.803125 0.0171875 0.0390625
4 0.3359375 0.76015625 0.015625 0.0546875
4 0.303125 0.38984375 0.025 0.0265625
4 0.66015625 0.22265625 0.021875 0.0453125
4 0.67265625 0.17578125 0.01875 0.0328125
4 0.68828125 0.16875 0.0203125 0.03125
4 0.7015625 0.121875 0.0171875 0.04375
4 0.6203125 0.153125 0.015625 0.0390625
10 0.39296875 0.8671875 0.0875 0.2515625