9 0.265625 0.553125 0.053125 0.05
9 0.30390625 0.88671875 0.046875 0.090625
9 0.2578125 0.9203125 0.0421875 0.08125
9 0.81015625 0.7265625 0.0578125 0.04375
9 0.65390625 0.6953125 0.0515625 0.0390625
9 0.671875 0.640625 0.0625 0.0484375
9 0.73125 0.59765625 0.0625 0.0625
9 0.90390625 0.6375 0.0578125 0.046875
2 0.40859375 0.2625 0.05625 0.05
9 0.15703125 0.30703125 0.059375 0.05
2 0.72109375 0.16171875 0.0359375 0.065625
2 0.6625 0.1359375 0.0390625 0.096875
2 0.70859375 0.10703125 0.0453125 0.090625
2 0.75859375 0.07734375 0.0359375 0.078125
2 0.07734375 0.5125 0.05 0.04375
2 0.39375 0.3734375 0.05 0.0421875
2 0.3734375 0.7234375 0.04375 0.0875
2 0.29921875 0.82734375 0.034375 0.075
12 0.2765625 0.3296875 0.1765625 0.1
0 0.30859375 0.2375 0.09375 0.0640625
10 0.35078125 0.859375 0.1046875 0.240625
4 0.35703125 0.66484375 0.021875 0.0453125
4 0.465625 0.58359375 0.0203125 0.040625
4 0.63828125 0.2109375 0.0265625 0.040625
4 0.7171875 0.23203125 0.01875 0.0296875
4 0.73125 0.20078125 0.0171875 0.0328125
4 0.74765625 0.1578125 0.0171875 0.0359375
4 0.265625 0.83671875 0.015625 0.0390625
4 0.28125 0.80625 0.021875 0.040625
4 0.29765625 0.76484375 0.0171875 0.0453125
4 0.25078125 0.88828125 0.0265625 0.0609375
4 0.3234375 0.73984375 0.028125 0.0390625