12 0.7203125 0.32578125 0.1796875 0.09375
10 0.1484375 0.38984375 0.16875 0.084375
0 0.29609375 0.87421875 0.090625 0.09375
0 0.68125 0.22421875 0.1 0.0796875
9 0.3828125 0.075 0.053125 0.096875
9 0.68671875 0.74296875 0.05 0.0921875
9 0.65 0.8265625 0.053125 0.0984375
9 0.30703125 0.5875 0.0625 0.0625
9 0.25078125 0.60859375 0.059375 0.0484375
9 0.1890625 0.74375 0.06875 0.065625
9 0.2921875 0.71015625 0.0609375 0.0515625
9 0.35625 0.6984375 0.0609375 0.053125
9 0.33671875 0.65234375 0.065625 0.053125
2 0.5875 0.25859375 0.0625 0.053125
2 0.5875 0.68203125 0.046875 0.08125
2 0.584375 0.6 0.0421875 0.08125
2 0.47578125 0.434375 0.0609375 0.0875
2 0.44296875 0.47734375 0.05625 0.0796875
2 0.325 0.13671875 0.046875 0.0859375
2 0.28203125 0.11875 0.046875 0.0890625
2 0.26953125 0.16640625 0.0359375 0.0625
2 0.2296875 0.08671875 0.04375 0.0796875
2 0.60390625 0.36328125 0.0625 0.0546875
9 0.29765625 0.40078125 0.0640625 0.0484375
9 0.8390625 0.2953125 0.0609375 0.0515625
4 0.353125 0.209375 0.0296875 0.0359375
4 0.27734375 0.24453125 0.0265625 0.040625
4 0.2609375 0.2125 0.01875 0.034375
4 0.24140625 0.165625 0.0203125 0.046875
4 0.209375 0.6015625 0.0328125 0.034375