12 0.5859375 0.85625 0.134375 0.2796875
10 0.6671875 0.8453125 0.125 0.2578125
0 0.328125 0.14609375 0.0609375 0.121875
2 0.68125 0.80078125 0.040625 0.084375
2 0.7578125 0.88828125 0.0453125 0.090625
2 0.346875 0.65 0.0515625 0.0515625
2 0.27578125 0.1765625 0.0453125 0.0796875
2 0.26640625 0.078125 0.0484375 0.0859375
2 0.75 0.21484375 0.0546875 0.05
2 0.6578125 0.2375 0.0453125 0.05
2 0.58125 0.253125 0.0625 0.059375
2 0.59140625 0.31171875 0.0484375 0.0421875
2 0.61640625 0.3765625 0.05 0.053125
2 0.671875 0.95546875 0.0328125 0.046875
9 0.30859375 0.17734375 0.0484375 0.1015625
9 0.7015625 0.34375 0.059375 0.05
9 0.76953125 0.32734375 0.0578125 0.046875
9 0.8375 0.27578125 0.071875 0.0625
9 0.89765625 0.29296875 0.065625 0.0609375
9 0.70546875 0.775 0.0484375 0.0953125
9 0.73515625 0.90859375 0.0453125 0.0859375
13 0.6359375 0.57109375 0.0609375 0.0703125
2 0.58046875 0.753125 0.0359375 0.071875
4 0.70546875 0.72578125 0.028125 0.0484375
4 0.728125 0.7640625 0.0234375 0.04375
4 0.34453125 0.2171875 0.021875 0.0375
4 0.2921875 0.253125 0.021875 0.04375
4 0.27578125 0.21484375 0.021875 0.0359375
4 0.2578125 0.20859375 0.0203125 0.04375
4 0.2375 0.159375 0.0234375 0.04375
4 0.4296875 0.421875 0.0265625 0.0390625
4 0.35703125 0.74375 0.0328125 0.0296875
4 0.2328125 0.77578125 0.028125 0.028125
4 0.64765625 0.3625 0.0234375 0.028125