13 0.734375 0.61015625 0.05 0.04375
4 0.66328125 0.38203125 0.021875 0.025
4 0.2828125 0.73515625 0.028125 0.0296875
4 0.36875 0.7234375 0.021875 0.028125
4 0.690625 0.79765625 0.0203125 0.0453125
4 0.6734375 0.75 0.0140625 0.034375
4 0.40390625 0.215625 0.025 0.028125
4 0.46171875 0.18515625 0.01875 0.04375
4 0.32734375 0.22578125 0.0140625 0.0375
4 0.31796875 0.1875 0.0171875 0.0421875
4 0.3 0.17890625 0.0171875 0.0328125
4 0.2859375 0.128125 0.0171875 0.0390625
2 0.6171875 0.26796875 0.053125 0.0515625
2 0.6171875 0.32421875 0.040625 0.040625
2 0.63125 0.39453125 0.0421875 0.04375
2 0.69453125 0.26171875 0.0390625 0.0453125
2 0.78828125 0.25234375 0.0484375 0.0421875
2 0.32890625 0.628125 0.0453125 0.0390625
2 0.6390625 0.82578125 0.028125 0.08125
2 0.70078125 0.91484375 0.0328125 0.084375
2 0.084375 0.66328125 0.0484375 0.0453125
2 0.59765625 0.94140625 0.0296875 0.075
2 0.321875 0.15 0.034375 0.090625
2 0.328125 0.05 0.0328125 0.0828125
2 0.97109375 0.34375 0.046875 0.0375
9 0.95078125 0.22578125 0.06875 0.05625
9 0.90234375 0.35234375 0.059375 0.0390625
9 0.8453125 0.33671875 0.0609375 0.0609375
9 0.78046875 0.36484375 0.053125 0.0453125
9 0.71484375 0.37734375 0.0515625 0.04375
9 0.66640625 0.7953125 0.0375 0.0953125
9 0.353125 0.15390625 0.0375 0.0953125
12 0.5546875 0.9171875 0.0703125 0.1640625
10 0.61953125 0.86328125 0.09375 0.2578125
0 0.3796875 0.128125 0.0453125 0.1203125