4 0.36484375 0.63046875 0.0171875 0.04375
4 0.3359375 0.72578125 0.0171875 0.05
4 0.6359375 0.7234375 0.0234375 0.0265625
4 0.61328125 0.7125 0.021875 0.025
4 0.57109375 0.228125 0.01875 0.03125
4 0.65625 0.225 0.015625 0.0375
4 0.66640625 0.18125 0.0125 0.03125
4 0.68203125 0.17109375 0.0203125 0.0375
4 0.696875 0.12265625 0.0171875 0.04375
4 0.3359375 0.4109375 0.0234375 0.0390625
2 0.37109375 0.26953125 0.05625 0.04375
2 0.36953125 0.33125 0.040625 0.040625
2 0.3609375 0.396875 0.0390625 0.0390625
2 0.29296875 0.26875 0.04375 0.034375
2 0.1984375 0.26171875 0.0546875 0.0375
2 0.0296875 0.3625 0.046875 0.0453125
2 0.32421875 0.85625 0.0328125 0.0859375
2 0.41640625 0.64765625 0.0296875 0.0703125
2 0.67109375 0.62109375 0.046875 0.046875
2 0.7921875 0.58359375 0.046875 0.040625
2 0.76015625 0.63203125 0.05 0.046875
2 0.6609375 0.14375 0.03125 0.08125
2 0.65078125 0.04609375 0.03125 0.0859375
9 0.63046875 0.14453125 0.0328125 0.1078125
9 0.4 0.571875 0.0359375 0.090625
9 0.340625 0.90625 0.0296875 0.0890625
9 0.96640625 0.59609375 0.0640625 0.0546875
9 0.88984375 0.79375 0.065625 0.046875
9 0.275 0.38125 0.053125 0.0484375
9 0.21015625 0.37421875 0.0546875 0.0421875
9 0.11875 0.25390625 0.0609375 0.04375
9 0.146875 0.346875 0.0609375 0.059375
9 0.0921875 0.3671875 0.059375 0.04375
0 0.603125 0.128125 0.0421875 0.1203125
10 0.3953125 0.8453125 0.0890625 0.2640625