4 0.36953125 0.63515625 0.01875 0.0453125
4 0.34375 0.73125 0.01875 0.05
4 0.64375 0.71875 0.025 0.0265625
4 0.6203125 0.70859375 0.0234375 0.025
4 0.56171875 0.22578125 0.01875 0.03125
4 0.646875 0.21953125 0.0171875 0.0375
4 0.65546875 0.17578125 0.0140625 0.03125
4 0.6703125 0.16484375 0.0203125 0.0375
4 0.68359375 0.115625 0.01875 0.04375
4 0.3328125 0.41640625 0.025 0.0390625
2 0.36328125 0.27421875 0.05625 0.0453125
2 0.3640625 0.3359375 0.0421875 0.0421875
2 0.3578125 0.4015625 0.040625 0.0390625
2 0.28515625 0.27578125 0.0453125 0.034375
2 0.190625 0.27265625 0.05625 0.0390625
2 0.025 0.37890625 0.0484375 0.046875
2 0.33671875 0.8625 0.0359375 0.0859375
2 0.421875 0.65078125 0.03125 0.071875
2 0.675 0.61484375 0.0484375 0.0484375
2 0.7953125 0.5734375 0.0484375 0.0421875
2 0.76484375 0.62265625 0.0515625 0.0484375
2 0.6484375 0.13828125 0.0328125 0.08125
2 0.63515625 0.0421875 0.0328125 0.084375
9 0.61796875 0.13984375 0.0359375 0.1078125
9 0.40234375 0.575 0.0390625 0.0921875
9 0.3546875 0.91171875 0.0328125 0.0890625
9 0.96796875 0.5796875 0.0640625 0.05625
9 0.9 0.7796875 0.0671875 0.0484375
9 0.27109375 0.3890625 0.0546875 0.05
9 0.20625 0.384375 0.0546875 0.04375
9 0.11015625 0.2671875 0.0625 0.0453125
9 0.14140625 0.359375 0.0625 0.0609375
9 0.0875 0.38125 0.0609375 0.0453125
0 0.58984375 0.125 0.0453125 0.121875
10 0.4078125 0.8484375 0.096875 0.2671875