10 0.39296875 0.86015625 0.0875 0.25625
0 0.60234375 0.12265625 0.0421875 0.10625
2 0.39609375 0.72265625 0.0296875 0.08125
2 0.315625 0.89765625 0.0296875 0.0875
2 0.67265625 0.621875 0.04375 0.0390625
2 0.76796875 0.634375 0.0484375 0.04375
2 0.8375 0.5890625 0.0453125 0.0359375
2 0.1984375 0.2609375 0.0453125 0.04375
2 0.2953125 0.26640625 0.040625 0.040625
2 0.36875 0.26875 0.0515625 0.04375
2 0.37265625 0.32890625 0.04375 0.0390625
2 0.36171875 0.3984375 0.0453125 0.046875
2 0.66015625 0.14375 0.03125 0.08125
2 0.6546875 0.04609375 0.034375 0.0890625
9 0.6296875 0.14609375 0.0328125 0.096875
9 0.38046875 0.65625 0.0328125 0.1
9 0.3359375 0.93125 0.0359375 0.090625
9 0.2765625 0.3828125 0.05625 0.0453125
9 0.2109375 0.3765625 0.053125 0.0390625
9 0.109375 0.25078125 0.065625 0.046875
9 0.1484375 0.35 0.0609375 0.0640625
9 0.0953125 0.36875 0.0578125 0.0390625
2 0.03125 0.3625 0.0484375 0.04375
4 0.33203125 0.40390625 0.015625 0.0375
4 0.325 0.765625 0.015625 0.0375
4 0.34453125 0.70625 0.01875 0.046875
4 0.57109375 0.22890625 0.025 0.0328125
4 0.6578125 0.225 0.0203125 0.04375
4 0.66640625 0.1796875 0.015625 0.034375
4 0.68203125 0.16875 0.01875 0.0390625
4 0.69609375 0.11953125 0.01875 0.0375
9 0.578125 0.97578125 0.05625 0.046875
9 0.98203125 0.77734375 0.0359375 0.0390625
4 0.61484375 0.7125 0.025 0.021875
4 0.64375 0.72265625 0.0265625 0.0328125