10 0.38671875 0.85859375 0.0921875 0.25625
0 0.60859375 0.12421875 0.04375 0.10625
2 0.3921875 0.72109375 0.03125 0.08125
2 0.30859375 0.89453125 0.03125 0.0875
2 0.6703125 0.625 0.04375 0.0390625
2 0.765625 0.6390625 0.0484375 0.0453125
2 0.8359375 0.5953125 0.0453125 0.0359375
2 0.20234375 0.25546875 0.0453125 0.0453125
2 0.29921875 0.2625 0.0421875 0.040625
2 0.37265625 0.26640625 0.0515625 0.0453125
2 0.37578125 0.3265625 0.04375 0.0390625
2 0.36328125 0.39609375 0.0453125 0.046875
2 0.66640625 0.146875 0.03125 0.08125
2 0.6625 0.04921875 0.034375 0.0890625
9 0.6359375 0.1484375 0.034375 0.096875
9 0.378125 0.65390625 0.0359375 0.1
9 0.328125 0.928125 0.0375 0.090625
9 0.27890625 0.37890625 0.05625 0.0453125
9 0.21328125 0.371875 0.053125 0.040625
9 0.1140625 0.24375 0.0671875 0.046875
9 0.15078125 0.34375 0.0625 0.065625
9 0.09765625 0.36171875 0.0578125 0.040625
2 0.03359375 0.3546875 0.0484375 0.0453125
4 0.33359375 0.40078125 0.015625 0.0375
4 0.3203125 0.7625 0.0171875 0.0375
4 0.340625 0.703125 0.0203125 0.046875
4 0.57578125 0.23046875 0.025 0.0328125
4 0.6625 0.228125 0.0203125 0.04375
4 0.671875 0.1828125 0.015625 0.034375
4 0.6875 0.171875 0.01875 0.0390625
4 0.70234375 0.12265625 0.01875 0.0375
9 0.56953125 0.9765625 0.0578125 0.046875
9 0.97734375 0.7859375 0.0359375 0.0390625
4 0.6109375 0.71484375 0.025 0.021875
4 0.63984375 0.725 0.0265625 0.0328125