10 0.53359375 0.87421875 0.1328125 0.2515625
0 0.46875 0.11015625 0.059375 0.11875
12 0.459375 0.94453125 0.071875 0.1109375
9 0.59375 0.82734375 0.0578125 0.1015625
9 0.575 0.959375 0.046875 0.08125
9 0.73828125 0.425 0.0578125 0.05
9 0.8046875 0.43203125 0.0578125 0.0484375
9 0.92109375 0.446875 0.0609375 0.046875
9 0.96953125 0.33046875 0.0609375 0.0578125
9 0.8703125 0.41953125 0.071875 0.065625
9 0.434375 0.12734375 0.0515625 0.10625
9 0.065625 0.7125 0.071875 0.0609375
2 0.5625 0.84375 0.04375 0.08125
2 0.603125 0.95234375 0.0453125 0.0890625
2 0.8375 0.32109375 0.0578125 0.0484375
2 0.740625 0.31171875 0.0484375 0.04375
2 0.6671875 0.30078125 0.0578125 0.053125
2 0.65390625 0.35546875 0.046875 0.0421875
2 0.6515625 0.4265625 0.0515625 0.0546875
2 0.9796875 0.45 0.040625 0.05
2 0.40546875 0.1171875 0.0484375 0.084375
2 0.43125 0.0328125 0.046875 0.065625
2 0.3046875 0.58671875 0.05625 0.05
2 0.1203125 0.57109375 0.05625 0.0515625
4 0.61875 0.82890625 0.021875 0.0421875
4 0.61171875 0.7796875 0.028125 0.046875
4 0.3953125 0.1953125 0.0203125 0.0359375
4 0.3921875 0.1546875 0.0203125 0.034375
4 0.38046875 0.1390625 0.025 0.0421875
4 0.3765625 0.08671875 0.028125 0.05
4 0.47734375 0.2125 0.0265625 0.040625
4 0.54140625 0.059375 0.0234375 0.046875
4 0.6890625 0.421875 0.0265625 0.034375
4 0.3375 0.6890625 0.028125 0.028125
4 0.26484375 0.68828125 0.0265625 0.03125
13 0.7796875 0.675 0.0609375 0.0546875