10 0.41875 0.87265625 0.103125 0.2546875
0 0.578125 0.1171875 0.046875 0.1171875
12 0.484375 0.94609375 0.059375 0.1078125
9 0.3671875 0.81328125 0.046875 0.0984375
9 0.36875 0.95390625 0.0359375 0.0921875
9 0.27265625 0.396875 0.053125 0.04375
9 0.20625 0.3953125 0.0546875 0.0421875
9 0.08828125 0.3953125 0.0578125 0.040625
9 0.046875 0.27421875 0.071875 0.0515625
9 0.1421875 0.375 0.065625 0.059375
9 0.61015625 0.13828125 0.0390625 0.1046875
9 0.90546875 0.7640625 0.0671875 0.0546875
2 0.3953125 0.83359375 0.034375 0.078125
2 0.3421875 0.9359375 0.0359375 0.0859375
2 0.1875 0.28125 0.053125 0.0421875
2 0.284375 0.284375 0.0453125 0.0390625
2 0.35859375 0.28203125 0.053125 0.0484375
2 0.36484375 0.33828125 0.04375 0.0375
2 0.3578125 0.40859375 0.046875 0.05
2 0.0234375 0.39140625 0.046875 0.0453125
2 0.640625 0.13125 0.040625 0.08125
2 0.625 0.03828125 0.0375 0.0765625
2 0.6828125 0.61015625 0.053125 0.0453125
2 0.86875 0.61640625 0.0515625 0.046875
4 0.3421875 0.81171875 0.0171875 0.0421875
4 0.3546875 0.7640625 0.0234375 0.0453125
4 0.64140625 0.21015625 0.0171875 0.0359375
4 0.64921875 0.1703125 0.0171875 0.0328125
4 0.6625 0.15625 0.0203125 0.040625
4 0.67265625 0.1046875 0.021875 0.0484375
4 0.5578125 0.2171875 0.0234375 0.0390625
4 0.51328125 0.05703125 0.0171875 0.0453125
4 0.32109375 0.4 0.0234375 0.0328125
4 0.63828125 0.70703125 0.025 0.025
4 0.71015625 0.715625 0.0234375 0.0296875
13 0.2015625 0.63984375 0.05625 0.0484375