4 0.29453125 0.7765625 0.01875 0.0421875
4 0.3125 0.734375 0.01875 0.0453125
4 0.5953125 0.71953125 0.021875 0.028125
4 0.6375 0.7359375 0.0328125 0.034375
4 0.340625 0.3796875 0.0203125 0.0375
4 0.5921875 0.23828125 0.025 0.0453125
4 0.6828125 0.23359375 0.0203125 0.0359375
4 0.69609375 0.1984375 0.01875 0.0390625
4 0.71171875 0.18828125 0.0234375 0.0375
4 0.7296875 0.140625 0.015625 0.034375
9 0.6296875 0.9125 0.0609375 0.0609375
9 0.34140625 0.7125 0.0453125 0.0921875
9 0.29609375 0.9234375 0.0421875 0.0890625
9 0.28828125 0.3625 0.0546875 0.05
9 0.2234375 0.35078125 0.0515625 0.0484375
9 0.16484375 0.31953125 0.0640625 0.0609375
9 0.11953125 0.21640625 0.0734375 0.05
9 0.1078125 0.33203125 0.0609375 0.059375
9 0.66015625 0.16171875 0.040625 0.0921875
2 0.04375 0.31796875 0.0546875 0.046875
2 0.2234375 0.23515625 0.0515625 0.0484375
2 0.31640625 0.25 0.0421875 0.040625
2 0.39296875 0.259375 0.0546875 0.046875
2 0.38671875 0.31953125 0.046875 0.0453125
2 0.37265625 0.38359375 0.05 0.04375
2 0.3609375 0.7671875 0.0375 0.0796875
2 0.27578125 0.9015625 0.0328125 0.084375
2 0.69453125 0.1578125 0.0390625 0.084375
2 0.69296875 0.0625 0.0359375 0.084375
2 0.87890625 0.63046875 0.0515625 0.0421875
2 0.77421875 0.6609375 0.0515625 0.0453125
2 0.66015625 0.63828125 0.046875 0.046875
10 0.36171875 0.8515625 0.1140625 0.2625
0 0.6359375 0.13515625 0.0515625 0.1109375
13 0.0125 0.56640625 0.025 0.0390625