4 0.33515625 0.3859375 0.0203125 0.0234375
4 0.52578125 0.30078125 0.01875 0.0484375
4 0.596875 0.20546875 0.0234375 0.0359375
4 0.6625 0.22265625 0.0171875 0.040625
4 0.671875 0.178125 0.01875 0.04375
4 0.68828125 0.1734375 0.015625 0.0375
4 0.69921875 0.12109375 0.015625 0.0421875
4 0.7625 0.72578125 0.0234375 0.0265625
4 0.6546875 0.71640625 0.0328125 0.0265625
4 0.334375 0.7546875 0.015625 0.0421875
4 0.31953125 0.8 0.015625 0.04375
2 0.3734375 0.82421875 0.03125 0.0765625
2 0.44296875 0.8484375 0.0296875 0.0765625
2 0.31328125 0.921875 0.03125 0.0875
2 0.37578125 0.26875 0.053125 0.046875
2 0.3765625 0.33046875 0.04375 0.040625
2 0.3671875 0.3984375 0.0453125 0.040625
2 0.2984375 0.26796875 0.0390625 0.03125
2 0.20234375 0.26171875 0.0546875 0.0375
2 0.6671875 0.14375 0.028125 0.08125
2 0.6578125 0.04453125 0.0328125 0.0875
2 0.678125 0.62265625 0.0484375 0.04375
2 0.97890625 0.65 0.0421875 0.05
9 0.27890625 0.38125 0.05625 0.04375
9 0.21640625 0.37578125 0.05625 0.0421875
9 0.0875 0.36875 0.0578125 0.046875
9 0.13984375 0.34140625 0.0609375 0.0546875
9 0.02421875 0.24296875 0.0484375 0.040625
9 0.3453125 0.8015625 0.03125 0.09375
9 0.33671875 0.93984375 0.034375 0.0953125
9 0.63515625 0.14375 0.034375 0.0921875
12 0.4703125 0.89140625 0.08125 0.2109375
0 0.60625 0.1234375 0.0421875 0.1140625
13 0.3296875 0.6078125 0.0546875 0.04375
10 0.39375 0.86640625 0.084375 0.246875