13 0.26953125 0.61796875 0.05 0.0421875
4 0.3328125 0.3875 0.0203125 0.0234375
4 0.725 0.72734375 0.0265625 0.028125
4 0.6390625 0.71875 0.0203125 0.028125
4 0.31953125 0.80390625 0.01875 0.04375
4 0.33515625 0.75625 0.0140625 0.034375
4 0.5859375 0.2125 0.0234375 0.0265625
4 0.52734375 0.184375 0.0171875 0.04375
4 0.66328125 0.21953125 0.0125 0.0375
4 0.67109375 0.18125 0.015625 0.0421875
4 0.68828125 0.171875 0.015625 0.0328125
4 0.70078125 0.12109375 0.015625 0.0390625
2 0.375 0.271875 0.0515625 0.0484375
2 0.3765625 0.328125 0.0390625 0.0390625
2 0.36484375 0.39921875 0.040625 0.04375
2 0.29765625 0.26875 0.0390625 0.04375
2 0.203125 0.2625 0.0484375 0.040625
2 0.67578125 0.621875 0.0453125 0.0390625
2 0.37265625 0.83046875 0.025 0.0796875
2 0.3140625 0.921875 0.0296875 0.0828125
2 0.92109375 0.6484375 0.0484375 0.04375
2 0.41796875 0.94453125 0.0265625 0.0734375
2 0.665625 0.14375 0.03125 0.0890625
2 0.65625 0.04453125 0.0296875 0.0828125
2 0.0234375 0.36015625 0.0453125 0.0359375
9 0.03984375 0.24140625 0.0671875 0.0546875
9 0.09296875 0.36640625 0.0578125 0.0375
9 0.14921875 0.34921875 0.059375 0.059375
9 0.21484375 0.375 0.0515625 0.04375
9 0.28125 0.38515625 0.0515625 0.0421875
9 0.34375 0.80078125 0.034375 0.0953125
9 0.634375 0.14921875 0.034375 0.0953125
12 0.46015625 0.91875 0.0640625 0.1625
10 0.39296875 0.8671875 0.0859375 0.2546875
0 0.60703125 0.12421875 0.0421875 0.11875