4 0.3671875 0.6328125 0.01875 0.0453125
4 0.33984375 0.72890625 0.01875 0.05
4 0.63984375 0.72109375 0.0234375 0.0265625
4 0.6171875 0.71015625 0.021875 0.025
4 0.56640625 0.2265625 0.01875 0.03125
4 0.6515625 0.22265625 0.015625 0.0375
4 0.6609375 0.178125 0.0125 0.03125
4 0.6765625 0.16796875 0.0203125 0.0375
4 0.690625 0.11953125 0.0171875 0.04375
4 0.334375 0.4140625 0.0234375 0.0390625
2 0.3671875 0.271875 0.05625 0.04375
2 0.36640625 0.33359375 0.0421875 0.040625
2 0.359375 0.39921875 0.040625 0.0390625
2 0.2890625 0.27265625 0.04375 0.034375
2 0.19453125 0.2671875 0.0546875 0.0375
2 0.02734375 0.37109375 0.046875 0.0453125
2 0.33046875 0.859375 0.034375 0.0859375
2 0.41875 0.64921875 0.0296875 0.071875
2 0.6734375 0.61796875 0.046875 0.046875
2 0.79375 0.578125 0.046875 0.0421875
2 0.7625 0.62734375 0.05 0.0484375
2 0.6546875 0.140625 0.03125 0.08125
2 0.64296875 0.04375 0.03125 0.0859375
9 0.62421875 0.1421875 0.034375 0.1078125
9 0.4015625 0.5734375 0.0375 0.090625
9 0.34765625 0.90859375 0.03125 0.0890625
9 0.96796875 0.58828125 0.0640625 0.05625
9 0.89453125 0.78671875 0.0671875 0.0484375
9 0.27265625 0.38515625 0.0546875 0.05
9 0.2078125 0.37890625 0.0546875 0.04375
9 0.11484375 0.2609375 0.0609375 0.0453125
9 0.14453125 0.353125 0.0609375 0.059375
9 0.08984375 0.37421875 0.0609375 0.0453125
0 0.596875 0.1265625 0.04375 0.1203125
10 0.4015625 0.846875 0.0921875 0.265625