10 0.33203125 0.80234375 0.1375 0.271875
0 0.67734375 0.1515625 0.0671875 0.1296875
9 0.6984375 0.18203125 0.05 0.0984375
9 0.240625 0.31640625 0.0578125 0.0484375
9 0.30390625 0.3375 0.0609375 0.053125
9 0.1828125 0.17890625 0.0703125 0.053125
9 0.18515625 0.2796875 0.071875 0.0640625
9 0.1265625 0.28671875 0.0640625 0.0515625
9 0.2734375 0.83203125 0.053125 0.103125
9 0.43515625 0.4578125 0.0546875 0.103125
9 0.7203125 0.87578125 0.0671875 0.059375
9 0.88671875 0.678125 0.071875 0.0625
2 0.728125 0.184375 0.0484375 0.0890625
2 0.740625 0.090625 0.05 0.1015625
2 0.4328125 0.53828125 0.0421875 0.0859375
2 0.284375 0.75078125 0.0515625 0.096875
2 0.38359375 0.36640625 0.0515625 0.0515625
2 0.409375 0.30234375 0.0453125 0.05
2 0.41953125 0.24453125 0.0578125 0.0546875
2 0.34296875 0.23125 0.05 0.046875
2 0.25390625 0.20546875 0.05625 0.053125
2 0.06640625 0.26640625 0.05625 0.053125
2 0.6390625 0.65546875 0.0546875 0.0515625
2 0.734375 0.63125 0.05 0.0484375
2 0.72109375 0.68046875 0.05625 0.05625
4 0.3140625 0.63515625 0.0265625 0.04375
4 0.38359375 0.5203125 0.0265625 0.05625
4 0.58125 0.75078125 0.0265625 0.028125
4 0.56484375 0.728125 0.028125 0.0265625
4 0.6234375 0.246875 0.03125 0.0390625
4 0.7125 0.2578125 0.0203125 0.0296875
4 0.72890625 0.21875 0.0203125 0.03125
4 0.7453125 0.21796875 0.025 0.0453125
4 0.76484375 0.17265625 0.028125 0.0453125
4 0.36328125 0.3921875 0.028125 0.0296875