12 0.0828125 0.16875 0.1640625 0.0703125
10 0.528125 0.45390625 0.109375 0.2265625
0 0.6078125 0.1234375 0.0421875 0.11875
10 0.34609375 0.89921875 0.071875 0.2015625
9 0.3796875 0.91484375 0.0390625 0.1109375
9 0.42421875 0.753125 0.03125 0.09375
9 0.3625 0.72734375 0.0296875 0.0859375
9 0.46328125 0.61796875 0.034375 0.0890625
9 0.43125 0.475 0.034375 0.0890625
9 0.44921875 0.52578125 0.034375 0.0828125
9 0.753125 0.578125 0.0578125 0.046875
9 0.87265625 0.7984375 0.053125 0.0515625
9 0.6359375 0.15 0.034375 0.0953125
9 0.1265625 0.25078125 0.0640625 0.05
9 0.1515625 0.34921875 0.0609375 0.0609375
9 0.2125 0.375 0.053125 0.0328125
9 0.2796875 0.3828125 0.0546875 0.04375
9 0.0953125 0.36640625 0.05625 0.0375
2 0.659375 0.04453125 0.028125 0.0890625
2 0.66640625 0.14453125 0.03125 0.0859375
2 0.68125 0.57109375 0.0421875 0.0390625
2 0.76171875 0.634375 0.0515625 0.04375
2 0.6765625 0.625 0.0484375 0.046875
2 0.3640625 0.39765625 0.0390625 0.04375
2 0.3765625 0.33046875 0.0390625 0.040625
2 0.3734375 0.26953125 0.0484375 0.0453125
2 0.29765625 0.2671875 0.0421875 0.0375
2 0.20078125 0.26484375 0.046875 0.0359375
2 0.03203125 0.36171875 0.046875 0.04375
4 0.371875 0.43203125 0.028125 0.0265625
4 0.57421875 0.2265625 0.021875 0.0328125
4 0.66171875 0.22421875 0.0171875 0.034375
4 0.67265625 0.1828125 0.015625 0.0375
4 0.6875 0.17421875 0.0140625 0.034375
4 0.70078125 0.11796875 0.0234375 0.04375
4 0.63515625 0.73125 0.01875 0.028125
4 0.61796875 0.7125 0.021875 0.0234375