10 0.52421875 0.79765625 0.140625 0.2640625
0 0.48828125 0.11328125 0.06875 0.115625
9 0.5640625 0.7828125 0.0515625 0.1
9 0.5953125 0.91953125 0.05625 0.1015625
9 0.53359375 0.96640625 0.0515625 0.0671875
9 0.2828125 0.8984375 0.065625 0.0765625
9 0.14921875 0.50546875 0.0703125 0.0625
9 0.81484375 0.44453125 0.059375 0.053125
9 0.74765625 0.43671875 0.0640625 0.05625
9 0.925 0.346875 0.075 0.0578125
9 0.93046875 0.465625 0.0640625 0.0546875
9 0.45703125 0.13046875 0.0546875 0.1015625
9 0.571875 0.215625 0.053125 0.0984375
2 0.58046875 0.6203125 0.0484375 0.0875
2 0.6796875 0.3078125 0.059375 0.053125
2 0.66484375 0.3625 0.05625 0.0515625
2 0.6625 0.4328125 0.0546875 0.05
2 0.75546875 0.32265625 0.0484375 0.046875
2 0.85 0.340625 0.0578125 0.053125
2 0.9828125 0.4703125 0.034375 0.05
2 0.4234375 0.121875 0.0515625 0.0875
2 0.45625 0.034375 0.053125 0.06875
9 0.88046875 0.43359375 0.0765625 0.084375
2 0.53828125 0.33046875 0.0484375 0.090625
4 0.4953125 0.2203125 0.03125 0.0453125
4 0.41328125 0.1984375 0.028125 0.053125
4 0.41171875 0.153125 0.021875 0.0359375
4 0.40078125 0.13828125 0.0265625 0.0484375
4 0.39765625 0.08984375 0.0234375 0.04375
4 0.5890625 0.2890625 0.03125 0.0546875
4 0.60546875 0.5640625 0.0328125 0.059375
4 0.32421875 0.6890625 0.025 0.028125
4 0.3484375 0.68359375 0.0296875 0.0359375
2 0.31015625 0.584375 0.0546875 0.053125
2 0.22265625 0.57734375 0.05625 0.053125
2 0.27734375 0.53046875 0.05 0.053125
4 0.65 0.4640625 0.0296875 0.025