4 0.36953125 0.43125 0.021875 0.0265625
4 0.49921875 0.13046875 0.015625 0.0328125
4 0.571875 0.228125 0.0234375 0.0296875
4 0.66015625 0.225 0.01875 0.040625
4 0.6703125 0.1796875 0.015625 0.046875
4 0.68359375 0.1734375 0.0171875 0.0375
4 0.696875 0.11875 0.015625 0.046875
4 0.6328125 0.725 0.0234375 0.01875
4 0.61875 0.7125 0.0203125 0.01875
2 0.3734375 0.26875 0.0515625 0.046875
2 0.3734375 0.33125 0.040625 0.0359375
2 0.3609375 0.39609375 0.040625 0.040625
2 0.29375 0.271875 0.0421875 0.0375
2 0.20078125 0.2609375 0.046875 0.0421875
2 0.0296875 0.3625 0.0578125 0.0453125
2 0.7609375 0.6375 0.0484375 0.0421875
2 0.678125 0.575 0.0484375 0.0390625
2 0.6734375 0.621875 0.046875 0.0390625
2 0.66328125 0.14375 0.03125 0.0828125
2 0.65546875 0.05 0.03125 0.08125
9 0.63203125 0.15 0.03125 0.09375
9 0.53984375 0.04296875 0.0359375 0.0859375
9 0.74921875 0.57421875 0.0546875 0.0484375
9 0.96484375 0.78046875 0.053125 0.0390625
9 0.44765625 0.6609375 0.034375 0.090625
9 0.43046875 0.575 0.034375 0.0890625
9 0.40234375 0.57578125 0.0328125 0.0890625
9 0.4078125 0.796875 0.0328125 0.0921875
9 0.3359375 0.81015625 0.0328125 0.0953125
9 0.365625 0.95 0.0375 0.096875
9 0.09296875 0.36796875 0.0578125 0.040625
9 0.12578125 0.2546875 0.0640625 0.04375
9 0.1484375 0.35 0.0609375 0.0609375
9 0.20859375 0.37109375 0.053125 0.0390625
9 0.278125 0.3828125 0.0515625 0.05
0 0.60546875 0.13203125 0.0421875 0.1109375
10 0.50859375 0.484375 0.1046875 0.2390625
10 0.334375 0.925 0.0625 0.15
12 0.04765625 0.1765625 0.09375 0.0609375