10 0.51015625 0.52734375 0.1296875 0.2609375
0 0.4453125 0.11796875 0.05625 0.1234375
9 0.571875 0.63515625 0.040625 0.09375
9 0.54140625 0.71171875 0.040625 0.0890625
9 0.6046875 0.68046875 0.04375 0.090625
9 0.5640625 0.85703125 0.040625 0.0890625
9 0.6390625 0.9140625 0.0421875 0.0875
9 0.24609375 0.54375 0.065625 0.0578125
9 0.4140625 0.1328125 0.040625 0.0921875
9 0.734375 0.4109375 0.05625 0.0484375
9 0.80625 0.4109375 0.053125 0.0421875
9 0.90546875 0.29921875 0.0671875 0.05625
9 0.87109375 0.39140625 0.0671875 0.0671875
9 0.921875 0.41953125 0.0578125 0.0453125
2 0.9796875 0.4203125 0.040625 0.05
2 0.828125 0.30390625 0.053125 0.0484375
2 0.73515625 0.29609375 0.046875 0.04375
2 0.65859375 0.2890625 0.059375 0.0546875
2 0.6484375 0.3484375 0.0453125 0.04375
2 0.65390625 0.4125 0.05 0.046875
2 0.4046875 0.03828125 0.04375 0.0765625
2 0.384375 0.1265625 0.040625 0.0828125
2 0.22890625 0.6015625 0.0484375 0.0484375
2 0.31640625 0.55234375 0.053125 0.046875
2 0.3140625 0.603125 0.0484375 0.0390625
2 0.08671875 0.11875 0.0546875 0.0765625
9 0.53828125 0.18671875 0.0390625 0.0859375
4 0.46484375 0.21953125 0.0265625 0.034375
4 0.37890625 0.20859375 0.01875 0.040625
4 0.3734375 0.1625 0.01875 0.0328125
4 0.3625 0.14921875 0.0203125 0.0375
4 0.35390625 0.09765625 0.021875 0.040625
4 0.56640625 0.28203125 0.0203125 0.0421875
4 0.64140625 0.44765625 0.0296875 0.025
4 0.34453125 0.70859375 0.0234375 0.021875
4 0.3625 0.696875 0.028125 0.03125