4 0.371875 0.65234375 0.021875 0.0390625
4 0.6484375 0.7125 0.025 0.0203125
4 0.6296875 0.70234375 0.021875 0.028125
4 0.54140625 0.2203125 0.0265625 0.0421875
4 0.4546875 0.14765625 0.0171875 0.040625
4 0.6296875 0.2140625 0.0171875 0.0390625
4 0.63671875 0.1640625 0.0171875 0.0375
4 0.65 0.159375 0.0171875 0.0328125
4 0.659375 0.10703125 0.01875 0.04375
4 0.35859375 0.4421875 0.025 0.021875
10 0.45859375 0.65390625 0.1046875 0.259375
0 0.5671875 0.11640625 0.0578125 0.1234375
0 0.184375 0.1375 0.1 0.0953125
9 0.834375 0.79375 0.065625 0.05625
9 0.59609375 0.13984375 0.040625 0.096875
9 0.47109375 0.3515625 0.0390625 0.0890625
9 0.40859375 0.553125 0.0359375 0.0890625
9 0.34921875 0.90859375 0.0375 0.0984375
9 0.39375 0.81171875 0.04375 0.1109375
9 0.4265625 0.8328125 0.0390625 0.0890625
9 0.2640625 0.40390625 0.059375 0.0515625
9 0.1953125 0.40078125 0.05625 0.0453125
9 0.13125 0.38203125 0.065625 0.0640625
9 0.0984375 0.2875 0.0703125 0.0484375
9 0.07890625 0.40390625 0.0578125 0.0453125
2 0.17578125 0.28828125 0.0546875 0.0484375
2 0.01953125 0.3984375 0.0390625 0.046875
2 0.26953125 0.2875 0.0421875 0.04375
2 0.34609375 0.284375 0.053125 0.0484375
2 0.353125 0.33984375 0.0421875 0.0421875
2 0.3484375 0.40625 0.05 0.04375
2 0.6796875 0.609375 0.05 0.0453125
2 0.678125 0.55703125 0.05 0.046875
2 0.76171875 0.61171875 0.0546875 0.0484375
2 0.62890625 0.13203125 0.0390625 0.0890625
2 0.6125 0.0390625 0.046875 0.078125
9 0.77421875 0.55234375 0.0625 0.0484375
2 0.503125 0.03125 0.0375 0.0625
9 0.39609375 0.96796875 0.0390625 0.0640625