2 0.5671875 0.1984375 0.046875 0.0890625
2 0.721875 0.68125 0.059375 0.05625
2 0.63671875 0.6546875 0.053125 0.046875
2 0.65859375 0.6078125 0.0546875 0.0515625
2 0.41796875 0.24609375 0.0578125 0.053125
2 0.40703125 0.3078125 0.0484375 0.0453125
2 0.38125 0.36796875 0.0546875 0.0484375
2 0.34140625 0.2296875 0.05 0.0484375
2 0.25 0.203125 0.05625 0.053125
2 0.06328125 0.26484375 0.05625 0.0546875
2 0.7265625 0.1859375 0.05 0.0890625
2 0.74140625 0.0890625 0.05 0.0921875
0 0.23828125 0.075 0.1109375 0.096875
10 0.4 0.66484375 0.1390625 0.2671875
0 0.67265625 0.15546875 0.0671875 0.128125
9 0.83828125 0.86953125 0.065625 0.0578125
9 0.75703125 0.63359375 0.0703125 0.0578125
9 0.353125 0.6078125 0.05 0.0953125
9 0.4609375 0.459375 0.0515625 0.090625
9 0.27734375 0.83515625 0.05625 0.1078125
9 0.3125 0.83671875 0.0546875 0.096875
9 0.21484375 0.890625 0.05 0.096875
9 0.3015625 0.3390625 0.059375 0.0515625
9 0.23828125 0.31640625 0.0578125 0.04375
9 0.17890625 0.1796875 0.0734375 0.059375
9 0.1828125 0.27890625 0.071875 0.06875
9 0.1234375 0.28671875 0.0640625 0.0484375
9 0.6953125 0.1828125 0.05 0.0984375
4 0.50546875 0.25859375 0.0265625 0.046875
4 0.621875 0.2453125 0.028125 0.0359375
4 0.70625 0.2625 0.0234375 0.0390625
4 0.725 0.22578125 0.0234375 0.0421875
4 0.7421875 0.2203125 0.025 0.0453125
4 0.76484375 0.17265625 0.021875 0.0390625
4 0.57734375 0.74609375 0.021875 0.028125
4 0.56484375 0.728125 0.028125 0.028125
4 0.278125 0.715625 0.0265625 0.04375
4 0.38359375 0.409375 0.03125 0.03125