10 0.46875 0.7234375 0.13125 0.2671875
0 0.525 0.11328125 0.0578125 0.1203125
9 0.43984375 0.59296875 0.05 0.09375
9 0.39921875 0.7515625 0.0484375 0.09375
9 0.41796875 0.94921875 0.0546875 0.1015625
9 0.45546875 0.9171875 0.05 0.0890625
9 0.80234375 0.52265625 0.0671875 0.0546875
9 0.55546875 0.13203125 0.0515625 0.0984375
9 0.25390625 0.42890625 0.059375 0.0546875
9 0.18828125 0.43515625 0.05625 0.0484375
9 0.07890625 0.32890625 0.071875 0.0546875
9 0.12265625 0.42109375 0.0734375 0.0703125
9 0.06796875 0.44921875 0.0625 0.0453125
2 0.56015625 0.034375 0.0453125 0.06875
2 0.5875 0.12265625 0.04375 0.0828125
2 0.77421875 0.58359375 0.0578125 0.05
2 0.69609375 0.5359375 0.05625 0.05
2 0.6859375 0.5953125 0.05625 0.0515625
2 0.43515625 0.3515625 0.0453125 0.08125
2 0.32578125 0.29921875 0.0609375 0.0515625
2 0.33671875 0.35546875 0.0515625 0.05
2 0.340625 0.428125 0.0546875 0.0484375
2 0.2484375 0.31328125 0.046875 0.046875
2 0.15546875 0.32578125 0.05625 0.053125
2 0.01796875 0.45625 0.0359375 0.046875
0 0.04296875 0.25078125 0.0859375 0.0859375
4 0.40390625 0.37578125 0.0265625 0.0421875
4 0.51484375 0.2234375 0.028125 0.0421875
4 0.59921875 0.1984375 0.0265625 0.04375
4 0.6 0.159375 0.021875 0.0390625
4 0.6125 0.14609375 0.021875 0.0453125
4 0.6171875 0.09609375 0.025 0.04375
4 0.6703125 0.69609375 0.0234375 0.021875
4 0.64921875 0.684375 0.028125 0.0375
4 0.3703125 0.90625 0.0234375 0.0453125
4 0.35234375 0.45859375 0.0296875 0.028125
2 0.484375 0.0390625 0.046875 0.078125