4 0.5515625 0.38984375 0.025 0.040625
4 0.615625 0.40546875 0.0265625 0.028125
4 0.41875 0.74609375 0.025 0.0265625
4 0.434375 0.7328125 0.0234375 0.028125
4 0.37734375 0.25078125 0.025 0.0375
4 0.2921875 0.26328125 0.021875 0.0390625
4 0.2734375 0.2234375 0.025 0.0390625
4 0.25625 0.21953125 0.0234375 0.0453125
4 0.234375 0.16875 0.025 0.0421875
9 0.30234375 0.18203125 0.0515625 0.0953125
9 0.26953125 0.62734375 0.0703125 0.0578125
9 0.628125 0.721875 0.05 0.0890625
9 0.7015625 0.71796875 0.0546875 0.1015625
9 0.6375 0.65546875 0.0515625 0.0984375
9 0.696875 0.85078125 0.05 0.0921875
9 0.80390625 0.90703125 0.053125 0.084375
9 0.69609375 0.33671875 0.0625 0.059375
9 0.75859375 0.3171875 0.059375 0.0546875
9 0.81640625 0.28046875 0.075 0.071875
9 0.87578125 0.28515625 0.0609375 0.0609375
9 0.81875 0.18046875 0.0734375 0.06875
9 0.3640625 0.1140625 0.053125 0.1015625
9 0.48046875 0.9640625 0.06875 0.0703125
2 0.28125 0.6875 0.05625 0.05
2 0.3609375 0.6578125 0.0546875 0.05
2 0.3453125 0.60859375 0.05 0.046875
2 0.2703125 0.1875 0.04375 0.0859375
2 0.02578125 0.17109375 0.0515625 0.1015625
2 0.58046875 0.246875 0.0609375 0.0546875
2 0.58984375 0.3078125 0.05 0.05
2 0.6171875 0.36953125 0.0546875 0.046875
2 0.6546875 0.2296875 0.05 0.0484375
2 0.74921875 0.20390625 0.059375 0.053125
2 0.93359375 0.26171875 0.0609375 0.0578125
10 0.54296875 0.5609375 0.1390625 0.2671875
0 0.32421875 0.15703125 0.065625 0.1171875
0 0.571875 0.0359375 0.103125 0.071875
9 0.49609375 0.3171875 0.0546875 0.1015625
2 0.26015625 0.09140625 0.05 0.09375