9 0.90703125 0.321875 0.0703125 0.0546875
9 0.8828125 0.40859375 0.0703125 0.0671875
9 0.91640625 0.44140625 0.059375 0.0453125
9 0.80078125 0.4265625 0.0546875 0.04375
2 0.66015625 0.296875 0.05625 0.053125
9 0.734375 0.425 0.0578125 0.0453125
9 0.52265625 0.74296875 0.0578125 0.1109375
9 0.49609375 0.584375 0.0515625 0.084375
9 0.4640625 0.44921875 0.059375 0.0765625
9 0.23515625 0.5296875 0.0640625 0.0515625
9 0.425 0.13125 0.046875 0.0953125
9 0.08359375 0.10703125 0.0546875 0.075
9 0.5578125 0.3171875 0.0484375 0.09375
9 0.48359375 0.3484375 0.05625 0.071875
9 0.3875 0.03359375 0.053125 0.0671875
2 0.39453125 0.11953125 0.0453125 0.0859375
2 0.4203125 0.0359375 0.04375 0.071875
2 0.64921875 0.3515625 0.0453125 0.0453125
2 0.7375 0.30625 0.0421875 0.0421875
2 0.6484375 0.42265625 0.046875 0.0421875
2 0.83203125 0.31796875 0.05625 0.046875
2 0.97734375 0.4453125 0.0453125 0.040625
2 0.59609375 0.74765625 0.04375 0.0828125
2 0.5765625 0.9578125 0.0390625 0.078125
2 0.53828125 0.8953125 0.04375 0.0875
2 0.215625 0.58359375 0.0546875 0.05
2 0.30546875 0.54140625 0.0484375 0.0453125
2 0.30078125 0.59453125 0.0515625 0.04375
9 0.525 0.0296875 0.040625 0.059375
0 0.78203125 0.1296875 0.175 0.165625
10 0.56015625 0.71328125 0.128125 0.2671875
10 0.3828125 0.328125 0.175 0.1515625
0 0.459375 0.11015625 0.0625 0.1171875
4 0.47265625 0.21953125 0.028125 0.034375
4 0.384375 0.2015625 0.0234375 0.0421875
4 0.38203125 0.15859375 0.021875 0.0375
4 0.37109375 0.14765625 0.021875 0.04375
4 0.3640625 0.0953125 0.025 0.05
4 0.63515625 0.45390625 0.025 0.0265625
4 0.4375 0.0390625 0.025 0.040625
4 0.32421875 0.703125 0.0234375 0.021875
4 0.34296875 0.68828125 0.025 0.0296875