4 0.509375 0.22109375 0.0328125 0.0421875
4 0.59296875 0.19140625 0.0234375 0.0390625
4 0.5921875 0.1484375 0.0203125 0.0375
4 0.60234375 0.1328125 0.021875 0.040625
4 0.60625 0.08203125 0.025 0.04375
4 0.68828125 0.68828125 0.0265625 0.021875
4 0.66796875 0.67734375 0.0234375 0.021875
4 0.36640625 0.46640625 0.034375 0.028125
2 0.3234375 0.309375 0.0625 0.05625
2 0.340625 0.36484375 0.05 0.0453125
2 0.3453125 0.434375 0.0515625 0.0515625
2 0.25234375 0.32421875 0.05625 0.05
2 0.15546875 0.3421875 0.053125 0.0484375
2 0.02265625 0.478125 0.0453125 0.0625
2 0.57734375 0.11328125 0.05 0.084375
2 0.5453125 0.03125 0.05 0.0625
2 0.69375 0.52265625 0.05 0.0484375
2 0.70390625 0.57421875 0.05625 0.05
2 0.79140625 0.56875 0.0640625 0.0578125
2 0.4203125 0.871875 0.046875 0.084375
2 0.48984375 0.94609375 0.05 0.0828125
9 0.08046875 0.46953125 0.0703125 0.0546875
9 0.11953125 0.43671875 0.075 0.0703125
9 0.0828125 0.346875 0.0796875 0.0671875
9 0.1953125 0.446875 0.0609375 0.053125
9 0.26171875 0.4421875 0.065625 0.0546875
9 0.428125 0.440625 0.05625 0.1
9 0.484375 0.38125 0.065625 0.09375
9 0.5140625 0.48984375 0.0640625 0.0890625
9 0.5 0.62890625 0.0578125 0.090625
9 0.490625 0.78984375 0.065625 0.1125
9 0.76640625 0.5109375 0.06875 0.0578125
9 0.54765625 0.12578125 0.0546875 0.096875
9 0.815625 0.02578125 0.0625 0.0515625
9 0.440625 0.15390625 0.05625 0.1
10 0.5765625 0.34296875 0.178125 0.18125
10 0.45390625 0.78203125 0.146875 0.278125
12 0.15703125 0.18515625 0.18125 0.1484375
9 0.58046875 0.03046875 0.0609375 0.0609375
9 0.7109375 0.93046875 0.059375 0.06875
0 0.51796875 0.1125 0.0671875 0.11875