9 0.40859375 0.02890625 0.0640625 0.0578125
9 0.5578125 0.07109375 0.0546875 0.1
9 0.7375 0.43671875 0.0609375 0.05
9 0.80390625 0.4421875 0.0578125 0.05
9 0.91953125 0.46171875 0.0609375 0.0453125
9 0.915625 0.34296875 0.0734375 0.05625
9 0.89765625 0.42265625 0.06875 0.0640625
9 0.51953125 0.946875 0.0546875 0.1015625
9 0.5578125 0.97578125 0.046875 0.0484375
9 0.503125 0.64296875 0.06875 0.1140625
9 0.45703125 0.48984375 0.0609375 0.0796875
9 0.23203125 0.52109375 0.0640625 0.0515625
9 0.44375 0.128125 0.05 0.096875
9 0.41171875 0.3953125 0.059375 0.0609375
9 0.4390625 0.3 0.0578125 0.05625
2 0.97734375 0.46640625 0.0453125 0.0484375
2 0.840625 0.33515625 0.0546875 0.04375
2 0.74453125 0.31875 0.046875 0.0453125
2 0.67109375 0.30625 0.0578125 0.0546875
2 0.65859375 0.359375 0.05 0.0453125
2 0.65390625 0.42890625 0.05 0.04375
2 0.571875 0.48671875 0.04375 0.0828125
2 0.5484375 0.83203125 0.046875 0.0828125
2 0.5140625 0.79140625 0.0484375 0.0890625
2 0.2078125 0.5734375 0.0546875 0.046875
2 0.3046875 0.53125 0.053125 0.0484375
2 0.296875 0.58125 0.0515625 0.0421875
2 0.415625 0.11640625 0.0453125 0.08125
2 0.44765625 0.03125 0.0484375 0.0625
2 0.103125 0.0875 0.053125 0.0734375
4 0.3125 0.68984375 0.028125 0.028125
4 0.33359375 0.6796875 0.025 0.028125
4 0.01640625 0.503125 0.0328125 0.0390625
4 0.48515625 0.2140625 0.0265625 0.0296875
4 0.40078125 0.1921875 0.01875 0.034375
4 0.4015625 0.153125 0.0203125 0.034375
4 0.38828125 0.134375 0.021875 0.0375
4 0.38671875 0.084375 0.0234375 0.0421875
12 0.74140625 0.09921875 0.153125 0.1375
10 0.53671875 0.58984375 0.1484375 0.2734375
10 0.31953125 0.28515625 0.1734375 0.1078125
0 0.47734375 0.11328125 0.0625 0.11875
4 0.63671875 0.4609375 0.028125 0.028125
13 0.58828125 0.9625 0.0546875 0.075