0 0.61015625 0.1265625 0.04375 0.11875
10 0.7734375 0.3265625 0.1640625 0.0640625
10 0.465625 0.5203125 0.1015625 0.2546875
9 0.48515625 0.590625 0.0484375 0.09375
9 0.7578125 0.57734375 0.05625 0.0453125
9 0.35078125 0.90625 0.0296875 0.0890625
9 0.57265625 0.4703125 0.046875 0.0625
9 0.6578125 0.39921875 0.0515625 0.04375
9 0.6390625 0.309375 0.0515625 0.0359375
9 0.284375 0.3875 0.0515625 0.04375
9 0.2171875 0.3765625 0.053125 0.0328125
9 0.1328125 0.253125 0.0640625 0.0421875
9 0.13125 0.33515625 0.0640625 0.053125
9 0.10078125 0.36953125 0.05625 0.040625
9 0.63828125 0.14921875 0.028125 0.096875
9 0.6953125 0.04609375 0.0390625 0.0921875
2 0.66171875 0.04375 0.0328125 0.08125
2 0.6703125 0.14140625 0.03125 0.0828125
2 0.3765625 0.26875 0.0515625 0.04375
2 0.37734375 0.328125 0.04375 0.0375
2 0.36796875 0.4 0.046875 0.0328125
2 0.3015625 0.2671875 0.0390625 0.0375
2 0.20625 0.26171875 0.053125 0.04375
2 0.03671875 0.36015625 0.0484375 0.040625
2 0.396875 0.7546875 0.0296875 0.078125
2 0.434375 0.728125 0.034375 0.0765625
2 0.47109375 0.3421875 0.028125 0.075
2 0.68046875 0.62734375 0.046875 0.0390625
2 0.684375 0.575 0.04375 0.040625
2 0.765625 0.634375 0.046875 0.0390625
4 0.93125 0.609375 0.0265625 0.0375
4 0.578125 0.23046875 0.0203125 0.03125
4 0.615625 0.17421875 0.0140625 0.0328125
4 0.66484375 0.221875 0.0125 0.0375
4 0.675 0.18046875 0.015625 0.0328125
4 0.68984375 0.16953125 0.0140625 0.0375
4 0.703125 0.11875 0.01875 0.03125
4 0.63828125 0.728125 0.0203125 0.021875
4 0.621875 0.71640625 0.0234375 0.0203125
4 0.3765625 0.43125 0.0234375 0.0234375
12 0.36953125 0.040625 0.10625 0.08125
9 0.39375 0.88046875 0.0359375 0.109375
13 0.334375 0.8328125 0.03125 0.0875