9 0.3421875 0.0359375 0.053125 0.071875
9 0.49765625 0.0671875 0.04375 0.096875
9 0.7265625 0.4046875 0.0578125 0.04375
9 0.79296875 0.4 0.0546875 0.04375
9 0.91015625 0.40390625 0.0578125 0.0390625
9 0.88984375 0.2859375 0.06875 0.0484375
9 0.88359375 0.36796875 0.0625 0.05625
9 0.58125 0.93984375 0.0421875 0.1
9 0.625 0.96953125 0.0375 0.0609375
9 0.52265625 0.640625 0.0546875 0.1109375
9 0.45625 0.49609375 0.0515625 0.075
9 0.2375 0.5578125 0.059375 0.0453125
9 0.39296875 0.1390625 0.0390625 0.09375
9 0.3984375 0.40859375 0.053125 0.05625
9 0.41171875 0.31015625 0.0515625 0.05
2 0.9734375 0.4 0.0515625 0.04375
2 0.8140625 0.2890625 0.0515625 0.0375
2 0.7171875 0.28671875 0.0421875 0.0421875
2 0.64296875 0.284375 0.053125 0.0484375
2 0.6375 0.3390625 0.0453125 0.040625
2 0.6421875 0.4078125 0.046875 0.0390625
2 0.56953125 0.47734375 0.034375 0.0796875
2 0.59453125 0.821875 0.0359375 0.0796875
2 0.55390625 0.7859375 0.0375 0.0875
2 0.22109375 0.61328125 0.05 0.040625
2 0.3109375 0.5578125 0.05 0.0421875
2 0.31015625 0.60859375 0.0484375 0.0375
2 0.3625 0.13203125 0.0359375 0.078125
2 0.38125 0.0375 0.0375 0.075
2 0.04921875 0.146875 0.0453125 0.06875
4 0.340625 0.7140625 0.0265625 0.025
4 0.36015625 0.70078125 0.021875 0.0265625
4 0.021875 0.5703125 0.028125 0.0359375
4 0.4453125 0.21953125 0.0234375 0.028125
4 0.359375 0.209375 0.0140625 0.034375
4 0.35390625 0.1703125 0.0171875 0.0328125
4 0.33828125 0.153125 0.0171875 0.0359375
4 0.3296875 0.10390625 0.01875 0.0421875
12 0.68359375 0.06953125 0.140625 0.121875
10 0.54921875 0.58359375 0.1140625 0.265625
10 0.29140625 0.3125 0.1671875 0.0875
0 0.4234375 0.1203125 0.0484375 0.115625
4 0.6296875 0.4421875 0.025 0.025
13 0.65390625 0.9546875 0.0421875 0.090625