9 0.19453125 0.1765625 0.071875 0.0578125
9 0.18359375 0.26640625 0.071875 0.06875
9 0.1390625 0.28359375 0.0609375 0.046875
9 0.2515625 0.31484375 0.05625 0.0453125
2 0.43203125 0.25 0.0578125 0.0546875
9 0.31328125 0.3390625 0.059375 0.046875
9 0.38359375 0.71484375 0.0625 0.1125
9 0.4703125 0.57890625 0.05625 0.0859375
9 0.553125 0.4671875 0.0625 0.078125
9 0.73203125 0.63046875 0.065625 0.053125
9 0.7125 0.18984375 0.0515625 0.0953125
9 0.51796875 0.309375 0.0515625 0.09375
9 0.57421875 0.3671875 0.059375 0.0734375
9 0.79140625 0.1015625 0.0578125 0.096875
2 0.7453125 0.19140625 0.05 0.0859375
2 0.75625 0.09765625 0.046875 0.0875
2 0.4203125 0.30546875 0.046875 0.046875
2 0.35703125 0.22890625 0.04375 0.04375
2 0.39375 0.37109375 0.0484375 0.04375
2 0.265625 0.203125 0.0578125 0.0484375
2 0.078125 0.26171875 0.05625 0.04375
2 0.31484375 0.690625 0.0484375 0.084375
2 0.25078125 0.89140625 0.0421875 0.078125
2 0.31015625 0.84921875 0.0484375 0.0875
2 0.72890625 0.68828125 0.05625 0.053125
2 0.66328125 0.6140625 0.05 0.0484375
2 0.64609375 0.66484375 0.0515625 0.0453125
9 0.66015625 0.05546875 0.04375 0.065625
0 0.38515625 0.0671875 0.1796875 0.134375
10 0.36171875 0.6734375 0.140625 0.26875
10 0.675 0.3875 0.1796875 0.1578125
0 0.68984375 0.15703125 0.06875 0.11875
4 0.63515625 0.253125 0.0296875 0.034375
4 0.7234375 0.2703125 0.025 0.04375
4 0.7421875 0.23203125 0.0234375 0.0375
4 0.75625 0.2265625 0.0234375 0.04375
4 0.7828125 0.18046875 0.028125 0.05
4 0.39375 0.4046875 0.0265625 0.028125
4 0.7375 0.1 0.028125 0.040625
4 0.58203125 0.75546875 0.0234375 0.021875
4 0.57109375 0.734375 0.025 0.0296875