9 0.95078125 0.7671875 0.053125 0.090625
9 0.76171875 0.834375 0.046875 0.090625
9 0.6515625 0.69453125 0.0515625 0.09375
9 0.615625 0.70390625 0.0609375 0.1078125
9 0.41953125 0.48359375 0.0734375 0.0859375
9 0.26875 0.6375 0.06875 0.0578125
9 0.26796875 0.446875 0.059375 0.0484375
9 0.2 0.39140625 0.059375 0.0515625
9 0.05625 0.5140625 0.059375 0.053125
9 0.28125 0.1921875 0.053125 0.0984375
9 0.85546875 0.275 0.0625 0.0484375
9 0.79765625 0.17109375 0.0703125 0.05625
9 0.76328125 0.26328125 0.0703125 0.05
9 0.74453125 0.31015625 0.0578125 0.0515625
9 0.68203125 0.3359375 0.059375 0.0515625
2 0.915625 0.253125 0.0625 0.0546875
2 0.728125 0.19609375 0.0546875 0.05
2 0.634375 0.22578125 0.0453125 0.04375
2 0.57578125 0.30625 0.053125 0.0515625
2 0.56328125 0.24609375 0.0609375 0.0578125
2 0.60546875 0.3671875 0.05 0.0484375
2 0.66640625 0.65546875 0.046875 0.08125
2 0.6921875 0.8203125 0.0453125 0.0765625
2 0.56875 0.575 0.0515625 0.075
2 0.51640625 0.56640625 0.0546875 0.0765625
2 0.35546875 0.6671875 0.053125 0.0484375
2 0.27421875 0.6984375 0.053125 0.046875
2 0.33828125 0.6171875 0.0515625 0.0484375
2 0.246875 0.1921875 0.0484375 0.08125
2 0.23515625 0.10078125 0.0515625 0.09375
9 0.20078125 0.10625 0.065625 0.0984375
10 0.41953125 0.39765625 0.18125 0.2234375
10 0.07265625 0.434375 0.1453125 0.103125
0 0.30078125 0.16015625 0.065625 0.121875
13 0.55390625 0.46484375 0.0609375 0.103125
4 0.42109375 0.75234375 0.0234375 0.021875
4 0.43359375 0.73671875 0.021875 0.021875
4 0.2578125 0.77421875 0.0296875 0.0328125
4 0.2015625 0.684375 0.0296875 0.0421875
4 0.6046875 0.403125 0.028125 0.03125
4 0.3578125 0.25390625 0.0265625 0.0328125
4 0.33671875 0.253125 0.028125 0.040625
4 0.271875 0.2703125 0.0296875 0.0421875
4 0.25 0.228125 0.0265625 0.040625
4 0.2359375 0.228125 0.0265625 0.040625
4 0.21015625 0.18203125 0.0265625 0.0421875
2 0.7671875 0.90390625 0.04375 0.0703125