4 0.6359375 0.73046875 0.0234375 0.0296875
4 0.61953125 0.71640625 0.025 0.03125
4 0.57734375 0.228125 0.01875 0.0375
4 0.6625 0.225 0.01875 0.0421875
4 0.671875 0.175 0.0140625 0.040625
4 0.68828125 0.16875 0.0203125 0.0328125
4 0.7015625 0.12265625 0.0140625 0.0375
4 0.375 0.4265625 0.025 0.0265625
2 0.375 0.26875 0.0484375 0.053125
2 0.37578125 0.3296875 0.046875 0.040625
2 0.36484375 0.4015625 0.0421875 0.0390625
2 0.29921875 0.26640625 0.0421875 0.0375
2 0.20234375 0.2625 0.05 0.04375
2 0.03359375 0.36171875 0.053125 0.04375
2 0.66796875 0.14375 0.0328125 0.0765625
2 0.65859375 0.04609375 0.03125 0.0890625
9 0.63515625 0.15 0.03125 0.0953125
9 0.46640625 0.46953125 0.0375 0.09375
9 0.4609375 0.375 0.0328125 0.090625
9 0.47890625 0.575 0.0328125 0.0890625
9 0.43828125 0.70546875 0.0359375 0.0828125
9 0.38671875 0.63515625 0.034375 0.0953125
9 0.39375 0.86875 0.0359375 0.1125
9 0.78125 0.8328125 0.05625 0.0546875
9 0.7546875 0.57578125 0.059375 0.0421875
9 0.2796875 0.3875 0.0578125 0.04375
9 0.215625 0.38046875 0.05625 0.04375
9 0.15234375 0.35078125 0.0625 0.053125
9 0.12734375 0.25625 0.0640625 0.0484375
2 0.68046875 0.57421875 0.04375 0.040625
2 0.68046875 0.62578125 0.0546875 0.0484375
2 0.76328125 0.63515625 0.05 0.04375
10 0.55625 0.421875 0.1265625 0.2078125
10 0.353125 0.87421875 0.0828125 0.2515625
0 0.60703125 0.125 0.040625 0.1078125
12 0.140625 0.15625 0.1671875 0.096875