4 0.60859375 0.40546875 0.0265625 0.028125
4 0.3671875 0.2515625 0.025 0.0296875
4 0.340625 0.23984375 0.025 0.0359375
4 0.2796875 0.26484375 0.0234375 0.046875
4 0.26171875 0.2265625 0.021875 0.040625
4 0.2453125 0.21796875 0.0234375 0.0390625
4 0.2234375 0.1703125 0.0296875 0.046875
4 0.1890625 0.7921875 0.03125 0.03125
4 0.1703125 0.6796875 0.0296875 0.0421875
4 0.41171875 0.75390625 0.0265625 0.0234375
4 0.4234375 0.73515625 0.0265625 0.0265625
10 0.4671875 0.43046875 0.165625 0.2484375
10 0.11015625 0.4078125 0.178125 0.0953125
0 0.3140625 0.1515625 0.0640625 0.1171875
9 0.459375 0.5078125 0.0703125 0.0890625
9 0.63203125 0.75390625 0.053125 0.1046875
9 0.6734375 0.75625 0.0515625 0.0921875
9 0.26328125 0.63203125 0.0640625 0.05
9 0.325 0.4453125 0.059375 0.0640625
9 0.24375 0.36484375 0.0546875 0.05
9 0.1578125 0.46171875 0.0578125 0.0484375
9 0.28984375 0.18203125 0.05 0.096875
9 0.21484375 0.096875 0.0546875 0.096875
9 0.68671875 0.34296875 0.06875 0.053125
9 0.75078125 0.3203125 0.0546875 0.0484375
9 0.8 0.2703125 0.0671875 0.0484375
9 0.8640625 0.28828125 0.0640625 0.05625
9 0.81015625 0.184375 0.071875 0.053125
2 0.92578125 0.26875 0.05625 0.0484375
2 0.73984375 0.20625 0.053125 0.0421875
2 0.6453125 0.23125 0.046875 0.046875
2 0.57109375 0.2515625 0.0609375 0.053125
2 0.58203125 0.309375 0.0484375 0.05
2 0.60859375 0.37265625 0.05 0.046875
2 0.70859375 0.88359375 0.0453125 0.075
2 0.71875 0.77265625 0.040625 0.0765625
2 0.59609375 0.6203125 0.0484375 0.0859375
2 0.55 0.61640625 0.05 0.078125
2 0.26640625 0.68671875 0.0546875 0.04375
2 0.334375 0.6109375 0.05 0.0421875
2 0.35 0.659375 0.0546875 0.05
2 0.259375 0.184375 0.046875 0.08125
2 0.24765625 0.0875 0.0453125 0.0859375
2 0.365625 0.08515625 0.0484375 0.0859375
9 0.93203125 0.88046875 0.0453125 0.08125
13 0.61640625 0.58359375 0.053125 0.0984375