0 0.3203125 0.1546875 0.0640625 0.125
10 0.1984375 0.38203125 0.171875 0.0953125
10 0.5375 0.51328125 0.146875 0.26875
9 0.53203125 0.5859375 0.0640625 0.1015625
9 0.26171875 0.625 0.0640625 0.0546875
9 0.72421875 0.8703125 0.0453125 0.0921875
9 0.42265625 0.484375 0.0578125 0.0703125
9 0.32578125 0.43125 0.0578125 0.053125
9 0.32734375 0.3390625 0.0578125 0.04375
9 0.68984375 0.3484375 0.059375 0.0515625
9 0.75390625 0.325 0.0578125 0.0421875
9 0.81328125 0.1875 0.0703125 0.053125
9 0.83046875 0.26796875 0.0734375 0.0640625
9 0.8671875 0.29609375 0.0625 0.0515625
9 0.29765625 0.18203125 0.0453125 0.1
9 0.221875 0.09140625 0.05625 0.096875
2 0.25390625 0.0828125 0.046875 0.0859375
2 0.2640625 0.18046875 0.0453125 0.0859375
2 0.57734375 0.24921875 0.0578125 0.053125
2 0.5875 0.3078125 0.0484375 0.04375
2 0.61015625 0.3765625 0.053125 0.0421875
2 0.65 0.23359375 0.0453125 0.04375
2 0.74296875 0.21015625 0.0609375 0.0515625
2 0.928125 0.27421875 0.0546875 0.0484375
2 0.65 0.73046875 0.04375 0.0828125
2 0.6078125 0.71171875 0.0484375 0.08125
2 0.4984375 0.33984375 0.0421875 0.078125
2 0.346875 0.659375 0.053125 0.046875
2 0.33359375 0.60859375 0.05 0.0484375
2 0.26484375 0.6828125 0.053125 0.046875
4 0.09765625 0.68984375 0.0328125 0.040625
4 0.371875 0.25 0.0265625 0.034375
4 0.32421875 0.20234375 0.0203125 0.0359375
4 0.28515625 0.25859375 0.0203125 0.0390625
4 0.2671875 0.21953125 0.021875 0.034375
4 0.25078125 0.21171875 0.0203125 0.0390625
4 0.228125 0.16484375 0.025 0.034375
4 0.4078125 0.75 0.025 0.025
4 0.421875 0.7359375 0.0265625 0.025
4 0.6078125 0.40859375 0.028125 0.028125
12 0.540625 0.03671875 0.11875 0.0734375
9 0.6765625 0.853125 0.05625 0.1140625
13 0.72578125 0.7953125 0.0484375 0.0921875