9 0.12734375 0.86796875 0.034375 0.0859375
9 0.3265625 0.8875 0.028125 0.0859375
9 0.4 0.72578125 0.03125 0.0890625
9 0.4375 0.72578125 0.0390625 0.1015625
9 0.57421875 0.46484375 0.0578125 0.0734375
9 0.7578125 0.57734375 0.059375 0.0453125
9 0.7125 0.3921875 0.0515625 0.0375
9 0.76484375 0.321875 0.0515625 0.0390625
9 0.93359375 0.40625 0.0515625 0.0421875
9 0.6375 0.1484375 0.03125 0.09375
9 0.10078125 0.36796875 0.05625 0.0359375
9 0.13203125 0.253125 0.0625 0.04375
9 0.1875 0.33359375 0.0640625 0.0359375
9 0.2171875 0.375 0.05 0.040625
9 0.28359375 0.38515625 0.0515625 0.040625
2 0.03671875 0.3609375 0.0546875 0.0421875
2 0.20546875 0.26015625 0.046875 0.0390625
2 0.303125 0.26640625 0.0390625 0.0359375
2 0.3796875 0.33046875 0.04375 0.04375
2 0.37734375 0.26875 0.0515625 0.046875
2 0.365625 0.396875 0.0421875 0.0390625
2 0.3765625 0.69140625 0.0296875 0.0765625
2 0.390625 0.85703125 0.0296875 0.071875
2 0.4515625 0.5890625 0.0359375 0.0671875
2 0.5 0.56875 0.0390625 0.0703125
2 0.68046875 0.62734375 0.0453125 0.0390625
2 0.7671875 0.6375 0.0453125 0.0375
2 0.68515625 0.575 0.04375 0.0390625
2 0.67109375 0.13984375 0.03125 0.0765625
2 0.66015625 0.0484375 0.03125 0.0890625
9 0.6953125 0.0453125 0.0453125 0.090625
10 0.553125 0.38125 0.1375 0.196875
10 0.9125 0.33046875 0.1640625 0.065625
0 0.6109375 0.121875 0.0390625 0.115625
13 0.4390625 0.47890625 0.0390625 0.096875
4 0.6375 0.72578125 0.0203125 0.0171875
4 0.621875 0.71328125 0.01875 0.01875
4 0.8015625 0.7078125 0.0234375 0.028125
4 0.834375 0.60625 0.0203125 0.0390625
4 0.375 0.43125 0.0234375 0.0265625
4 0.578125 0.2265625 0.0203125 0.028125
4 0.5984375 0.22109375 0.0203125 0.0375
4 0.665625 0.221875 0.0203125 0.0390625
4 0.6765625 0.17578125 0.01875 0.0375
4 0.690625 0.17265625 0.01875 0.0375
4 0.70390625 0.12109375 0.0171875 0.0390625
2 0.33828125 0.95625 0.0296875 0.065625