9 0.6984375 0.04375 0.0453125 0.0859375
9 0.53984375 0.06875 0.0359375 0.09375
9 0.2828125 0.38515625 0.0546875 0.0390625
9 0.2171875 0.375 0.0515625 0.0390625
9 0.1 0.36875 0.0546875 0.034375
9 0.13046875 0.253125 0.065625 0.04375
9 0.1296875 0.33515625 0.059375 0.0515625
9 0.38046875 0.93125 0.0328125 0.096875
9 0.33359375 0.9640625 0.03125 0.071875
9 0.46484375 0.63828125 0.046875 0.10625
9 0.54375 0.5 0.0453125 0.071875
9 0.75625 0.58046875 0.05625 0.040625
9 0.63828125 0.15 0.03125 0.0921875
9 0.609375 0.41796875 0.05 0.0515625
9 0.6046875 0.31875 0.0484375 0.046875
2 0.03671875 0.359375 0.0484375 0.0390625
2 0.20546875 0.2625 0.0484375 0.0328125
2 0.30234375 0.26875 0.0390625 0.0390625
2 0.3765625 0.27265625 0.0484375 0.0453125
2 0.37734375 0.32734375 0.04375 0.0375
2 0.36640625 0.39609375 0.04375 0.0359375
2 0.4328125 0.47109375 0.028125 0.078125
2 0.378125 0.8125 0.0296875 0.078125
2 0.42109375 0.78046875 0.0296875 0.0859375
2 0.76796875 0.6375 0.0484375 0.0359375
2 0.68359375 0.57421875 0.046875 0.0390625
2 0.6796875 0.625 0.0453125 0.034375
2 0.66875 0.1453125 0.0296875 0.0765625
2 0.65859375 0.04453125 0.03125 0.08125
2 0.9796875 0.1875 0.040625 0.065625
4 0.63984375 0.72734375 0.0234375 0.0234375
4 0.621875 0.7125 0.0203125 0.025
4 0.9703125 0.61171875 0.0265625 0.034375
4 0.57890625 0.225 0.0203125 0.0265625
4 0.665625 0.22265625 0.0125 0.0328125
4 0.67421875 0.184375 0.0140625 0.0328125
4 0.69140625 0.16875 0.015625 0.034375
4 0.70390625 0.1203125 0.015625 0.040625
12 0.3546875 0.05546875 0.1328125 0.1109375
10 0.44375 0.57890625 0.0921875 0.2578125
10 0.72421875 0.33125 0.1609375 0.0734375
0 0.609375 0.128125 0.0390625 0.1140625
4 0.37578125 0.43125 0.0234375 0.0234375
13 0.30703125 0.94296875 0.034375 0.09375