13 0.37109375 0.72109375 0.0359375 0.09375
10 0.4890625 0.4671875 0.1140625 0.253125
10 0.81328125 0.321875 0.165625 0.065625
0 0.60625 0.121875 0.04375 0.1171875
12 0.3703125 0.03359375 0.0703125 0.0625
9 0.51171875 0.54375 0.053125 0.090625
9 0.61015625 0.43828125 0.0515625 0.0640625
9 0.6765625 0.309375 0.053125 0.04375
9 0.72421875 0.3796875 0.05 0.0359375
9 0.75859375 0.5703125 0.05625 0.0453125
9 0.37421875 0.84453125 0.03125 0.090625
9 0.41328125 0.8265625 0.0375 0.1078125
9 0.28203125 0.3859375 0.0515625 0.0453125
9 0.21484375 0.38046875 0.053125 0.0375
9 0.13671875 0.34375 0.0609375 0.0453125
9 0.09765625 0.3734375 0.0546875 0.0390625
9 0.128125 0.26171875 0.0625 0.04375
9 0.63125 0.14453125 0.0328125 0.0875
2 0.6640625 0.140625 0.03125 0.0796875
2 0.65234375 0.04140625 0.0296875 0.08125
2 0.76875 0.62890625 0.0484375 0.040625
2 0.6875 0.56875 0.0453125 0.0390625
2 0.68125 0.6234375 0.05 0.0375
2 0.4171875 0.6953125 0.03125 0.08125
2 0.45625 0.6796875 0.034375 0.078125
2 0.3234375 0.91953125 0.028125 0.0703125
2 0.36953125 0.96796875 0.0328125 0.0640625
2 0.365625 0.40234375 0.0421875 0.04375
2 0.37578125 0.3328125 0.0421875 0.046875
2 0.37421875 0.27109375 0.0515625 0.046875
2 0.29765625 0.27421875 0.040625 0.0375
2 0.20234375 0.26796875 0.0515625 0.0359375
2 0.0328125 0.3671875 0.0515625 0.040625
4 0.5734375 0.2265625 0.025 0.03125
4 0.603125 0.1921875 0.0203125 0.03125
4 0.6609375 0.221875 0.015625 0.040625
4 0.67109375 0.175 0.015625 0.034375
4 0.684375 0.1671875 0.0171875 0.0359375
4 0.6984375 0.1171875 0.0171875 0.0390625
4 0.89609375 0.6015625 0.0234375 0.0359375
4 0.94453125 0.72265625 0.025 0.0265625
4 0.64140625 0.725 0.0234375 0.021875
4 0.625 0.71171875 0.025 0.0265625
4 0.37421875 0.43359375 0.025 0.021875
2 0.50234375 0.20234375 0.03125 0.0796875