4 0.6 0.19453125 0.0171875 0.0375
4 0.67890625 0.2125 0.0125 0.0453125
4 0.68984375 0.17578125 0.0140625 0.0390625
4 0.70234375 0.12578125 0.015625 0.04375
4 0.80078125 0.55078125 0.0265625 0.0265625
9 0.44453125 0.7 0.0328125 0.0890625
9 0.81328125 0.6890625 0.059375 0.0484375
9 0.9390625 0.771875 0.0640625 0.0515625
9 0.7375 0.675 0.0546875 0.04375
9 0.671875 0.6703125 0.0546875 0.04375
9 0.684375 0.62109375 0.0578125 0.0546875
9 0.70625 0.56328125 0.0546875 0.0546875
9 0.82265625 0.38359375 0.05625 0.05
9 0.37734375 0.2765625 0.0546875 0.046875
9 0.1328125 0.35078125 0.0578125 0.0421875
2 0.51328125 0.303125 0.028125 0.0765625
2 0.496875 0.56171875 0.0390625 0.078125
2 0.34453125 0.82421875 0.03125 0.0703125
2 0.65546875 0.3875 0.053125 0.046875
2 0.6046875 0.346875 0.0515625 0.059375
2 0.371875 0.38359375 0.0453125 0.0421875
2 0.615625 0.1140625 0.034375 0.0890625
2 0.65390625 0.084375 0.03125 0.0875
2 0.6765625 0.13203125 0.0234375 0.0703125
2 0.69921875 0.04765625 0.03125 0.078125
4 0.9234375 0.3296875 0.153125 0.0625
0 0.27578125 0.259375 0.090625 0.0625
12 0.25546875 0.36015625 0.1703125 0.0765625
0 0.58125 0.9640625 0.0703125 0.0703125