4 0.57734375 0.23046875 0.0203125 0.0296875
4 0.59765625 0.22421875 0.0234375 0.0421875
4 0.6640625 0.2265625 0.0140625 0.0453125
4 0.675 0.18984375 0.0140625 0.04375
4 0.68828125 0.18125 0.015625 0.0390625
4 0.70390625 0.12578125 0.01875 0.04375
4 0.80625 0.60625 0.0203125 0.04375
4 0.84375 0.73984375 0.025 0.0265625
4 0.6390625 0.68515625 0.0265625 0.03125
4 0.6203125 0.72265625 0.0234375 0.025
4 0.63828125 0.73671875 0.025 0.0203125
9 0.12734375 0.25859375 0.0640625 0.0453125
9 0.1328125 0.37890625 0.05625 0.0421875
9 0.21484375 0.38125 0.053125 0.040625
9 0.28125 0.3875 0.0546875 0.04375
9 0.29375 0.340625 0.059375 0.0515625
9 0.440625 0.71015625 0.0328125 0.08125
9 0.55390625 0.40859375 0.046875 0.071875
9 0.6515625 0.41953125 0.059375 0.05625
9 0.95 0.40390625 0.0578125 0.05
9 0.75234375 0.58125 0.059375 0.0484375
9 0.6359375 0.15 0.0359375 0.09375
9 0.6953125 0.04921875 0.040625 0.096875
9 0.95625 0.16640625 0.0421875 0.0796875
0 0.6078125 0.13125 0.0453125 0.1125
10 0.8671875 0.32890625 0.1703125 0.0703125
9 0.42890625 0.5015625 0.040625 0.0953125
9 0.57109375 0.025 0.0265625 0.0484375
2 0.66015625 0.05234375 0.03125 0.0875
2 0.6703125 0.15078125 0.0296875 0.0828125
2 0.2046875 0.2671875 0.0515625 0.04375
2 0.2984375 0.2703125 0.0375 0.04375
2 0.3765625 0.27265625 0.0515625 0.0546875
2 0.3765625 0.33046875 0.0421875 0.04375
2 0.3640625 0.40390625 0.0421875 0.0390625
2 0.03671875 0.365625 0.053125 0.0453125
2 0.48671875 0.709375 0.0421875 0.0546875
2 0.35 0.88125 0.028125 0.0859375
2 0.7890625 0.70234375 0.0390625 0.034375
2 0.76484375 0.64140625 0.0453125 0.04375
2 0.68125 0.58203125 0.0453125 0.0359375
2 0.6765625 0.63203125 0.0484375 0.0390625
2 0.78828125 0.4 0.05 0.0390625
2 0.65390625 0.35234375 0.05 0.0453125
2 0.4890625 0.3953125 0.028125 0.0765625
4 0.3734375 0.4359375 0.0234375 0.028125
4 0.03515625 0.14765625 0.028125 0.0234375
0 0.38515625 0.89453125 0.046875 0.1265625