10 0.66484375 0.30234375 0.1765625 0.10625
0 0.56328125 0.1125 0.053125 0.1140625
9 0.63828125 0.03984375 0.0515625 0.0796875
9 0.59453125 0.1359375 0.0453125 0.1
9 0.43359375 0.49921875 0.0421875 0.0953125
9 0.465625 0.55546875 0.0515625 0.0859375
9 0.52578125 0.54140625 0.0625 0.090625
9 0.45 0.821875 0.0390625 0.084375
9 0.365625 0.95390625 0.046875 0.0921875
9 0.76328125 0.54296875 0.059375 0.05
9 0.9140625 0.34453125 0.059375 0.0453125
9 0.89765625 0.28515625 0.059375 0.053125
9 0.70546875 0.36796875 0.0671875 0.05625
9 0.10234375 0.296875 0.0703125 0.0515625
9 0.2015625 0.4109375 0.059375 0.05
9 0.09375 0.41796875 0.0578125 0.0453125
9 0.24765625 0.36484375 0.065625 0.0515625
9 0.26953125 0.41015625 0.0578125 0.0484375
2 0.52578125 0.44296875 0.05 0.071875
2 0.6 0.4296875 0.0546875 0.0625
2 0.625 0.12734375 0.04375 0.0890625
2 0.60390625 0.034375 0.0421875 0.06875
2 0.95 0.6578125 0.04375 0.0390625
2 0.7796875 0.6046875 0.053125 0.046875
2 0.69140625 0.5546875 0.05 0.040625
2 0.69296875 0.603125 0.0515625 0.0484375
2 0.459375 0.72578125 0.0453125 0.075
2 0.4296875 0.71640625 0.034375 0.08125
2 0.45859375 0.2859375 0.0375 0.078125
2 0.3484375 0.284375 0.0578125 0.0515625
2 0.3578125 0.346875 0.04375 0.0453125
2 0.2734375 0.29296875 0.046875 0.046875
2 0.353125 0.41875 0.0515625 0.04375
2 0.17734375 0.3 0.0515625 0.046875
2 0.0234375 0.4171875 0.046875 0.046875
13 0.490625 0.0609375 0.046875 0.09375
4 0.54375 0.2234375 0.0234375 0.03125
4 0.5625 0.2125 0.025 0.0390625
4 0.6296875 0.20625 0.01875 0.040625
4 0.63515625 0.16328125 0.025 0.0359375
4 0.6484375 0.15390625 0.01875 0.0375
4 0.65703125 0.10078125 0.021875 0.0453125
4 0.81796875 0.5625 0.0265625 0.0359375
4 0.68984375 0.66484375 0.0265625 0.025
4 0.66640625 0.71015625 0.028125 0.028125
4 0.6453125 0.69609375 0.0234375 0.0203125
4 0.3671875 0.446875 0.0328125 0.0265625
9 0.84375 0.0265625 0.046875 0.053125