10 0.6578125 0.296875 0.178125 0.1109375
0 0.55 0.1109375 0.0578125 0.1140625
9 0.62109375 0.0375 0.0546875 0.075
9 0.58203125 0.1328125 0.0484375 0.1
9 0.43359375 0.5015625 0.0453125 0.0953125
9 0.46796875 0.55625 0.0546875 0.0875
9 0.52734375 0.540625 0.065625 0.0921875
9 0.4609375 0.8234375 0.0421875 0.084375
9 0.3828125 0.95625 0.05 0.0875
9 0.76484375 0.534375 0.0609375 0.0515625
9 0.9078125 0.33046875 0.059375 0.046875
9 0.88984375 0.27109375 0.0609375 0.0546875
9 0.70078125 0.3609375 0.0671875 0.0578125
9 0.0953125 0.3109375 0.0703125 0.0546875
9 0.1984375 0.42109375 0.0609375 0.0515625
9 0.09140625 0.43203125 0.059375 0.0484375
9 0.24296875 0.37421875 0.0671875 0.053125
9 0.26640625 0.41796875 0.059375 0.05
2 0.52421875 0.4421875 0.0515625 0.0734375
2 0.59765625 0.42578125 0.05625 0.0640625
2 0.61171875 0.1234375 0.046875 0.090625
2 0.58671875 0.0328125 0.0453125 0.065625
2 0.95546875 0.6421875 0.0453125 0.0390625
2 0.78359375 0.5953125 0.0546875 0.0484375
2 0.69375 0.54765625 0.0515625 0.0421875
2 0.69609375 0.59609375 0.053125 0.05
2 0.4671875 0.7265625 0.0484375 0.075
2 0.4375 0.71875 0.0375 0.08125
2 0.4515625 0.2875 0.0390625 0.0796875
2 0.340625 0.28984375 0.059375 0.053125
2 0.35234375 0.3515625 0.0453125 0.046875
2 0.26640625 0.3015625 0.046875 0.046875
2 0.35 0.42421875 0.0515625 0.0453125
2 0.1703125 0.31171875 0.053125 0.046875
2 0.02265625 0.43515625 0.0453125 0.0484375
13 0.47578125 0.06171875 0.05 0.0953125
4 0.534375 0.221875 0.025 0.0328125
4 0.55234375 0.21015625 0.0265625 0.0390625
4 0.61953125 0.2015625 0.0203125 0.040625
4 0.6234375 0.15859375 0.025 0.0375
4 0.63671875 0.14921875 0.0203125 0.0390625
4 0.64296875 0.0953125 0.0234375 0.0453125
4 0.81953125 0.5515625 0.028125 0.0359375
4 0.6953125 0.6578125 0.0265625 0.0265625
4 0.67421875 0.70390625 0.028125 0.0296875
4 0.65234375 0.69140625 0.0234375 0.0203125
4 0.365625 0.4515625 0.034375 0.028125
9 0.8265625 0.02109375 0.05 0.0421875