4 0.546875 0.3734375 0.0171875 0.03125
4 0.62109375 0.42578125 0.0265625 0.0265625
4 0.2953125 0.75 0.0203125 0.0203125
4 0.19921875 0.625 0.0203125 0.0390625
4 0.36953125 0.69453125 0.025 0.0296875
4 0.371875 0.73828125 0.0203125 0.0203125
4 0.38828125 0.72265625 0.0203125 0.025
4 0.4078125 0.23671875 0.01875 0.0375
4 0.3921875 0.2390625 0.0203125 0.034375
4 0.32109375 0.234375 0.0203125 0.0421875
4 0.30859375 0.19609375 0.015625 0.0328125
4 0.290625 0.184375 0.0140625 0.03125
4 0.2734375 0.1375 0.0171875 0.0390625
9 0.16015625 0.83359375 0.0625 0.0484375
9 0.24765625 0.59453125 0.0578125 0.04375
9 0.04453125 0.42890625 0.0609375 0.0421875
9 0.22421875 0.34609375 0.059375 0.0421875
9 0.42109375 0.4765625 0.046875 0.059375
9 0.8578125 0.23515625 0.065625 0.04375
9 0.83671875 0.359375 0.05625 0.040625
9 0.7765625 0.36484375 0.0515625 0.04375
9 0.709375 0.375 0.05625 0.0375
9 0.6953125 0.33046875 0.0625 0.04375
9 0.3453125 0.16328125 0.0375 0.0953125
9 0.2796875 0.05703125 0.0421875 0.09375
9 0.51328125 0.30234375 0.040625 0.0828125
0 0.36875 0.1375 0.0484375 0.115625
0 0.54921875 0.6609375 0.059375 0.1203125
2 0.471875 0.45625 0.0453125 0.0703125
2 0.1171875 0.36328125 0.0484375 0.040625
2 0.31953125 0.58515625 0.0484375 0.0390625
2 0.328125 0.64140625 0.046875 0.0390625
2 0.24296875 0.6515625 0.05 0.04375
2 0.30234375 0.70078125 0.0421875 0.034375
2 0.31171875 0.15703125 0.034375 0.0796875
2 0.315625 0.06171875 0.0328125 0.0828125
2 0.61015625 0.2671875 0.0515625 0.04375
2 0.6859375 0.26015625 0.0421875 0.0359375
2 0.6125 0.32578125 0.040625 0.040625
2 0.62734375 0.396875 0.05 0.0390625
2 0.78125 0.24765625 0.046875 0.04375
2 0.91640625 0.3484375 0.053125 0.040625
2 0.5921875 0.659375 0.0359375 0.084375
2 0.55234375 0.9046875 0.03125 0.06875