0 0.578125 0.85625 0.053125 0.1328125
0 0.41796875 0.11796875 0.05 0.11875
10 0.08828125 0.30234375 0.15625 0.0765625
9 0.29375 0.384375 0.065625 0.0484375
9 0.4109375 0.3625 0.0546875 0.071875
9 0.5421875 0.3453125 0.0421875 0.09375
9 0.88671875 0.2828125 0.0671875 0.0484375
9 0.865625 0.40078125 0.0609375 0.0453125
9 0.79296875 0.39609375 0.05625 0.0515625
9 0.6515625 0.89296875 0.0421875 0.0984375
9 0.525 0.65859375 0.0453125 0.084375
9 0.240625 0.5609375 0.0578125 0.053125
9 0.3890625 0.14296875 0.0390625 0.0875
9 0.33828125 0.04140625 0.0453125 0.0828125
9 0.0484375 0.15703125 0.046875 0.06875
9 0.71796875 0.35390625 0.0640625 0.05
9 0.7265625 0.4 0.0546875 0.0421875
2 0.81015625 0.2890625 0.053125 0.0359375
2 0.96640625 0.3984375 0.053125 0.046875
2 0.63359375 0.34375 0.046875 0.04375
2 0.64140625 0.28359375 0.0515625 0.0546875
2 0.71953125 0.2859375 0.0453125 0.0390625
2 0.48828125 0.2546875 0.034375 0.0828125
2 0.14296875 0.37890625 0.05625 0.0453125
2 0.30859375 0.33046875 0.05 0.0375
2 0.22578125 0.67890625 0.04375 0.0390625
2 0.22578125 0.62265625 0.0515625 0.05
2 0.3125 0.6203125 0.0515625 0.0390625
2 0.31328125 0.56796875 0.05 0.04375
2 0.3578125 0.13671875 0.040625 0.08125
2 0.37265625 0.0421875 0.0390625 0.084375
4 0.4421875 0.2265625 0.0203125 0.0453125
4 0.425 0.22421875 0.021875 0.034375
4 0.35703125 0.21640625 0.01875 0.0390625
4 0.34609375 0.1703125 0.01875 0.040625
4 0.33203125 0.1625 0.021875 0.0375
4 0.3234375 0.1109375 0.01875 0.0484375
4 0.18828125 0.5890625 0.025 0.0453125
4 0.1828125 0.7125 0.0234375 0.0296875
4 0.34609375 0.68125 0.0296875 0.028125
4 0.3453125 0.7265625 0.0234375 0.0171875
4 0.3640625 0.71015625 0.021875 0.0265625
4 0.678125 0.93125 0.0171875 0.034375
4 0.6296875 0.44609375 0.0265625 0.03125
4 0.90390625 0.159375 0.025 0.025
2 0.59453125 0.7578125 0.0390625 0.0828125
2 0.48671875 0.73828125 0.0359375 0.0828125
2 0.640625 0.41171875 0.05 0.0421875
2 0.615625 0.97109375 0.03125 0.0578125