4 0.37734375 0.24765625 0.025 0.0328125
4 0.35625 0.2453125 0.0296875 0.0453125
4 0.290625 0.259375 0.021875 0.046875
4 0.2734375 0.225 0.021875 0.0453125
4 0.259375 0.21875 0.0234375 0.040625
4 0.234375 0.1671875 0.025 0.0453125
4 0.2171875 0.6578125 0.0265625 0.0453125
4 0.203125 0.79609375 0.0296875 0.03125
4 0.3953125 0.70625 0.03125 0.0359375
4 0.4203125 0.73984375 0.0265625 0.028125
4 0.4046875 0.75703125 0.028125 0.025
9 0.825 0.19765625 0.0703125 0.05625
9 0.840625 0.3171875 0.0625 0.05
9 0.76015625 0.33359375 0.059375 0.05
9 0.69609375 0.3515625 0.0609375 0.053125
9 0.67578125 0.30703125 0.0671875 0.0609375
9 0.5953125 0.696875 0.0453125 0.0859375
9 0.43125 0.41953125 0.0578125 0.078125
9 0.33671875 0.446875 0.06875 0.065625
9 0.03984375 0.48359375 0.065625 0.059375
9 0.265625 0.62421875 0.0671875 0.0578125
9 0.30546875 0.17890625 0.0515625 0.0984375
9 0.2296875 0.08984375 0.05625 0.1015625
9 0.01328125 0.25078125 0.0265625 0.0859375
0 0.3296875 0.15546875 0.0640625 0.1171875
10 0.10859375 0.3953125 0.1796875 0.0984375
9 0.5703125 0.4890625 0.05625 0.1
9 0.34765625 0.04453125 0.034375 0.0515625
2 0.26484375 0.08671875 0.0453125 0.090625
2 0.271875 0.1859375 0.04375 0.0859375
2 0.75078125 0.21953125 0.0578125 0.0515625
2 0.65859375 0.2390625 0.04375 0.05
2 0.58203125 0.2546875 0.0609375 0.0640625
2 0.5921875 0.31171875 0.0484375 0.05
2 0.6171875 0.38203125 0.046875 0.0453125
2 0.9328125 0.2875 0.0609375 0.053125
2 0.54921875 0.70390625 0.0515625 0.0609375
2 0.7140625 0.84921875 0.0421875 0.0890625
2 0.25078125 0.74921875 0.04375 0.040625
2 0.2640625 0.68515625 0.0515625 0.0515625
2 0.3359375 0.6125 0.0515625 0.04375
2 0.34921875 0.6609375 0.0546875 0.046875
2 0.1984375 0.4515625 0.0546875 0.046875
2 0.32265625 0.38125 0.05625 0.053125
2 0.49296875 0.3953125 0.040625 0.0796875
4 0.61328125 0.41484375 0.028125 0.03125
4 0.896875 0.07265625 0.03125 0.028125
0 0.68125 0.86875 0.06875 0.13125