9 0.34609375 0.7890625 0.0359375 0.09375
9 0.42265625 0.775 0.028125 0.0828125
9 0.1140625 0.36796875 0.0578125 0.0359375
9 0.128125 0.25078125 0.0640625 0.040625
9 0.21328125 0.37421875 0.05 0.0421875
9 0.2828125 0.334375 0.0609375 0.0390625
9 0.4765625 0.334375 0.0359375 0.08125
9 0.4859375 0.49921875 0.040625 0.071875
9 0.55625 0.49296875 0.053125 0.0765625
9 0.75625 0.58046875 0.0578125 0.04375
9 0.7890625 0.3875 0.0578125 0.0421875
9 0.97734375 0.34296875 0.0453125 0.04375
9 0.92109375 0.10234375 0.04375 0.0765625
9 0.6375 0.14921875 0.034375 0.0953125
9 0.69609375 0.0453125 0.0390625 0.090625
2 0.871875 0.70546875 0.0390625 0.040625
2 0.7671875 0.6390625 0.0484375 0.0390625
2 0.68203125 0.575 0.04375 0.0390625
2 0.67890625 0.63046875 0.0453125 0.034375
2 0.45 0.69375 0.0390625 0.0546875
2 0.425 0.61484375 0.0296875 0.0671875
2 0.5671875 0.403125 0.04375 0.0609375
2 0.65625 0.4171875 0.05 0.04375
2 0.66875 0.14921875 0.03125 0.08125
2 0.66015625 0.04765625 0.034375 0.0859375
2 0.52578125 0.12734375 0.028125 0.0828125
2 0.375 0.27109375 0.0546875 0.0484375
2 0.37578125 0.33125 0.0421875 0.0390625
2 0.36328125 0.39453125 0.04375 0.0390625
2 0.29921875 0.265625 0.040625 0.0375
2 0.203125 0.259375 0.046875 0.0390625
2 0.03359375 0.3578125 0.05 0.0359375
4 0.375 0.43125 0.0234375 0.025
4 0.6375 0.73203125 0.0234375 0.0265625
4 0.621875 0.71796875 0.0234375 0.0234375
4 0.6453125 0.68203125 0.0234375 0.0265625
4 0.94453125 0.74375 0.021875 0.0234375
4 0.8046875 0.60234375 0.0234375 0.0390625
4 0.57578125 0.228125 0.0203125 0.034375
4 0.5984375 0.221875 0.0203125 0.0359375
4 0.6640625 0.225 0.015625 0.0375
4 0.675 0.18046875 0.0171875 0.0328125
4 0.68828125 0.171875 0.015625 0.0375
4 0.7046875 0.121875 0.01875 0.0390625
10 0.74453125 0.31953125 0.1703125 0.0625
0 0.6078125 0.12421875 0.04375 0.1265625