9 0.80390625 0.1765625 0.0703125 0.053125
9 0.83828125 0.29296875 0.0625 0.0484375
9 0.7515625 0.31796875 0.059375 0.05
9 0.66875 0.296875 0.06875 0.05625
9 0.6890625 0.3390625 0.0625 0.0515625
9 0.64453125 0.621875 0.0546875 0.0984375
9 0.62578125 0.72578125 0.046875 0.0875
9 0.4734375 0.4546875 0.059375 0.0859375
9 0.3890625 0.47265625 0.065625 0.071875
9 0.40234375 0.18828125 0.0546875 0.0984375
9 0.29140625 0.1921875 0.05625 0.0984375
9 0.26953125 0.634375 0.0640625 0.0578125
9 0.11953125 0.4796875 0.0671875 0.059375
9 0.01484375 0.24453125 0.0296875 0.0859375
9 0.20546875 0.10078125 0.0609375 0.0953125
2 0.92421875 0.26015625 0.0578125 0.0453125
2 0.5703125 0.68046875 0.0546875 0.04375
2 0.54765625 0.5046875 0.04375 0.0765625
2 0.73515625 0.19921875 0.0515625 0.0484375
2 0.64296875 0.2328125 0.05 0.0453125
2 0.56953125 0.24921875 0.0609375 0.0515625
2 0.5796875 0.30859375 0.053125 0.0453125
2 0.61015625 0.371875 0.053125 0.046875
2 0.25859375 0.19296875 0.053125 0.0828125
2 0.2453125 0.096875 0.046875 0.0859375
2 0.365625 0.403125 0.053125 0.0578125
2 0.2640625 0.446875 0.05625 0.0515625
2 0.3390625 0.61640625 0.0546875 0.046875
2 0.35546875 0.6671875 0.053125 0.05
2 0.275 0.69453125 0.0546875 0.0484375
2 0.228125 0.77109375 0.0484375 0.0484375
0 0.3109375 0.159375 0.0703125 0.11875
10 0.16328125 0.3953125 0.1765625 0.1
4 0.609375 0.41015625 0.0296875 0.034375
4 0.40859375 0.71796875 0.028125 0.0375
4 0.2265625 0.66875 0.0328125 0.0453125
4 0.1734375 0.8234375 0.025 0.028125
4 0.41953125 0.7578125 0.0265625 0.0234375
4 0.43046875 0.74140625 0.025 0.028125
4 0.36484375 0.2546875 0.028125 0.0421875
4 0.3421875 0.2546875 0.028125 0.04375
4 0.2765625 0.265625 0.0234375 0.04375
4 0.26015625 0.23203125 0.0234375 0.0453125
4 0.24296875 0.22890625 0.0234375 0.0375
4 0.2171875 0.178125 0.0265625 0.040625