4 0.68203125 0.1078125 0.021875 0.04375
4 0.675 0.16171875 0.015625 0.0359375
4 0.65859375 0.1734375 0.0171875 0.0375
4 0.65 0.21015625 0.01875 0.0421875
4 0.58359375 0.21953125 0.021875 0.040625
4 0.5640625 0.22421875 0.025 0.0328125
4 0.815625 0.58671875 0.021875 0.0359375
4 0.7125 0.6828125 0.0265625 0.0328125
4 0.64921875 0.72109375 0.021875 0.0203125
4 0.63359375 0.70703125 0.0234375 0.0234375
4 0.37265625 0.4375 0.021875 0.028125
9 0.040625 0.7421875 0.053125 0.071875
9 0.40234375 0.6359375 0.040625 0.084375
9 0.41640625 0.8734375 0.0375 0.0828125
9 0.44296875 0.609375 0.0421875 0.0828125
9 0.2765625 0.396875 0.0546875 0.046875
9 0.23515625 0.346875 0.0609375 0.0375
9 0.2109375 0.39375 0.0546875 0.04375
9 0.11875 0.2734375 0.065625 0.0484375
9 0.0953125 0.38984375 0.0578125 0.0421875
9 0.61796875 0.1421875 0.0375 0.0953125
9 0.671875 0.040625 0.05 0.08125
9 0.76015625 0.56171875 0.0578125 0.04375
9 0.65703125 0.39765625 0.0625 0.053125
9 0.8546875 0.3125 0.0515625 0.0484375
9 0.8390625 0.371875 0.0578125 0.0375
9 0.490625 0.6078125 0.0484375 0.0953125
2 0.43046875 0.759375 0.034375 0.075
2 0.396875 0.79765625 0.0296875 0.0703125
2 0.50078125 0.4875 0.0421875 0.0734375
2 0.5640625 0.471875 0.046875 0.065625
2 0.771875 0.6234375 0.05 0.04375
2 0.6890625 0.56796875 0.0515625 0.0375
2 0.6859375 0.61640625 0.0515625 0.04375
2 0.3609375 0.40703125 0.0453125 0.0328125
2 0.3703125 0.33671875 0.04375 0.0375
2 0.36484375 0.27890625 0.053125 0.0453125
2 0.19609375 0.28046875 0.05 0.0421875
2 0.02890625 0.3859375 0.05 0.04375
2 0.4421875 0.42890625 0.034375 0.0796875
2 0.65078125 0.13515625 0.0359375 0.0796875
2 0.63828125 0.040625 0.0390625 0.08125
2 0.28984375 0.27890625 0.0453125 0.0375
13 0.49296875 0.2125 0.0390625 0.0890625
0 0.5890625 0.121875 0.046875 0.1234375
10 0.63046875 0.32578125 0.1671875 0.125
10 0.959375 0.31953125 0.0671875 0.0640625