9 0.33125 0.78046875 0.040625 0.0953125
9 0.40859375 0.7703125 0.0328125 0.084375
9 0.121875 0.34765625 0.059375 0.0390625
9 0.14140625 0.23203125 0.065625 0.04375
9 0.2203125 0.359375 0.0515625 0.0453125
9 0.29140625 0.3234375 0.0625 0.04375
9 0.48515625 0.33359375 0.040625 0.0828125
9 0.4859375 0.4984375 0.04375 0.0734375
9 0.55625 0.49609375 0.0578125 0.0796875
9 0.7515625 0.59375 0.059375 0.046875
9 0.79453125 0.403125 0.059375 0.04375
9 0.98046875 0.36796875 0.0390625 0.0453125
9 0.94140625 0.125 0.046875 0.078125
9 0.65546875 0.15703125 0.0390625 0.096875
9 0.71953125 0.05625 0.0453125 0.0921875
2 0.8609375 0.725 0.040625 0.0421875
2 0.759375 0.653125 0.05 0.040625
2 0.678125 0.584375 0.0453125 0.040625
2 0.671875 0.63984375 0.046875 0.0359375
2 0.43984375 0.690625 0.0421875 0.05625
2 0.41875 0.6109375 0.0328125 0.06875
2 0.571875 0.40703125 0.046875 0.0625
2 0.66015625 0.42578125 0.0515625 0.046875
2 0.68671875 0.15859375 0.034375 0.0828125
2 0.68359375 0.05703125 0.0390625 0.0875
2 0.5453125 0.12890625 0.0328125 0.084375
2 0.3875 0.26484375 0.05625 0.05
2 0.38515625 0.325 0.04375 0.040625
2 0.36875 0.3875 0.0453125 0.040625
2 0.31171875 0.25546875 0.04375 0.0390625
2 0.21640625 0.24453125 0.0484375 0.0421875
2 0.04140625 0.33359375 0.0515625 0.0375
4 0.37890625 0.425 0.025 0.025
4 0.625 0.7390625 0.025 0.0265625
4 0.61015625 0.72421875 0.025 0.025
4 0.6359375 0.6890625 0.0234375 0.028125
4 0.93125 0.76640625 0.021875 0.025
4 0.79921875 0.61796875 0.025 0.040625
4 0.58984375 0.2328125 0.0234375 0.0359375
4 0.6125 0.22734375 0.021875 0.0375
4 0.678125 0.23359375 0.0171875 0.0375
4 0.69140625 0.18984375 0.01875 0.034375
4 0.70546875 0.18203125 0.0171875 0.0375
4 0.72421875 0.1328125 0.0203125 0.040625
10 0.75390625 0.3328125 0.171875 0.071875
0 0.62734375 0.13046875 0.0515625 0.128125