4 0.62109375 0.42578125 0.025 0.028125
4 0.4046875 0.23671875 0.0234375 0.0328125
4 0.38828125 0.246875 0.0171875 0.0390625
4 0.31640625 0.23828125 0.015625 0.0375
4 0.30390625 0.1984375 0.0125 0.0375
4 0.2890625 0.18828125 0.0171875 0.0359375
4 0.27109375 0.1421875 0.0171875 0.040625
4 0.2015625 0.6234375 0.0234375 0.0375
4 0.278125 0.75234375 0.0234375 0.0203125
4 0.3734375 0.7 0.021875 0.0265625
4 0.378125 0.74375 0.0203125 0.01875
4 0.39453125 0.7265625 0.021875 0.0203125
4 0.60859375 0.546875 0.015625 0.0359375
4 0.68515625 0.0296875 0.028125 0.0328125
9 0.85078125 0.228125 0.0671875 0.05
9 0.8375 0.35234375 0.0609375 0.0421875
9 0.77421875 0.3609375 0.0515625 0.0390625
9 0.70859375 0.37109375 0.0578125 0.04375
9 0.69296875 0.3234375 0.0609375 0.046875
9 0.57578125 0.49140625 0.0359375 0.0875
9 0.4703125 0.528125 0.046875 0.0734375
9 0.28203125 0.34765625 0.0546875 0.0390625
9 0.13046875 0.4203125 0.0625 0.05
9 0.2515625 0.59453125 0.059375 0.0421875
9 0.0625 0.82265625 0.05625 0.040625
9 0.33828125 0.1609375 0.0375 0.0921875
9 0.415625 0.03359375 0.03125 0.059375
2 0.30703125 0.15859375 0.034375 0.075
2 0.309375 0.06171875 0.034375 0.0828125
2 0.32109375 0.58984375 0.046875 0.0375
2 0.24453125 0.65703125 0.0453125 0.040625
2 0.29140625 0.70859375 0.0390625 0.0421875
2 0.33046875 0.64140625 0.0484375 0.0375
2 0.178125 0.3609375 0.0484375 0.0375
2 0.60625 0.26328125 0.053125 0.0453125
2 0.68515625 0.26015625 0.04375 0.0390625
2 0.7765625 0.2453125 0.0484375 0.040625
2 0.92421875 0.3375 0.0515625 0.040625
2 0.60859375 0.32734375 0.0453125 0.04375
2 0.62734375 0.3921875 0.0453125 0.0421875
2 0.5265625 0.5296875 0.040625 0.071875
2 0.6359375 0.77890625 0.0328125 0.090625
2 0.5375 0.8359375 0.034375 0.0828125
0 0.58671875 0.728125 0.0609375 0.1296875
0 0.36328125 0.13359375 0.05 0.11875
9 0.2734375 0.06171875 0.0453125 0.0953125