0 0.2765625 0.26171875 0.0921875 0.0578125
10 0.946875 0.33125 0.10625 0.059375
12 0.25703125 0.36015625 0.1765625 0.0765625
0 0.34296875 0.921875 0.04375 0.1171875
9 0.1328125 0.35078125 0.0546875 0.0328125
2 0.3765625 0.275 0.053125 0.040625
9 0.76328125 0.5625 0.0578125 0.0421875
9 0.70546875 0.5625 0.0578125 0.05
9 0.6828125 0.61953125 0.0609375 0.0390625
9 0.6734375 0.66875 0.0578125 0.04375
9 0.7359375 0.66875 0.0546875 0.046875
9 0.81015625 0.68828125 0.059375 0.0515625
9 0.8359375 0.79609375 0.0578125 0.0515625
9 0.4703125 0.63125 0.0421875 0.0796875
9 0.37734375 0.92890625 0.0359375 0.0859375
9 0.42890625 0.50078125 0.034375 0.0921875
2 0.5578125 0.13046875 0.0296875 0.0796875
2 0.61484375 0.11796875 0.03125 0.084375
2 0.6546875 0.084375 0.0328125 0.0875
2 0.70078125 0.04140625 0.03125 0.075
2 0.6765625 0.13125 0.028125 0.0703125
2 0.66328125 0.31875 0.0515625 0.05625
2 0.53203125 0.49375 0.0421875 0.0703125
2 0.72578125 0.37421875 0.053125 0.046875
2 0.3703125 0.73125 0.034375 0.0859375
9 0.2953125 0.96796875 0.028125 0.0640625
2 0.37265625 0.38203125 0.0453125 0.0421875
2 0.0328125 0.2875 0.0484375 0.0421875
9 0.90859375 0.39375 0.0546875 0.0515625
4 0.5984375 0.19375 0.01875 0.0328125
4 0.6796875 0.2125 0.0140625 0.04375
4 0.68984375 0.1765625 0.0171875 0.0375
4 0.7015625 0.12734375 0.015625 0.0359375
4 0.8046875 0.55 0.0234375 0.028125