9 0.190625 0.18203125 0.0703125 0.053125
9 0.1578125 0.2984375 0.0625 0.046875
9 0.2453125 0.321875 0.0578125 0.0484375
9 0.328125 0.3 0.0671875 0.0546875
9 0.30859375 0.34296875 0.0625 0.0515625
9 0.3578125 0.625 0.053125 0.0984375
9 0.378125 0.728125 0.046875 0.0875
9 0.52578125 0.4546875 0.0578125 0.0859375
9 0.61015625 0.4703125 0.0640625 0.071875
9 0.5921875 0.18671875 0.053125 0.0984375
9 0.70390625 0.18828125 0.0546875 0.0984375
9 0.7328125 0.63046875 0.0640625 0.05625
9 0.88046875 0.47265625 0.0671875 0.0578125
9 0.98671875 0.23515625 0.0265625 0.0859375
9 0.7875 0.0953125 0.059375 0.0953125
2 0.071875 0.26796875 0.0578125 0.04375
2 0.4328125 0.68125 0.053125 0.04375
2 0.45234375 0.50625 0.04375 0.0765625
2 0.259375 0.20390625 0.0515625 0.046875
2 0.35234375 0.23515625 0.05 0.04375
2 0.42578125 0.25 0.059375 0.0515625
2 0.41640625 0.309375 0.053125 0.04375
2 0.3875 0.37421875 0.0515625 0.046875
2 0.73671875 0.18828125 0.053125 0.0828125
2 0.74765625 0.09296875 0.0453125 0.0859375
2 0.6328125 0.40078125 0.053125 0.0578125
2 0.73515625 0.44296875 0.05625 0.05
2 0.6625 0.61328125 0.053125 0.046875
2 0.646875 0.66484375 0.053125 0.0484375
2 0.72890625 0.690625 0.0546875 0.0484375
2 0.7765625 0.76640625 0.0484375 0.0484375
0 0.68359375 0.15625 0.06875 0.11875
10 0.83515625 0.3890625 0.1765625 0.096875
4 0.3890625 0.41171875 0.0296875 0.034375
4 0.5953125 0.715625 0.028125 0.0375
4 0.7765625 0.6640625 0.0328125 0.0453125
4 0.83203125 0.8171875 0.025 0.028125
4 0.58515625 0.75625 0.0265625 0.0234375
4 0.5734375 0.73984375 0.025 0.028125
4 0.63125 0.25234375 0.0265625 0.0421875
4 0.653125 0.25234375 0.028125 0.04375
4 0.71953125 0.26171875 0.0234375 0.04375
4 0.73515625 0.228125 0.0234375 0.0453125
4 0.75234375 0.225 0.0234375 0.0375
4 0.77734375 0.1734375 0.0265625 0.0390625