2 0.58125 0.39375 0.040625 0.059375
2 0.46328125 0.54140625 0.040625 0.071875
2 0.76875 0.63984375 0.04375 0.0390625
2 0.684375 0.5765625 0.046875 0.0390625
2 0.68203125 0.63046875 0.046875 0.040625
2 0.7015625 0.6875 0.0390625 0.0359375
2 0.37890625 0.27421875 0.05 0.04375
2 0.38125 0.33125 0.04375 0.0421875
2 0.36796875 0.39921875 0.0453125 0.0390625
2 0.3 0.27109375 0.040625 0.04375
2 0.2078125 0.26640625 0.0484375 0.04375
2 0.08671875 0.3703125 0.0484375 0.040625
2 0.6734375 0.1484375 0.0328125 0.0796875
2 0.6625 0.05234375 0.0296875 0.08125
2 0.94375 0.35234375 0.05 0.040625
9 0.75703125 0.57890625 0.059375 0.04375
9 0.8234375 0.3375 0.0515625 0.04375
9 0.6359375 0.425 0.05 0.0546875
9 0.3859375 0.89921875 0.0359375 0.084375
9 0.6390625 0.15078125 0.034375 0.090625
9 0.6984375 0.04765625 0.0390625 0.0921875
9 0.53359375 0.1125 0.0359375 0.0890625
9 0.2984375 0.340625 0.0609375 0.05
9 0.284375 0.38515625 0.0546875 0.0390625
9 0.21953125 0.37734375 0.0515625 0.0375
9 0.1578125 0.38125 0.05625 0.0421875
9 0.76171875 0.86015625 0.0546875 0.05
0 0.61171875 0.125 0.0453125 0.1140625
0 0.49765625 0.58828125 0.05625 0.10625
2 0.45 0.978125 0.0265625 0.04375
4 0.640625 0.684375 0.0234375 0.028125
4 0.62265625 0.72109375 0.0203125 0.021875
4 0.64140625 0.7328125 0.0234375 0.0203125
4 0.6984375 0.73515625 0.0234375 0.028125
4 0.809375 0.60703125 0.0203125 0.0390625
4 0.66640625 0.22578125 0.0140625 0.0390625
4 0.67734375 0.18515625 0.0125 0.0328125
4 0.69296875 0.175 0.0171875 0.0375
4 0.70703125 0.1234375 0.015625 0.0375
4 0.49921875 0.18515625 0.0171875 0.034375
4 0.578125 0.228125 0.01875 0.03125
4 0.596875 0.23359375 0.0203125 0.0421875
9 0.1296875 0.2578125 0.065625 0.05
4 0.37578125 0.43125 0.0234375 0.0265625