4 0.390625 0.08203125 0.0296875 0.04375
4 0.39140625 0.13671875 0.0234375 0.0390625
4 0.40234375 0.14609375 0.0234375 0.0359375
4 0.403125 0.1890625 0.0265625 0.040625
4 0.4734375 0.21640625 0.021875 0.0359375
4 0.4875 0.21484375 0.03125 0.0390625
4 0.171875 0.52734375 0.03125 0.0453125
4 0.26328125 0.68203125 0.0296875 0.03125
4 0.315625 0.64140625 0.0296875 0.0359375
4 0.30703125 0.68984375 0.028125 0.03125
4 0.32421875 0.68125 0.03125 0.0359375
9 0.146875 0.29921875 0.0625 0.053125
9 0.4890625 0.6203125 0.0578125 0.090625
9 0.4484375 0.1265625 0.0515625 0.0984375
9 0.73671875 0.39140625 0.0671875 0.053125
9 0.7359375 0.4375 0.059375 0.0546875
9 0.80078125 0.45 0.059375 0.05
9 0.8609375 0.4609375 0.0671875 0.05625
9 0.91484375 0.3515625 0.0734375 0.0578125
9 0.41640625 0.03046875 0.0609375 0.0609375
2 0.41875 0.10859375 0.05 0.0828125
2 0.44921875 0.03046875 0.0546875 0.0609375
2 0.26171875 0.63359375 0.0515625 0.053125
2 0.3015625 0.528125 0.0546875 0.0546875
2 0.20859375 0.56796875 0.05625 0.053125
2 0.2921875 0.58203125 0.0546875 0.05
2 0.25625 0.25234375 0.0515625 0.0484375
2 0.3734375 0.29609375 0.0640625 0.0578125
2 0.7484375 0.3234375 0.0515625 0.05
2 0.840625 0.3421875 0.05625 0.0515625
2 0.92421875 0.46796875 0.05625 0.0484375
2 0.66953125 0.30703125 0.0625 0.059375
2 0.65625 0.365625 0.0484375 0.0453125
2 0.6515625 0.43125 0.0515625 0.0453125
4 0.63671875 0.46328125 0.0328125 0.0296875
0 0.384375 0.39453125 0.084375 0.0953125
0 0.47890625 0.11171875 0.06875 0.121875
9 0.22734375 0.515625 0.065625 0.059375