4 0.3578125 0.75234375 0.0265625 0.0265625
4 0.38359375 0.69765625 0.025 0.028125
4 0.40546875 0.72890625 0.021875 0.021875
4 0.38984375 0.7421875 0.0265625 0.028125
4 0.20703125 0.63671875 0.0296875 0.04375
4 0.37734375 0.253125 0.0265625 0.04375
4 0.38828125 0.23984375 0.01875 0.0375
4 0.3015625 0.24453125 0.0203125 0.0484375
4 0.2859375 0.20078125 0.0171875 0.040625
4 0.26953125 0.196875 0.0203125 0.0453125
4 0.25 0.15 0.021875 0.0453125
4 0.615625 0.4171875 0.0265625 0.021875
9 0.8359375 0.2078125 0.071875 0.0515625
9 0.7640625 0.3421875 0.05625 0.0484375
9 0.68046875 0.3125 0.0671875 0.0515625
9 0.69921875 0.359375 0.0609375 0.05
9 0.82421875 0.334375 0.059375 0.0453125
9 0.95078125 0.30546875 0.0578125 0.046875
9 0.321875 0.17421875 0.04375 0.096875
9 0.25 0.071875 0.04375 0.0921875
9 0.2546875 0.6078125 0.059375 0.0484375
9 0.28828125 0.41640625 0.059375 0.059375
9 0.34921875 0.90859375 0.0609375 0.0625
2 0.325 0.59609375 0.046875 0.0375
2 0.33671875 0.64609375 0.05 0.0484375
2 0.328125 0.71015625 0.046875 0.0421875
2 0.25234375 0.66640625 0.0515625 0.0484375
2 0.28671875 0.16328125 0.04375 0.084375
2 0.28515625 0.07265625 0.0375 0.084375
2 0.5921875 0.25703125 0.0578125 0.046875
2 0.596875 0.31484375 0.0453125 0.0453125
2 0.61953125 0.38046875 0.0484375 0.046875
2 0.66796875 0.2453125 0.046875 0.0453125
2 0.7625 0.2265625 0.0515625 0.0390625
2 0.88984375 0.31875 0.0515625 0.046875
0 0.35234375 0.16015625 0.0515625 0.1140625
0 0.0765625 0.446875 0.0765625 0.0609375