4 0.69375 0.1140625 0.021875 0.0390625
4 0.68125 0.1671875 0.0171875 0.0375
4 0.66953125 0.17421875 0.0171875 0.034375
4 0.659375 0.21640625 0.01875 0.0375
4 0.58515625 0.228125 0.0140625 0.034375
4 0.571875 0.22421875 0.025 0.0359375
4 0.815625 0.5953125 0.0234375 0.0421875
4 0.69375 0.72734375 0.025 0.028125
4 0.65078125 0.6765625 0.0234375 0.0328125
4 0.64921875 0.7265625 0.0234375 0.0265625
4 0.634375 0.71328125 0.0265625 0.03125
9 0.8875 0.37734375 0.0546875 0.04375
9 0.48515625 0.6203125 0.0421875 0.0859375
9 0.628125 0.1453125 0.0328125 0.0953125
9 0.29140625 0.34453125 0.0609375 0.0421875
9 0.28203125 0.38984375 0.0515625 0.0453125
9 0.21640625 0.3890625 0.053125 0.040625
9 0.15546875 0.38671875 0.059375 0.0453125
9 0.125 0.26875 0.065625 0.0453125
9 0.6828125 0.0421875 0.04375 0.084375
2 0.6609375 0.134375 0.0359375 0.078125
2 0.65 0.03984375 0.0375 0.0796875
2 0.7046875 0.68046875 0.04375 0.0453125
2 0.68828125 0.56875 0.046875 0.0453125
2 0.77109375 0.62734375 0.0484375 0.0453125
2 0.68671875 0.6234375 0.0484375 0.0421875
2 0.78984375 0.30859375 0.0453125 0.040625
2 0.665625 0.3265625 0.05625 0.0484375
2 0.29375 0.27578125 0.0453125 0.0421875
2 0.2 0.275 0.05 0.04375
2 0.09140625 0.38046875 0.05 0.0390625
2 0.37421875 0.27578125 0.0546875 0.05
2 0.375 0.3359375 0.0421875 0.0375
2 0.365625 0.4015625 0.0453125 0.0359375
4 0.37421875 0.4359375 0.028125 0.025
0 0.63515625 0.42109375 0.0703125 0.0828125
0 0.60078125 0.12421875 0.046875 0.1171875
9 0.76328125 0.571875 0.0578125 0.0484375