9 0.8421875 0.21875 0.0671875 0.053125
9 0.95390625 0.3171875 0.05625 0.0546875
9 0.82734375 0.33984375 0.05625 0.0515625
9 0.76796875 0.3515625 0.059375 0.046875
9 0.68515625 0.3203125 0.0640625 0.0515625
9 0.70078125 0.36484375 0.0546875 0.046875
9 0.328125 0.17265625 0.046875 0.1078125
9 0.2578125 0.0703125 0.05 0.096875
9 0.2515625 0.60625 0.059375 0.05
9 0.453125 0.97734375 0.05 0.0453125
9 0.209375 0.40703125 0.0546875 0.0421875
2 0.29375 0.071875 0.0359375 0.0859375
2 0.2921875 0.165625 0.04375 0.0890625
2 0.24921875 0.66875 0.0546875 0.04375
2 0.3234375 0.59609375 0.05 0.04375
2 0.33359375 0.6484375 0.053125 0.0453125
2 0.325 0.7046875 0.04375 0.046875
2 0.59765625 0.26171875 0.0578125 0.0484375
2 0.6015625 0.3203125 0.0453125 0.05
2 0.621875 0.38671875 0.0484375 0.0421875
2 0.6734375 0.2515625 0.04375 0.040625
2 0.7671875 0.2359375 0.0515625 0.040625
2 0.89140625 0.32734375 0.0578125 0.046875
0 0.359375 0.16875 0.0515625 0.1171875
0 0.0171875 0.45703125 0.034375 0.0640625
4 0.2046875 0.63515625 0.028125 0.046875
4 0.35078125 0.74921875 0.025 0.028125
4 0.3765625 0.6953125 0.028125 0.0375
4 0.39921875 0.73203125 0.0234375 0.0234375
4 0.384375 0.74765625 0.0265625 0.028125
4 0.38515625 0.26171875 0.01875 0.034375
4 0.39375 0.23984375 0.025 0.0359375
4 0.30625 0.246875 0.01875 0.0421875
4 0.2890625 0.20078125 0.01875 0.0421875
4 0.2734375 0.196875 0.01875 0.0453125
4 0.253125 0.1484375 0.0203125 0.0421875
4 0.61640625 0.41875 0.0296875 0.0265625