0 0.578125 0.44921875 0.0796875 0.1
0 0.52578125 0.10703125 0.065625 0.11875
9 0.59140625 0.03046875 0.0546875 0.0609375
9 0.7609375 0.3203125 0.0578125 0.0484375
9 0.9046875 0.2515625 0.0625 0.0546875
9 0.771875 0.5203125 0.0640625 0.05625
9 0.49296875 0.72265625 0.0578125 0.096875
9 0.08671875 0.3421875 0.071875 0.0578125
9 0.13984375 0.4546875 0.0609375 0.0484375
9 0.1984375 0.4453125 0.05625 0.0484375
9 0.265625 0.4359375 0.0625 0.0515625
9 0.26875 0.390625 0.065625 0.046875
9 0.55703125 0.12578125 0.0546875 0.0984375
2 0.5890625 0.1140625 0.046875 0.084375
2 0.5578125 0.03203125 0.05 0.0640625
2 0.56328125 0.35 0.05625 0.0625
2 0.67109375 0.27890625 0.053125 0.053125
2 0.7921875 0.5734375 0.05625 0.0453125
2 0.69921875 0.53359375 0.0546875 0.0453125
2 0.70703125 0.584375 0.05625 0.0515625
2 0.73515625 0.6375 0.046875 0.0484375
2 0.33046875 0.3046875 0.0625 0.05625
2 0.34609375 0.3625 0.05 0.0453125
2 0.35 0.43203125 0.053125 0.053125
2 0.2578125 0.31875 0.05 0.046875
2 0.1609375 0.334375 0.0546875 0.0515625
2 0.07578125 0.4640625 0.0578125 0.0484375
4 0.51953125 0.221875 0.03125 0.0453125
4 0.53515625 0.2171875 0.025 0.0390625
4 0.60234375 0.19296875 0.0265625 0.0484375
4 0.603125 0.15234375 0.0234375 0.0390625
4 0.6140625 0.1359375 0.0296875 0.0453125
4 0.6171875 0.084375 0.0265625 0.0421875
4 0.825 0.52890625 0.0296875 0.04375
4 0.73125 0.68671875 0.028125 0.028125
4 0.68046875 0.65078125 0.034375 0.0390625
4 0.68984375 0.6953125 0.0296875 0.0296875
4 0.6703125 0.68046875 0.0265625 0.0265625
4 0.88828125 0.0640625 0.0328125 0.04375
4 0.36484375 0.4609375 0.0328125 0.0328125