4 0.79375 0.58671875 0.028125 0.0265625
4 0.63515625 0.2078125 0.025 0.0359375
4 0.7109375 0.2359375 0.0203125 0.0359375
4 0.7265625 0.20390625 0.01875 0.040625
4 0.7453125 0.15546875 0.01875 0.040625
9 0.46796875 0.39296875 0.0453125 0.09375
9 0.6921875 0.8625 0.0625 0.0640625
9 0.784375 0.7234375 0.06875 0.0546875
9 0.7125 0.70234375 0.0578125 0.05
9 0.65078125 0.69453125 0.0546875 0.04375
9 0.66484375 0.64921875 0.0609375 0.053125
9 0.69609375 0.58828125 0.05625 0.053125
9 0.75625 0.590625 0.0640625 0.0578125
9 0.48984375 0.56796875 0.053125 0.0859375
9 0.359375 0.83359375 0.040625 0.0890625
9 0.26640625 0.8734375 0.04375 0.084375
2 0.4015625 0.2609375 0.059375 0.0484375
9 0.15234375 0.30625 0.0578125 0.05
2 0.3890625 0.371875 0.05 0.0515625
2 0.13359375 0.24765625 0.053125 0.04375
2 0.57890625 0.45390625 0.0515625 0.0703125
2 0.65859375 0.128125 0.0453125 0.090625
2 0.703125 0.109375 0.040625 0.0875
2 0.71875 0.16171875 0.0375 0.075
2 0.7546875 0.071875 0.0421875 0.0796875
2 0.74765625 0.33671875 0.0578125 0.046875
2 0.81796875 0.4125 0.0625 0.05
2 0.3859375 0.6171875 0.0421875 0.0828125
12 0.275 0.32734375 0.178125 0.096875
0 0.3078125 0.2390625 0.0953125 0.078125
0 0.32109375 0.8328125 0.0625 0.1328125
10 0.978125 0.39375 0.04375 0.065625