4 0.1953125 0.534375 0.0265625 0.025
4 0.41796875 0.1890625 0.021875 0.0359375
4 0.33828125 0.20390625 0.01875 0.034375
4 0.328125 0.16875 0.0171875 0.0390625
4 0.31796875 0.11796875 0.015625 0.040625
9 0.55 0.4 0.0390625 0.0921875
9 0.24765625 0.82421875 0.0578125 0.059375
9 0.18125 0.67109375 0.065625 0.0515625
9 0.25546875 0.6625 0.0546875 0.046875
9 0.31796875 0.665625 0.053125 0.040625
9 0.31171875 0.61875 0.0578125 0.0484375
9 0.29140625 0.553125 0.0546875 0.05
9 0.23203125 0.54453125 0.0609375 0.053125
9 0.49765625 0.56875 0.0484375 0.0828125
9 0.58046875 0.853125 0.034375 0.0875
9 0.665625 0.90859375 0.0390625 0.0828125
2 0.63828125 0.28203125 0.05625 0.0453125
9 0.87578125 0.36953125 0.0546875 0.046875
2 0.63125 0.39375 0.0484375 0.0484375
2 0.9046875 0.315625 0.05 0.040625
2 0.43046875 0.440625 0.0484375 0.0671875
2 0.4078125 0.10625 0.0390625 0.0890625
2 0.36796875 0.0796875 0.0359375 0.084375
2 0.34375 0.12890625 0.0328125 0.0734375
2 0.3234375 0.0359375 0.0375 0.071875
2 0.284375 0.29609375 0.05625 0.04375
2 0.20234375 0.35859375 0.059375 0.0453125
2 0.5921875 0.63515625 0.0375 0.08125
12 0.7515625 0.36953125 0.1734375 0.0859375
0 0.734375 0.27578125 0.090625 0.071875
0 0.61796875 0.859375 0.0546875 0.1296875
10 0.03828125 0.3109375 0.0578125 0.0625