4 0.578125 0.228125 0.0203125 0.0359375
4 0.596875 0.234375 0.0203125 0.0375
4 0.66796875 0.2234375 0.015625 0.0421875
4 0.67890625 0.18046875 0.0125 0.0359375
4 0.69296875 0.16953125 0.01875 0.03125
4 0.7078125 0.121875 0.0171875 0.0390625
4 0.81015625 0.60390625 0.028125 0.0328125
4 0.68203125 0.73203125 0.0203125 0.0203125
4 0.6421875 0.68359375 0.0234375 0.03125
4 0.625 0.71640625 0.021875 0.03125
4 0.640625 0.728125 0.021875 0.028125
4 0.37890625 0.43046875 0.025 0.01875
9 0.93515625 0.79609375 0.05625 0.0421875
9 0.57265625 0.475 0.05 0.0671875
9 0.64140625 0.15 0.03125 0.09375
9 0.6984375 0.04453125 0.0421875 0.0890625
9 0.13203125 0.25390625 0.0671875 0.0390625
9 0.159375 0.37890625 0.05625 0.0390625
9 0.21875 0.37421875 0.05 0.0390625
9 0.284375 0.38515625 0.0515625 0.0390625
9 0.2984375 0.33984375 0.0609375 0.0453125
9 0.0265625 0.36015625 0.0515625 0.0421875
9 0.7578125 0.578125 0.0578125 0.0484375
2 0.8328125 0.33046875 0.05 0.040625
2 0.97578125 0.34375 0.040625 0.0421875
2 0.68828125 0.57421875 0.04375 0.040625
2 0.68359375 0.628125 0.0484375 0.0390625
2 0.6984375 0.68515625 0.0421875 0.04375
2 0.76796875 0.63515625 0.046875 0.04375
2 0.6734375 0.14296875 0.03125 0.08125
2 0.66484375 0.04765625 0.0296875 0.0921875
2 0.2078125 0.2625 0.0484375 0.0375
2 0.0921875 0.36796875 0.05 0.04375
2 0.30390625 0.26875 0.0421875 0.0390625
2 0.37890625 0.26953125 0.053125 0.05
2 0.3828125 0.32890625 0.0453125 0.0421875
2 0.36796875 0.39921875 0.046875 0.0390625
0 0.7609375 0.3859375 0.0734375 0.0515625
0 0.6125 0.13046875 0.0421875 0.1203125