9 0.7609375 0.578125 0.0578125 0.0484375
9 0.5234375 0.54375 0.046875 0.0703125
9 0.2859375 0.3828125 0.053125 0.0421875
9 0.29765625 0.3375 0.0625 0.0421875
9 0.13515625 0.2515625 0.065625 0.0484375
9 0.159375 0.375 0.0578125 0.040625
9 0.21953125 0.38046875 0.053125 0.04375
9 0.02421875 0.3609375 0.0484375 0.0390625
9 0.640625 0.146875 0.034375 0.09375
9 0.69921875 0.04453125 0.040625 0.0890625
9 0.98671875 0.4015625 0.0265625 0.0328125
2 0.884375 0.32890625 0.0484375 0.04375
2 0.7484375 0.3265625 0.0484375 0.04375
2 0.69765625 0.68671875 0.04375 0.034375
2 0.76875 0.6375 0.05 0.046875
2 0.68828125 0.575 0.04375 0.0421875
2 0.6828125 0.6296875 0.046875 0.0359375
2 0.67421875 0.14453125 0.028125 0.0765625
2 0.6640625 0.046875 0.0265625 0.08125
2 0.38125 0.26953125 0.0546875 0.04375
2 0.38125 0.33046875 0.0421875 0.0359375
2 0.36875 0.396875 0.040625 0.040625
2 0.303125 0.27109375 0.040625 0.0375
2 0.2078125 0.2625 0.0515625 0.04375
2 0.09375 0.36875 0.0515625 0.0390625
4 0.37890625 0.43203125 0.0265625 0.021875
4 0.81015625 0.603125 0.01875 0.040625
4 0.7078125 0.125 0.015625 0.04375
4 0.69375 0.171875 0.0140625 0.034375
4 0.6796875 0.17734375 0.01875 0.040625
4 0.66953125 0.21953125 0.0171875 0.0375
4 0.596875 0.23359375 0.0171875 0.0359375
4 0.5828125 0.225 0.0203125 0.0359375
4 0.64375 0.68671875 0.0234375 0.03125
4 0.6859375 0.7328125 0.0234375 0.0234375
4 0.6421875 0.72890625 0.0203125 0.01875
4 0.6234375 0.7140625 0.0203125 0.021875
0 0.6140625 0.1265625 0.040625 0.10625
0 0.69609375 0.4 0.0671875 0.0625