9 0.096875 0.3171875 0.0703125 0.0546875
9 0.021875 0.43984375 0.04375 0.0578125
9 0.1421875 0.4296875 0.0578125 0.053125
9 0.203125 0.42578125 0.0609375 0.05
9 0.27421875 0.37421875 0.065625 0.0546875
9 0.27109375 0.421875 0.05625 0.05
9 0.58125 0.1390625 0.0515625 0.109375
9 0.62265625 0.0359375 0.0546875 0.071875
9 0.7671875 0.53828125 0.0625 0.053125
9 0.66953125 0.95390625 0.053125 0.05625
9 0.75703125 0.33515625 0.05625 0.04375
2 0.5875 0.0375 0.040625 0.075
2 0.6140625 0.1234375 0.046875 0.0890625
2 0.7859375 0.59765625 0.05625 0.046875
2 0.69609375 0.54765625 0.0515625 0.046875
2 0.69921875 0.60078125 0.0546875 0.0484375
2 0.721875 0.65234375 0.0453125 0.0484375
2 0.34453125 0.2953125 0.059375 0.0515625
2 0.35546875 0.353125 0.046875 0.0515625
2 0.353125 0.421875 0.05 0.04375
2 0.26796875 0.3046875 0.0453125 0.0421875
2 0.17421875 0.3140625 0.053125 0.0421875
2 0.07734375 0.43515625 0.059375 0.0484375
0 0.55 0.14296875 0.0578125 0.11875
0 0.96015625 0.33203125 0.0484375 0.065625
4 0.8203125 0.5546875 0.0296875 0.0484375
4 0.70859375 0.7015625 0.025 0.028125
4 0.66953125 0.65703125 0.0296875 0.0375
4 0.65703125 0.6984375 0.025 0.025
4 0.67578125 0.709375 0.028125 0.0296875
4 0.54921875 0.23984375 0.0203125 0.0359375
4 0.53515625 0.221875 0.0265625 0.0375
4 0.621875 0.20546875 0.0203125 0.0421875
4 0.62578125 0.15625 0.021875 0.04375
4 0.640625 0.1484375 0.021875 0.0453125
4 0.646875 0.09609375 0.021875 0.0421875
4 0.36640625 0.4515625 0.03125 0.028125