4 0.525 0.21796875 0.0265625 0.0375
4 0.54453125 0.22109375 0.0265625 0.040625
4 0.6125 0.19609375 0.021875 0.04375
4 0.61484375 0.15234375 0.0203125 0.0375
4 0.6265625 0.1390625 0.0234375 0.0328125
4 0.63203125 0.0890625 0.025 0.0421875
4 0.82421875 0.54296875 0.034375 0.0375
4 0.72265625 0.69296875 0.025 0.0234375
4 0.67421875 0.653125 0.028125 0.034375
4 0.6640625 0.68828125 0.0265625 0.034375
4 0.68125 0.696875 0.0265625 0.0328125
4 0.36796875 0.4546875 0.028125 0.021875
9 0.97578125 0.70703125 0.0484375 0.0515625
9 0.56640625 0.46171875 0.0609375 0.0765625
9 0.571875 0.1296875 0.0484375 0.0984375
9 0.60703125 0.03125 0.0578125 0.0625
9 0.0921875 0.32890625 0.071875 0.0515625
9 0.1421875 0.44609375 0.0625 0.0484375
9 0.2 0.43046875 0.05625 0.0484375
9 0.26640625 0.428125 0.0578125 0.0484375
9 0.271875 0.38125 0.0671875 0.05625
9 0.01875 0.453125 0.0375 0.05
9 0.76796875 0.52734375 0.065625 0.0578125
2 0.79453125 0.2703125 0.05625 0.05
2 0.9375 0.25546875 0.0484375 0.0484375
2 0.69921875 0.53671875 0.05 0.0484375
2 0.7046875 0.590625 0.0546875 0.046875
2 0.73046875 0.64375 0.05 0.05
2 0.7890625 0.58125 0.053125 0.0515625
2 0.60234375 0.11640625 0.0453125 0.084375
2 0.575 0.0359375 0.046875 0.071875
2 0.16796875 0.32265625 0.0546875 0.0453125
2 0.07421875 0.4484375 0.0578125 0.0515625
2 0.26328125 0.31015625 0.0484375 0.046875
2 0.3375 0.296875 0.0609375 0.059375
2 0.35234375 0.3546875 0.053125 0.05
2 0.35078125 0.4265625 0.053125 0.046875
0 0.734375 0.33828125 0.08125 0.0640625
0 0.53984375 0.115625 0.0640625 0.1265625