9 0.76953125 0.54140625 0.0625 0.0546875
9 0.5296875 0.53984375 0.05625 0.075
9 0.271875 0.4140625 0.0578125 0.0484375
9 0.27734375 0.3671875 0.0671875 0.05
9 0.10390625 0.3046875 0.071875 0.05625
9 0.1453125 0.4234375 0.0625 0.0484375
9 0.20546875 0.4203125 0.059375 0.05
9 0.01796875 0.42734375 0.0359375 0.0453125
9 0.58984375 0.13046875 0.046875 0.096875
9 0.6328125 0.03359375 0.053125 0.0671875
9 0.96796875 0.33515625 0.03125 0.0359375
2 0.85703125 0.27734375 0.0546875 0.05
2 0.721875 0.29375 0.0546875 0.05
2 0.721875 0.65703125 0.0484375 0.040625
2 0.78515625 0.5984375 0.0546875 0.053125
2 0.696875 0.5484375 0.05 0.0484375
2 0.69921875 0.603125 0.0515625 0.040625
2 0.6234375 0.1234375 0.0390625 0.0796875
2 0.5984375 0.03515625 0.0375 0.0703125
2 0.35 0.28828125 0.059375 0.05
2 0.35859375 0.3484375 0.046875 0.0421875
2 0.35546875 0.41640625 0.046875 0.0453125
2 0.2734375 0.30078125 0.046875 0.0421875
2 0.17734375 0.30546875 0.05625 0.05
2 0.0796875 0.4265625 0.05625 0.0453125
4 0.3703125 0.44921875 0.028125 0.025
4 0.821875 0.55859375 0.025 0.0421875
4 0.65390625 0.1 0.0203125 0.0453125
4 0.64609375 0.1484375 0.01875 0.0359375
4 0.6328125 0.15546875 0.025 0.0421875
4 0.62890625 0.1984375 0.021875 0.0390625
4 0.55859375 0.22265625 0.021875 0.0375
4 0.54375 0.21640625 0.025 0.0390625
4 0.66796875 0.66484375 0.028125 0.034375
4 0.71640625 0.7046875 0.0265625 0.0265625
4 0.67265625 0.70703125 0.0234375 0.0203125
4 0.65234375 0.69453125 0.021875 0.025
0 0.5609375 0.1140625 0.0546875 0.1109375
0 0.68046875 0.3734375 0.0765625 0.071875