4 0.36796875 0.46953125 0.03125 0.0328125
4 0.5109375 0.21953125 0.0296875 0.0421875
4 0.528125 0.215625 0.028125 0.046875
4 0.5953125 0.19296875 0.021875 0.0390625
4 0.5953125 0.146875 0.021875 0.0375
4 0.6109375 0.140625 0.0234375 0.040625
4 0.609375 0.08359375 0.028125 0.046875
4 0.825 0.5265625 0.028125 0.040625
4 0.68203125 0.646875 0.03125 0.0328125
4 0.7421875 0.684375 0.03125 0.0328125
4 0.671875 0.6796875 0.0296875 0.025
4 0.6953125 0.69296875 0.03125 0.0328125
4 0.82265625 0.0140625 0.0265625 0.028125
2 0.60078125 0.315625 0.0578125 0.0578125
2 0.5109375 0.4359375 0.0609375 0.075
2 0.328125 0.3078125 0.0609375 0.0578125
2 0.34296875 0.36484375 0.0484375 0.046875
2 0.35 0.43359375 0.0515625 0.0515625
2 0.2546875 0.32578125 0.0515625 0.0453125
2 0.16015625 0.3421875 0.053125 0.046875
2 0.07421875 0.4734375 0.059375 0.0546875
2 0.73828125 0.6359375 0.0453125 0.0421875
2 0.79375 0.5703125 0.0609375 0.059375
2 0.7 0.53203125 0.0546875 0.0484375
2 0.70859375 0.58203125 0.059375 0.053125
2 0.58203125 0.1171875 0.0515625 0.0828125
2 0.54921875 0.03515625 0.0515625 0.0703125
9 0.58359375 0.03203125 0.0578125 0.0640625
9 0.55 0.12734375 0.053125 0.1
9 0.6765625 0.3453125 0.059375 0.0546875
9 0.834375 0.25625 0.0640625 0.0578125
9 0.76875 0.5109375 0.0703125 0.0609375
9 0.76875 0.8703125 0.0640625 0.0671875
9 0.48828125 0.81953125 0.0578125 0.0984375
9 0.2640625 0.3921875 0.0671875 0.05625
9 0.26484375 0.4421875 0.0609375 0.0546875
9 0.1984375 0.45 0.059375 0.0515625
9 0.08359375 0.3515625 0.075 0.0640625
9 0.1375 0.46171875 0.0640625 0.053125
0 0.51953125 0.10859375 0.0671875 0.1234375
0 0.54765625 0.509375 0.0859375 0.1109375