4 0.8109375 0.60625 0.0265625 0.040625
4 0.6421875 0.6875 0.025 0.03125
4 0.67265625 0.73671875 0.0234375 0.025
4 0.621875 0.71875 0.01875 0.01875
4 0.63984375 0.7296875 0.0203125 0.0234375
4 0.58515625 0.25703125 0.0203125 0.034375
4 0.578125 0.23359375 0.021875 0.0390625
4 0.66640625 0.221875 0.015625 0.034375
4 0.68828125 0.196875 0.0125 0.0375
4 0.7046875 0.1234375 0.0171875 0.0375
4 0.67578125 0.1875 0.0125 0.0390625
4 0.3765625 0.434375 0.0203125 0.0265625
9 0.13046875 0.253125 0.065625 0.0484375
9 0.15859375 0.37890625 0.053125 0.046875
9 0.21640625 0.37890625 0.05 0.0453125
9 0.284375 0.38828125 0.05625 0.04375
9 0.29609375 0.340625 0.0578125 0.04375
9 0.02890625 0.36484375 0.0546875 0.046875
9 0.634375 0.16328125 0.0328125 0.0953125
9 0.6953125 0.04453125 0.0375 0.0890625
9 0.75703125 0.575 0.05625 0.046875
2 0.63203125 0.04140625 0.034375 0.0828125
2 0.65859375 0.06171875 0.03125 0.078125
2 0.671875 0.14609375 0.034375 0.078125
2 0.68359375 0.575 0.0484375 0.034375
2 0.68125 0.62890625 0.05 0.0390625
2 0.76640625 0.63984375 0.046875 0.0390625
2 0.6953125 0.68515625 0.0390625 0.04375
2 0.20703125 0.26640625 0.0484375 0.0359375
2 0.09296875 0.371875 0.0515625 0.0390625
2 0.30390625 0.2703125 0.0375 0.034375
2 0.38046875 0.2734375 0.053125 0.05
2 0.3796875 0.3328125 0.04375 0.0421875
2 0.36875 0.4 0.04375 0.0359375
0 0.60390625 0.1625 0.0375 0.1125