4 0.78203125 0.66875 0.034375 0.0453125
4 0.6 0.71328125 0.03125 0.034375
4 0.61953125 0.7671875 0.028125 0.028125
4 0.5734375 0.7390625 0.021875 0.021875
4 0.5890625 0.75390625 0.025 0.0265625
4 0.63359375 0.2796875 0.0265625 0.0375
4 0.63203125 0.25546875 0.0296875 0.0421875
4 0.7203125 0.2625 0.021875 0.0359375
4 0.746875 0.24296875 0.0203125 0.0390625
4 0.778125 0.17421875 0.0234375 0.0390625
4 0.73671875 0.23125 0.0203125 0.040625
4 0.39296875 0.41015625 0.025 0.0296875
9 0.18984375 0.18203125 0.075 0.0609375
9 0.19140625 0.3109375 0.0609375 0.05625
9 0.24765625 0.32265625 0.0578125 0.0546875
9 0.3125 0.34609375 0.0640625 0.0546875
9 0.33359375 0.3015625 0.065625 0.0546875
9 0.0671875 0.26953125 0.0625 0.05625
9 0.7015625 0.1984375 0.0515625 0.1
9 0.7859375 0.0953125 0.0546875 0.09375
9 0.7359375 0.6265625 0.0640625 0.05625
2 0.72421875 0.07890625 0.05 0.0875
2 0.74609375 0.10390625 0.0453125 0.0828125
2 0.74140625 0.18984375 0.05 0.0828125
2 0.6640625 0.61171875 0.0546875 0.04375
2 0.65078125 0.6640625 0.05625 0.0484375
2 0.73125 0.6921875 0.0546875 0.0484375
2 0.65234375 0.721875 0.046875 0.05
2 0.26171875 0.2109375 0.0546875 0.04375
2 0.128125 0.28984375 0.0578125 0.0484375
2 0.35625 0.234375 0.04375 0.040625
2 0.43046875 0.25390625 0.0625 0.059375
2 0.4171875 0.31171875 0.05 0.05
2 0.3921875 0.375 0.05 0.04375
0 0.671875 0.19140625 0.059375 0.1171875