0 0.43359375 0.1515625 0.053125 0.1109375
0 0.01875 0.55859375 0.0375 0.0546875
2 0.22109375 0.61015625 0.05 0.0453125
2 0.3109375 0.55859375 0.046875 0.040625
2 0.30703125 0.61015625 0.0515625 0.0375
2 0.2890625 0.66640625 0.04375 0.0421875
2 0.3703125 0.13359375 0.0390625 0.084375
2 0.39140625 0.04765625 0.034375 0.0765625
2 0.415625 0.0359375 0.040625 0.071875
2 0.81875 0.29765625 0.0484375 0.040625
2 0.92109375 0.4140625 0.05625 0.0453125
2 0.72265625 0.29453125 0.0484375 0.0453125
2 0.6453125 0.28828125 0.053125 0.05
2 0.63671875 0.346875 0.0515625 0.0421875
2 0.6421875 0.41640625 0.05 0.05
9 0.35234375 0.0390625 0.0515625 0.078125
9 0.89296875 0.2953125 0.071875 0.0609375
9 0.71953125 0.36015625 0.065625 0.05
9 0.728125 0.4109375 0.0546875 0.0453125
9 0.7953125 0.409375 0.053125 0.0453125
9 0.85390625 0.415625 0.0578125 0.0484375
9 0.978125 0.4140625 0.04375 0.04375
9 0.23828125 0.55 0.0625 0.053125
9 0.1421875 0.06953125 0.046875 0.0921875
4 0.3671875 0.209375 0.0171875 0.0390625
4 0.36015625 0.17109375 0.0171875 0.034375
4 0.3484375 0.17578125 0.0203125 0.040625
4 0.33515625 0.10234375 0.025 0.046875
4 0.4421875 0.25625 0.028125 0.0390625
4 0.4578125 0.2375 0.0234375 0.0359375
4 0.184375 0.5734375 0.0265625 0.040625
4 0.3421875 0.66640625 0.0265625 0.0359375
4 0.30390625 0.71796875 0.0265625 0.025
4 0.359375 0.703125 0.025 0.0265625
4 0.34140625 0.71640625 0.021875 0.021875
4 0.63359375 0.4453125 0.0296875 0.0234375