0 0.60234375 0.16015625 0.04375 0.10625
0 0.978125 0.609375 0.04375 0.05
2 0.765625 0.6390625 0.0453125 0.040625
2 0.68203125 0.578125 0.04375 0.0359375
2 0.68046875 0.6296875 0.0484375 0.03125
2 0.6921875 0.6875 0.040625 0.0375
2 0.6671875 0.14921875 0.03125 0.0828125
2 0.65546875 0.06171875 0.0265625 0.0734375
2 0.6328125 0.04140625 0.0328125 0.0828125
2 0.20390625 0.265625 0.0453125 0.0375
2 0.08984375 0.3703125 0.053125 0.040625
2 0.3 0.27265625 0.04375 0.040625
2 0.37734375 0.27421875 0.0484375 0.0453125
2 0.3796875 0.33359375 0.046875 0.0375
2 0.3671875 0.40234375 0.046875 0.046875
9 0.6953125 0.04765625 0.0421875 0.09375
9 0.13046875 0.25546875 0.0671875 0.0546875
9 0.29609375 0.33828125 0.0625 0.0453125
9 0.2828125 0.3875 0.0515625 0.040625
9 0.215625 0.37890625 0.05 0.040625
9 0.15703125 0.37890625 0.053125 0.04375
9 0.028125 0.36484375 0.0515625 0.0390625
9 0.7546875 0.57734375 0.059375 0.046875
9 0.90078125 0.109375 0.0390625 0.0890625
4 0.6625 0.225 0.0140625 0.0375
4 0.6734375 0.1875 0.0140625 0.0328125
4 0.684375 0.19375 0.015625 0.0390625
4 0.70546875 0.121875 0.0203125 0.0453125
4 0.5828125 0.26328125 0.0234375 0.0375
4 0.56953125 0.24375 0.0203125 0.034375
4 0.80625 0.60625 0.021875 0.0390625
4 0.63984375 0.68203125 0.0234375 0.034375
4 0.671875 0.7375 0.025 0.0234375
4 0.61875 0.71640625 0.0234375 0.025
4 0.63515625 0.73203125 0.0203125 0.0203125
4 0.37265625 0.43125 0.028125 0.021875