4 0.3921875 0.4125 0.028125 0.034375
4 0.6 0.7140625 0.0296875 0.0375
4 0.78125 0.671875 0.0328125 0.0453125
4 0.6203125 0.7625 0.0296875 0.0296875
4 0.58828125 0.76171875 0.025 0.0265625
4 0.57734375 0.7421875 0.028125 0.0265625
4 0.63203125 0.25703125 0.0234375 0.0328125
4 0.6390625 0.275 0.0234375 0.0453125
4 0.71796875 0.27109375 0.0203125 0.040625
4 0.7359375 0.23515625 0.021875 0.0453125
4 0.75078125 0.23359375 0.0265625 0.0390625
4 0.77890625 0.18203125 0.0265625 0.0484375
9 0.19140625 0.1890625 0.078125 0.0640625
9 0.06796875 0.26796875 0.0609375 0.05
9 0.19296875 0.31328125 0.0625 0.0515625
9 0.2484375 0.325 0.059375 0.053125
9 0.31640625 0.34609375 0.0625 0.053125
9 0.33515625 0.30546875 0.0671875 0.0609375
9 0.70234375 0.20078125 0.0515625 0.0953125
9 0.7890625 0.1 0.0625 0.103125
9 0.73515625 0.63046875 0.065625 0.0546875
2 0.73359375 0.690625 0.0546875 0.0546875
2 0.66640625 0.6140625 0.05625 0.0546875
2 0.65078125 0.66953125 0.0609375 0.04375
2 0.65390625 0.72421875 0.046875 0.04375
2 0.2625 0.2125 0.0515625 0.040625
2 0.13203125 0.29296875 0.059375 0.046875
2 0.353125 0.23515625 0.0515625 0.05
2 0.42890625 0.25625 0.0578125 0.05
2 0.41796875 0.31171875 0.0484375 0.0515625
2 0.390625 0.38046875 0.053125 0.046875
2 0.7421875 0.18984375 0.05 0.0921875
2 0.74609375 0.1125 0.0484375 0.1
2 0.72578125 0.0828125 0.053125 0.09375
0 0.6734375 0.1921875 0.065625 0.1140625