4 0.37421875 0.4375 0.0296875 0.0234375
4 0.5515625 0.278125 0.0140625 0.0390625
4 0.57421875 0.28046875 0.0171875 0.0359375
4 0.66171875 0.228125 0.0140625 0.034375
4 0.6734375 0.1875 0.0140625 0.04375
4 0.6828125 0.19375 0.015625 0.040625
4 0.7 0.12578125 0.0203125 0.040625
4 0.8046875 0.60703125 0.0203125 0.0390625
4 0.67109375 0.73359375 0.028125 0.0234375
4 0.6375 0.68671875 0.0265625 0.0234375
4 0.61953125 0.71640625 0.021875 0.01875
4 0.63671875 0.7296875 0.0203125 0.0234375
2 0.375 0.27421875 0.053125 0.0421875
2 0.3796875 0.33203125 0.0453125 0.04375
2 0.36484375 0.403125 0.0453125 0.0359375
2 0.3 0.271875 0.040625 0.0328125
2 0.2046875 0.26484375 0.046875 0.0375
2 0.09140625 0.3734375 0.046875 0.04375
2 0.30859375 0.95390625 0.025 0.075
2 0.6296875 0.0453125 0.0296875 0.090625
2 0.65390625 0.06640625 0.03125 0.08125
2 0.6671875 0.1484375 0.028125 0.08125
2 0.68125 0.57890625 0.0453125 0.0390625
2 0.67734375 0.63125 0.04375 0.0390625
2 0.69140625 0.6875 0.0375 0.0375
2 0.76328125 0.6375 0.0515625 0.04375
9 0.6328125 0.16484375 0.0390625 0.0953125
9 0.69375 0.0484375 0.0359375 0.096875
9 0.946875 0.20078125 0.0453125 0.075
9 0.75390625 0.5796875 0.0578125 0.04375
9 0.12734375 0.25625 0.0625 0.0484375
9 0.028125 0.36484375 0.0546875 0.0390625
9 0.15390625 0.38046875 0.0546875 0.040625
9 0.21640625 0.37890625 0.05 0.0390625
9 0.28125 0.3859375 0.0515625 0.0390625
9 0.29375 0.34140625 0.0578125 0.046875
0 0.9578125 0.609375 0.0640625 0.0515625
0 0.59375 0.178125 0.046875 0.1140625