4 0.371875 0.446875 0.028125 0.01875
4 0.815625 0.57734375 0.0234375 0.0390625
4 0.6921875 0.72109375 0.021875 0.0265625
4 0.6578125 0.675 0.0234375 0.0234375
4 0.6421875 0.7078125 0.025 0.021875
4 0.6578125 0.7203125 0.0203125 0.0234375
4 0.55625 0.225 0.01875 0.028125
4 0.5671875 0.2515625 0.01875 0.0421875
4 0.64296875 0.2171875 0.0171875 0.04375
4 0.65078125 0.17109375 0.0171875 0.0421875
4 0.6625 0.17109375 0.0171875 0.040625
4 0.671875 0.1140625 0.0234375 0.0421875
9 0.11328125 0.29296875 0.0671875 0.0484375
9 0.02421875 0.40625 0.0484375 0.04375
9 0.15 0.41171875 0.0546875 0.046875
9 0.2125 0.41015625 0.0546875 0.0484375
9 0.2828125 0.3609375 0.059375 0.04375
9 0.27734375 0.4078125 0.05625 0.0375
9 0.765625 0.56171875 0.0625 0.046875
9 0.94375 0.328125 0.05625 0.040625
9 0.60703125 0.15390625 0.040625 0.1
9 0.65703125 0.03828125 0.0453125 0.0765625
2 0.5953125 0.034375 0.0375 0.06875
2 0.62109375 0.0546875 0.0390625 0.084375
2 0.6390625 0.13671875 0.0375 0.08125
2 0.6921875 0.56484375 0.05 0.0390625
2 0.778125 0.615625 0.0515625 0.046875
2 0.69453125 0.6140625 0.05625 0.0359375
2 0.7125 0.6734375 0.04375 0.0359375
2 0.284375 0.29296875 0.0453125 0.040625
2 0.190625 0.29453125 0.053125 0.040625
2 0.0859375 0.4109375 0.05625 0.0484375
2 0.3625 0.4171875 0.05 0.0484375
2 0.36953125 0.34765625 0.05 0.040625
2 0.36171875 0.2859375 0.0546875 0.05625
0 0.575 0.1578125 0.046875 0.1125