4 0.3640625 0.46484375 0.034375 0.028125
4 0.5046875 0.271875 0.021875 0.040625
4 0.52734375 0.26953125 0.0234375 0.0375
4 0.6015625 0.20078125 0.0203125 0.0359375
4 0.6046875 0.15859375 0.0234375 0.0453125
4 0.61484375 0.1625 0.0234375 0.0421875
4 0.61796875 0.0921875 0.028125 0.04375
4 0.8203125 0.54140625 0.028125 0.0421875
4 0.715625 0.69296875 0.0328125 0.028125
4 0.6734375 0.65390625 0.0296875 0.0296875
4 0.66171875 0.68671875 0.025 0.0234375
4 0.68125 0.69609375 0.025 0.028125
2 0.33046875 0.30546875 0.0609375 0.0515625
2 0.34765625 0.3609375 0.053125 0.0515625
2 0.34765625 0.43359375 0.0515625 0.04375
2 0.25703125 0.31875 0.046875 0.040625
2 0.1625 0.33125 0.053125 0.046875
2 0.07421875 0.4609375 0.0546875 0.053125
2 0.40625 0.971875 0.040625 0.05625
2 0.53203125 0.0375 0.0484375 0.075
2 0.56015625 0.04375 0.046875 0.084375
2 0.590625 0.12109375 0.0453125 0.0859375
2 0.69375 0.53984375 0.053125 0.046875
2 0.70078125 0.59140625 0.0515625 0.046875
2 0.7265625 0.64375 0.04375 0.04375
2 0.7859375 0.5796875 0.059375 0.0546875
9 0.56015625 0.14453125 0.0578125 0.1
9 0.59453125 0.034375 0.0546875 0.06875
9 0.875 0.1140625 0.059375 0.08125
9 0.76484375 0.525 0.065625 0.0546875
9 0.08515625 0.3390625 0.071875 0.0609375
9 0.0203125 0.465625 0.040625 0.05
9 0.13671875 0.4546875 0.0609375 0.0515625
9 0.19765625 0.440625 0.05625 0.0484375
9 0.2625 0.43359375 0.0578125 0.0484375
9 0.265625 0.3875 0.065625 0.0578125
0 0.96640625 0.51171875 0.0671875 0.0640625
0 0.525 0.165625 0.06875 0.1203125