4 0.37734375 0.4359375 0.0265625 0.0171875
4 0.8078125 0.6046875 0.0203125 0.0359375
4 0.671875 0.73671875 0.0203125 0.025
4 0.6421875 0.68828125 0.0203125 0.021875
4 0.6234375 0.71953125 0.0234375 0.0203125
4 0.63828125 0.73359375 0.01875 0.021875
4 0.5796875 0.23125 0.0171875 0.0265625
4 0.58828125 0.25859375 0.015625 0.0421875
4 0.6671875 0.23046875 0.0125 0.04375
4 0.67890625 0.18515625 0.0125 0.040625
4 0.690625 0.18671875 0.0140625 0.0390625
4 0.7046875 0.13046875 0.0203125 0.040625
9 0.1328125 0.26015625 0.0640625 0.04375
9 0.03046875 0.36484375 0.053125 0.0390625
9 0.159375 0.38125 0.0515625 0.04375
9 0.22109375 0.38515625 0.0515625 0.0453125
9 0.29609375 0.3421875 0.0578125 0.0390625
9 0.2859375 0.3890625 0.053125 0.0328125
9 0.759375 0.584375 0.059375 0.0421875
9 0.95703125 0.3671875 0.0546875 0.0375
9 0.63671875 0.16484375 0.0328125 0.096875
9 0.6984375 0.04609375 0.0375 0.0890625
2 0.6359375 0.0390625 0.03125 0.0765625
2 0.659375 0.0671875 0.03125 0.0828125
2 0.6703125 0.15 0.03125 0.078125
2 0.6859375 0.58125 0.0484375 0.034375
2 0.7671875 0.6390625 0.0484375 0.04375
2 0.68359375 0.63046875 0.0546875 0.03125
2 0.696875 0.69140625 0.040625 0.0328125
2 0.303125 0.275 0.0421875 0.0375
2 0.209375 0.26796875 0.05 0.0359375
2 0.0953125 0.375 0.053125 0.04375
2 0.3703125 0.40546875 0.046875 0.0453125
2 0.38359375 0.33671875 0.046875 0.0375
2 0.38125 0.275 0.0515625 0.0515625
0 0.6046875 0.165625 0.0375 0.109375