0 0.75078125 0.29140625 0.0984375 0.06875
12 0.7609375 0.3890625 0.171875 0.0921875
0 0.58359375 0.79453125 0.0625 0.1328125
9 0.53984375 0.28125 0.05 0.0828125
9 0.4625 0.49765625 0.0578125 0.084375
9 0.23359375 0.53125 0.059375 0.05
9 0.2921875 0.534375 0.0609375 0.0515625
9 0.30703125 0.59765625 0.065625 0.04375
9 0.30859375 0.64765625 0.0578125 0.05
9 0.2453125 0.6390625 0.0609375 0.0625
9 0.171875 0.64765625 0.0671875 0.0640625
9 0.315625 0.88828125 0.0625 0.065625
9 0.62734375 0.83046875 0.0421875 0.096875
9 0.57265625 0.94296875 0.0484375 0.096875
9 0.546875 0.778125 0.0453125 0.0984375
2 0.653125 0.28828125 0.05625 0.0515625
9 0.88515625 0.39765625 0.059375 0.0421875
2 0.853125 0.33828125 0.053125 0.0453125
2 0.5625 0.53046875 0.04375 0.0875
2 0.39609375 0.38984375 0.0546875 0.0625
2 0.6421875 0.40390625 0.05 0.0484375
2 0.43515625 0.103125 0.040625 0.0953125
2 0.40078125 0.065625 0.0421875 0.084375
2 0.37421875 0.1171875 0.0359375 0.071875
2 0.3578125 0.03203125 0.04375 0.0640625
2 0.23046875 0.2828125 0.059375 0.053125
2 0.115625 0.33671875 0.059375 0.05625
4 0.1953125 0.5109375 0.028125 0.0234375
4 0.44140625 0.18359375 0.0203125 0.0359375
4 0.359375 0.19140625 0.0234375 0.0328125
4 0.35546875 0.15390625 0.0171875 0.034375
4 0.3484375 0.10703125 0.021875 0.0453125