0 0.2765625 0.2625 0.0921875 0.0578125
12 0.2546875 0.3578125 0.1640625 0.0734375
0 0.38125 0.78203125 0.046875 0.128125
9 0.48671875 0.278125 0.040625 0.0796875
9 0.5375 0.50234375 0.0484375 0.0796875
9 0.7609375 0.56328125 0.0546875 0.04375
9 0.70234375 0.559375 0.0546875 0.04375
9 0.6796875 0.6203125 0.0609375 0.0359375
9 0.671875 0.66953125 0.053125 0.04375
9 0.7359375 0.66875 0.0546875 0.05625
9 0.8078125 0.68671875 0.0609375 0.0578125
9 0.6359375 0.9078125 0.05625 0.059375
9 0.33359375 0.8125 0.03125 0.09375
9 0.37421875 0.93046875 0.0375 0.09375
9 0.41953125 0.7703125 0.034375 0.0953125
2 0.37421875 0.27109375 0.0515625 0.046875
9 0.13046875 0.3515625 0.05625 0.0359375
2 0.16953125 0.296875 0.0484375 0.0390625
2 0.434375 0.52265625 0.034375 0.084375
2 0.61640625 0.403125 0.046875 0.0578125
2 0.3703125 0.3875 0.0453125 0.04375
2 0.6125 0.1140625 0.0296875 0.09375
2 0.6515625 0.08125 0.0328125 0.08125
2 0.671875 0.13515625 0.028125 0.0703125
2 0.6984375 0.04375 0.034375 0.0796875
2 0.79375 0.3171875 0.0546875 0.046875
2 0.9015625 0.38515625 0.0546875 0.05
4 0.80078125 0.54765625 0.0265625 0.0203125
4 0.596875 0.19296875 0.015625 0.034375
4 0.67734375 0.2109375 0.0203125 0.03125
4 0.6859375 0.17421875 0.0140625 0.0328125
4 0.6984375 0.128125 0.0171875 0.04375