0 0.2859375 0.6015625 0.0640625 0.05625
0 0.86640625 0.59375 0.065625 0.05
9 0.653125 0.20390625 0.0390625 0.0921875
9 0.59140625 0.19609375 0.034375 0.0921875
9 0.6375 0.15078125 0.0375 0.0984375
9 0.75546875 0.58125 0.05625 0.0421875
9 0.0765625 0.14921875 0.0515625 0.03125
9 0.13046875 0.25546875 0.065625 0.0515625
9 0.02734375 0.3640625 0.0546875 0.034375
9 0.15625 0.37578125 0.0546875 0.040625
9 0.21484375 0.38046875 0.05 0.04375
9 0.284375 0.38671875 0.0546875 0.0375
9 0.29609375 0.340625 0.0578125 0.0453125
9 0.50234375 0.64375 0.0390625 0.0890625
2 0.6171875 0.084375 0.0328125 0.078125
2 0.52890625 0.24453125 0.05625 0.0640625
2 0.615625 0.36015625 0.0296875 0.084375
2 0.56640625 0.375 0.0375 0.071875
2 0.2046875 0.26328125 0.046875 0.046875
2 0.2984375 0.2703125 0.0421875 0.040625
2 0.37734375 0.271875 0.0515625 0.04375
2 0.37734375 0.33125 0.0390625 0.0359375
2 0.36640625 0.4 0.0390625 0.0375
2 0.0921875 0.36875 0.0515625 0.0390625
2 0.34609375 0.7984375 0.0265625 0.0765625
2 0.37578125 0.83515625 0.03125 0.0859375
2 0.69453125 0.68828125 0.0359375 0.034375
2 0.67734375 0.6296875 0.0421875 0.0359375
2 0.68359375 0.57578125 0.04375 0.0359375
2 0.76484375 0.63828125 0.05 0.0359375
2 0.928125 0.79453125 0.05 0.0390625
4 0.6265625 0.42890625 0.0171875 0.0390625
4 0.5984375 0.47265625 0.015625 0.0359375
4 0.58046875 0.53125 0.0125 0.04375
4 0.80625 0.6046875 0.0265625 0.04375
4 0.63984375 0.684375 0.0234375 0.0265625
4 0.6703125 0.7328125 0.0234375 0.0265625
4 0.621875 0.71640625 0.0234375 0.0203125
4 0.63671875 0.7296875 0.0234375 0.0234375
4 0.4875 0.8296875 0.0171875 0.0359375
4 0.375 0.43203125 0.025 0.021875