4 0.45390625 0.18359375 0.025 0.0375
4 0.37265625 0.1890625 0.021875 0.040625
4 0.36796875 0.1484375 0.0203125 0.0390625
4 0.3609375 0.0984375 0.025 0.0375
4 0.19765625 0.50234375 0.025 0.025
9 0.53984375 0.16484375 0.05 0.0984375
9 0.6046875 0.73828125 0.046875 0.0984375
9 0.5484375 0.85390625 0.0515625 0.1046875
9 0.521875 0.69296875 0.053125 0.1015625
9 0.428125 0.4359375 0.0578125 0.0734375
9 0.29140625 0.52890625 0.0578125 0.0609375
9 0.23046875 0.52421875 0.0609375 0.05
9 0.303125 0.5953125 0.0578125 0.053125
9 0.30546875 0.6421875 0.059375 0.0515625
9 0.24296875 0.634375 0.0625 0.0609375
9 0.16796875 0.63671875 0.06875 0.0625
2 0.6625 0.29453125 0.0578125 0.0546875
9 0.89140625 0.40859375 0.0625 0.046875
2 0.64609375 0.4078125 0.0546875 0.053125
2 0.54765625 0.40859375 0.04375 0.078125
2 0.44921875 0.103125 0.04375 0.0921875
2 0.41484375 0.0609375 0.046875 0.0859375
2 0.3875 0.1125 0.0375 0.075
2 0.375 0.03046875 0.046875 0.0609375
2 0.1578125 0.27734375 0.0609375 0.0578125
2 0.0328125 0.3171875 0.028125 0.0515625
2 0.3546875 0.35234375 0.0546875 0.05625
0 0.5640625 0.72421875 0.0734375 0.1359375
0 0.7609375 0.30078125 0.0984375 0.0796875
12 0.7671875 0.40078125 0.184375 0.1125
2 0.803125 0.35390625 0.053125 0.04375