0 0.68828125 0.64375 0.075 0.06875
0 0.121875 0.515625 0.0734375 0.0625
9 0.41171875 0.17890625 0.0578125 0.096875
9 0.4734375 0.18359375 0.053125 0.096875
9 0.43828125 0.1296875 0.05625 0.103125
9 0.23359375 0.5265625 0.0625 0.0515625
9 0.9796875 0.24375 0.040625 0.040625
9 0.9125 0.3375 0.0734375 0.0625
9 0.9796875 0.46484375 0.040625 0.0453125
9 0.86171875 0.45 0.0609375 0.0515625
9 0.80390625 0.4421875 0.0578125 0.053125
9 0.734375 0.434375 0.0609375 0.046875
9 0.7328125 0.38671875 0.065625 0.0546875
9 0.46796875 0.63984375 0.05625 0.0953125
2 0.471875 0.06875 0.046875 0.0828125
2 0.525 0.24375 0.06875 0.0734375
2 0.415625 0.3390625 0.046875 0.0875
2 0.4609375 0.3640625 0.05 0.0765625
2 0.83828125 0.3296875 0.0546875 0.0546875
2 0.74453125 0.3171875 0.05 0.0484375
2 0.6671875 0.30234375 0.059375 0.053125
2 0.6546875 0.36015625 0.0453125 0.0421875
2 0.6515625 0.4296875 0.046875 0.0453125
2 0.9265625 0.45625 0.0578125 0.0484375
2 0.58828125 0.82421875 0.0421875 0.0796875
2 0.5515625 0.85390625 0.0484375 0.090625
2 0.2703125 0.64375 0.0421875 0.040625
2 0.29921875 0.58984375 0.0484375 0.04375
2 0.3046875 0.5359375 0.05 0.0453125
2 0.2125 0.58046875 0.05625 0.046875
2 0.02421875 0.69921875 0.0484375 0.0484375
4 0.390625 0.40390625 0.025 0.040625
4 0.409375 0.453125 0.0234375 0.0390625
4 0.41484375 0.5140625 0.021875 0.0453125
4 0.17890625 0.5390625 0.034375 0.0484375
4 0.325 0.6515625 0.0296875 0.0296875
4 0.28515625 0.6921875 0.028125 0.03125
4 0.3359375 0.68671875 0.0265625 0.0234375
4 0.31875 0.69609375 0.028125 0.028125
4 0.44375 0.825 0.0234375 0.0375
4 0.63671875 0.459375 0.0296875 0.0265625