4 0.61171875 0.4125 0.025 0.025
4 0.4609375 0.61953125 0.0234375 0.0375
4 0.434375 0.56015625 0.0234375 0.0453125
4 0.39765625 0.5234375 0.0234375 0.040625
4 0.2140625 0.64921875 0.025 0.0375
4 0.36640625 0.75703125 0.028125 0.028125
4 0.38984375 0.70078125 0.028125 0.0328125
4 0.4140625 0.734375 0.0296875 0.0265625
4 0.4 0.74921875 0.0265625 0.0296875
9 0.33671875 0.23671875 0.05 0.096875
9 0.3359375 0.3140625 0.0546875 0.0984375
9 0.38984375 0.265625 0.0484375 0.0890625
9 0.82734375 0.19609375 0.071875 0.0546875
9 0.765625 0.07421875 0.0609375 0.0578125
9 0.94609375 0.2890625 0.0578125 0.0453125
9 0.57265625 0.753125 0.046875 0.0875
9 0.81953125 0.321875 0.0625 0.05
9 0.7625 0.33359375 0.05625 0.0484375
9 0.67578125 0.30859375 0.065625 0.0578125
9 0.69609375 0.35234375 0.0625 0.05625
2 0.7546875 0.2203125 0.0546875 0.0453125
2 0.66171875 0.23828125 0.0453125 0.0453125
2 0.5859375 0.253125 0.0578125 0.0546875
2 0.59296875 0.31640625 0.05 0.0484375
2 0.61640625 0.3796875 0.046875 0.0453125
2 0.88203125 0.30703125 0.0578125 0.0484375
2 0.696875 0.76953125 0.0375 0.071875
2 0.66796875 0.79140625 0.04375 0.0828125
2 0.47265625 0.4625 0.05 0.0671875
2 0.3984375 0.453125 0.04375 0.08125
2 0.33984375 0.1515625 0.040625 0.0796875
2 0.24296875 0.09765625 0.0453125 0.0859375
2 0.43671875 0.21171875 0.0515625 0.090625
2 0.3296875 0.603125 0.053125 0.0453125
2 0.34375 0.65703125 0.0546875 0.046875
2 0.259375 0.6765625 0.0546875 0.0484375
2 0.3375 0.7125 0.0453125 0.04375
2 0.2078125 0.8625 0.0546875 0.046875
9 0.053125 0.73203125 0.0515625 0.046875
0 0.15234375 0.65 0.071875 0.059375
0 0.8 0.5578125 0.0671875 0.0578125
9 0.2671875 0.0765625 0.05625 0.0953125