4 0.63203125 0.20859375 0.025 0.0359375
4 0.7078125 0.2359375 0.0203125 0.040625
4 0.7234375 0.1984375 0.01875 0.0375
4 0.74453125 0.15234375 0.0234375 0.0359375
4 0.78984375 0.5859375 0.025 0.025
9 0.5546875 0.16640625 0.046875 0.0984375
9 0.33359375 0.7 0.04375 0.096875
9 0.35625 0.82734375 0.0484375 0.103125
9 0.42578125 0.6796875 0.05 0.1
9 0.58671875 0.4578125 0.05625 0.071875
9 0.69296875 0.58515625 0.05625 0.059375
9 0.75234375 0.59765625 0.059375 0.0484375
9 0.66328125 0.64609375 0.05625 0.0515625
9 0.64765625 0.690625 0.059375 0.0484375
9 0.71015625 0.7 0.0609375 0.059375
9 0.78125 0.72265625 0.0671875 0.059375
2 0.40078125 0.2578125 0.05625 0.053125
9 0.1484375 0.30390625 0.0625 0.0453125
2 0.38515625 0.37109375 0.053125 0.053125
2 0.4796875 0.39921875 0.0421875 0.078125
2 0.65859375 0.13203125 0.040625 0.0921875
2 0.703125 0.1015625 0.04375 0.0859375
2 0.71484375 0.15859375 0.0359375 0.075
2 0.7515625 0.07109375 0.04375 0.084375
2 0.88984375 0.38046875 0.059375 0.05625
2 0.99296875 0.4515625 0.0140625 0.05
2 0.68046875 0.39765625 0.053125 0.0546875
0 0.3765625 0.6984375 0.0703125 0.134375
0 0.30390625 0.23671875 0.096875 0.0765625
12 0.2703125 0.33125 0.1828125 0.1078125
2 0.2484375 0.2765625 0.053125 0.0421875