4 0.3640625 0.465625 0.025 0.028125
4 0.109375 0.6796875 0.028125 0.028125
4 0.56953125 0.64296875 0.0234375 0.034375
4 0.5890625 0.4375 0.025 0.04375
4 0.59609375 0.384375 0.025 0.0390625
4 0.60546875 0.33203125 0.021875 0.0390625
4 0.8203125 0.5296875 0.028125 0.040625
4 0.71953125 0.68828125 0.028125 0.028125
4 0.67890625 0.65234375 0.0328125 0.034375
4 0.66640625 0.68359375 0.0234375 0.0234375
4 0.6859375 0.69296875 0.028125 0.028125
9 0.5390625 0.51875 0.0578125 0.0921875
9 0.5234375 0.13203125 0.0546875 0.103125
9 0.55234375 0.06875 0.0546875 0.09375
9 0.584375 0.0984375 0.0625 0.1078125
9 0.76796875 0.52265625 0.0640625 0.0578125
9 0.084375 0.34375 0.071875 0.05625
9 0.01796875 0.475 0.0359375 0.046875
9 0.13828125 0.459375 0.0625 0.0515625
9 0.19609375 0.4484375 0.059375 0.0515625
9 0.26484375 0.390625 0.065625 0.053125
9 0.26328125 0.4375 0.0609375 0.053125
2 0.41875 0.825 0.04375 0.08125
2 0.4515625 0.878125 0.0484375 0.0875
2 0.16015625 0.33828125 0.0546875 0.0453125
2 0.25546875 0.321875 0.046875 0.0453125
2 0.33046875 0.30703125 0.0625 0.0578125
2 0.34140625 0.36328125 0.053125 0.05625
2 0.3453125 0.42890625 0.0546875 0.053125
2 0.07265625 0.4671875 0.059375 0.0515625
2 0.49609375 0.25234375 0.065625 0.0671875
2 0.5484375 0.28046875 0.0515625 0.0859375
2 0.584375 0.26171875 0.046875 0.08125
2 0.52421875 0.028125 0.0484375 0.05625
2 0.69609375 0.5328125 0.0546875 0.046875
2 0.790625 0.57421875 0.059375 0.0546875
2 0.70234375 0.58828125 0.053125 0.0515625
2 0.73125 0.6390625 0.046875 0.046875
0 0.38125 0.6046875 0.0765625 0.0890625
0 0.87734375 0.5109375 0.075 0.065625