4 0.63671875 0.46640625 0.028125 0.034375
4 0.41875 0.9296875 0.0234375 0.0453125
4 0.40859375 0.8578125 0.0234375 0.0390625
4 0.4140625 0.98125 0.015625 0.0265625
4 0.271875 0.6796875 0.0265625 0.03125
4 0.3140625 0.63828125 0.028125 0.028125
4 0.32421875 0.67578125 0.0265625 0.025
4 0.30546875 0.6875 0.0265625 0.028125
4 0.17578125 0.51875 0.0296875 0.040625
4 0.40390625 0.1046875 0.025 0.0375
9 0.46015625 0.12421875 0.0546875 0.09375
9 0.42734375 0.01640625 0.0484375 0.0328125
9 0.45703125 0.3234375 0.0578125 0.0953125
9 0.45625 0.5421875 0.053125 0.0890625
9 0.565625 0.5359375 0.0609375 0.0734375
9 0.4234375 0.71796875 0.0640625 0.1
9 0.09296875 0.54375 0.0625 0.05625
9 0.23125 0.5078125 0.0671875 0.0578125
9 0.0171875 0.65859375 0.034375 0.0484375
9 0.91953125 0.35859375 0.0796875 0.065625
9 0.97890625 0.4890625 0.0421875 0.05625
9 0.8625 0.46796875 0.0625 0.053125
9 0.80234375 0.4546875 0.0578125 0.0484375
9 0.7390625 0.39609375 0.065625 0.05625
9 0.73671875 0.44453125 0.0609375 0.05625
2 0.49296875 0.03671875 0.0515625 0.0734375
2 0.42578125 0.18671875 0.0546875 0.090625
2 0.48671875 0.2375 0.059375 0.1
2 0.49921875 0.378125 0.053125 0.0828125
2 0.421875 0.42890625 0.0515625 0.084375
2 0.56953125 0.82265625 0.04375 0.075
2 0.5328125 0.8078125 0.05 0.0890625
2 0.73828125 0.65390625 0.0640625 0.05625
2 0.92734375 0.48125 0.0609375 0.0578125
2 0.84296875 0.3484375 0.053125 0.046875
2 0.75078125 0.32578125 0.05 0.0484375
2 0.6765625 0.3078125 0.0625 0.0546875
2 0.65859375 0.36796875 0.0546875 0.05
2 0.65234375 0.43515625 0.0546875 0.053125
2 0.440625 0.88515625 0.0515625 0.078125
2 0.3015625 0.52421875 0.0515625 0.046875
2 0.29140625 0.57421875 0.053125 0.053125
2 0.20625 0.559375 0.0578125 0.05625
2 0.2640625 0.625 0.046875 0.046875
2 0.1828125 0.796875 0.0546875 0.053125
0 0.03359375 0.59140625 0.0671875 0.0890625
0 0.11953125 0.49453125 0.075 0.065625