4 0.3765625 0.43203125 0.021875 0.0296875
4 0.4671875 0.9359375 0.0140625 0.04375
4 0.4953125 0.86953125 0.0140625 0.0375
4 0.45859375 0.9875 0.009375 0.025
4 0.6734375 0.7328125 0.0203125 0.0265625
4 0.64375 0.68203125 0.0234375 0.0234375
4 0.62421875 0.715625 0.021875 0.0203125
4 0.6390625 0.73125 0.021875 0.0234375
4 0.80859375 0.60234375 0.0203125 0.0359375
4 0.6953125 0.14296875 0.0171875 0.034375
9 0.6359375 0.14765625 0.034375 0.0875
9 0.70078125 0.03125 0.034375 0.0609375
9 0.5875 0.340625 0.0359375 0.0890625
9 0.53125 0.55234375 0.034375 0.0828125
9 0.42734375 0.51796875 0.0453125 0.0640625
9 0.5171875 0.73046875 0.0421875 0.09375
9 0.88203125 0.64765625 0.053125 0.04375
9 0.7578125 0.57734375 0.0578125 0.04375
9 0.9609375 0.7875 0.0640625 0.034375
9 0.13125 0.2546875 0.06875 0.05
9 0.02890625 0.3625 0.0578125 0.04375
9 0.15859375 0.375 0.053125 0.040625
9 0.21953125 0.378125 0.05 0.0375
9 0.29609375 0.3375 0.0578125 0.04375
9 0.2859375 0.38515625 0.0515625 0.04375
2 0.62734375 0.04765625 0.03125 0.0828125
2 0.653125 0.21640625 0.034375 0.084375
2 0.58046875 0.25 0.0359375 0.09375
2 0.53203125 0.38203125 0.0359375 0.0765625
2 0.59375 0.4515625 0.0328125 0.0796875
2 0.34921875 0.79375 0.028125 0.0703125
2 0.38828125 0.7890625 0.0296875 0.084375
2 0.2296875 0.58671875 0.0546875 0.04375
2 0.0921875 0.37109375 0.05 0.046875
2 0.2078125 0.26484375 0.0453125 0.0359375
2 0.303125 0.2671875 0.040625 0.0390625
2 0.37890625 0.26875 0.053125 0.04375
2 0.38125 0.33125 0.0453125 0.0390625
2 0.36953125 0.39765625 0.0453125 0.04375
2 0.4578125 0.8875 0.034375 0.071875
2 0.68515625 0.575 0.04375 0.0375
2 0.68203125 0.62578125 0.04375 0.04375
2 0.76796875 0.63359375 0.0484375 0.046875
2 0.6953125 0.68203125 0.0390625 0.0390625
2 0.7296875 0.86875 0.04375 0.04375
0 0.94921875 0.715625 0.1015625 0.065625
0 0.86875 0.59296875 0.065625 0.0515625