0 0.86875 0.59375 0.065625 0.046875
0 0.95625 0.7140625 0.0875 0.0625
9 0.7578125 0.575 0.0578125 0.0421875
9 0.5578125 0.45703125 0.034375 0.0875
9 0.6109375 0.26171875 0.0359375 0.0921875
9 0.653125 0.06796875 0.034375 0.09375
9 0.13203125 0.253125 0.0625 0.0453125
9 0.29609375 0.3359375 0.0578125 0.04375
9 0.284375 0.38125 0.0515625 0.040625
9 0.21875 0.3765625 0.0515625 0.0390625
9 0.159375 0.37578125 0.05625 0.0421875
9 0.028125 0.36171875 0.0515625 0.040625
9 0.55234375 0.5984375 0.0359375 0.09375
9 0.4671875 0.45625 0.04375 0.0765625
2 0.09296875 0.371875 0.0484375 0.04375
2 0.20703125 0.2625 0.046875 0.034375
2 0.30078125 0.26640625 0.0421875 0.04375
2 0.37890625 0.2703125 0.05 0.04375
2 0.37890625 0.33046875 0.040625 0.0390625
2 0.36796875 0.39921875 0.04375 0.040625
2 0.315625 0.58203125 0.05 0.0421875
2 0.34921875 0.7921875 0.028125 0.0703125
2 0.3890625 0.7875 0.034375 0.0828125
2 0.5015625 0.746875 0.0328125 0.08125
2 0.56015625 0.31015625 0.0328125 0.078125
2 0.54140625 0.04765625 0.03125 0.0859375
2 0.59609375 0.18125 0.034375 0.0953125
2 0.67734375 0.11875 0.03125 0.0828125
2 0.62265625 0.3390625 0.0328125 0.08125
2 0.68671875 0.57421875 0.04375 0.0375
2 0.7671875 0.63203125 0.0515625 0.04375
2 0.68125 0.628125 0.0484375 0.034375
2 0.696875 0.684375 0.0390625 0.0390625
2 0.62578125 0.95546875 0.04375 0.0578125
2 0.8140625 0.82421875 0.0484375 0.04375
9 0.90078125 0.65 0.053125 0.04375
4 0.80703125 0.60234375 0.021875 0.034375
4 0.6734375 0.73125 0.0203125 0.0203125
4 0.64296875 0.68125 0.0234375 0.03125
4 0.62421875 0.7140625 0.0234375 0.0203125
4 0.63984375 0.728125 0.0203125 0.028125
4 0.52734375 0.77109375 0.0125 0.0390625
4 0.496875 0.8296875 0.01875 0.04375
4 0.48671875 0.88203125 0.0140625 0.0453125
4 0.71875 0.04453125 0.0140625 0.0421875
4 0.3765625 0.43125 0.025 0.0203125