4 0.37578125 0.434375 0.021875 0.0296875
4 0.475 0.93671875 0.0140625 0.04375
4 0.5015625 0.86953125 0.0140625 0.0375
4 0.4671875 0.9875 0.009375 0.025
4 0.67734375 0.7296875 0.021875 0.0265625
4 0.646875 0.6796875 0.0234375 0.0234375
4 0.628125 0.71328125 0.021875 0.0203125
4 0.64296875 0.72890625 0.021875 0.0234375
4 0.81015625 0.596875 0.0203125 0.0375
4 0.6890625 0.13984375 0.0171875 0.034375
9 0.6296875 0.1453125 0.034375 0.0875
9 0.6921875 0.02890625 0.034375 0.0578125
9 0.584375 0.3390625 0.0375 0.0890625
9 0.53203125 0.5515625 0.034375 0.0828125
9 0.42734375 0.51953125 0.046875 0.0640625
9 0.52109375 0.73046875 0.04375 0.09375
9 0.884375 0.640625 0.053125 0.0453125
9 0.759375 0.57265625 0.0578125 0.0453125
9 0.965625 0.7796875 0.0640625 0.034375
9 0.12734375 0.2609375 0.0703125 0.0515625
9 0.02734375 0.3703125 0.0546875 0.04375
9 0.15625 0.38125 0.053125 0.0421875
9 0.2171875 0.3828125 0.05 0.0390625
9 0.29296875 0.34140625 0.0578125 0.04375
9 0.28359375 0.3890625 0.0515625 0.0453125
2 0.61953125 0.0453125 0.03125 0.0828125
2 0.6484375 0.2140625 0.0359375 0.084375
2 0.57578125 0.2484375 0.0375 0.09375
2 0.5296875 0.38125 0.0359375 0.0765625
2 0.59296875 0.45 0.034375 0.0796875
2 0.3546875 0.79609375 0.028125 0.0703125
2 0.39296875 0.790625 0.0296875 0.084375
2 0.23125 0.59140625 0.0546875 0.04375
2 0.08984375 0.378125 0.0515625 0.046875
2 0.20390625 0.2703125 0.046875 0.0375
2 0.29921875 0.2703125 0.0421875 0.0390625
2 0.375 0.27109375 0.053125 0.04375
2 0.378125 0.33359375 0.0453125 0.040625
2 0.36796875 0.4 0.0453125 0.04375
2 0.46484375 0.88828125 0.0359375 0.071875
2 0.68671875 0.571875 0.04375 0.0375
2 0.684375 0.62265625 0.04375 0.04375
2 0.7703125 0.62890625 0.0484375 0.046875
2 0.6984375 0.67890625 0.0390625 0.0390625
2 0.7359375 0.86484375 0.0453125 0.04375
0 0.95078125 0.70703125 0.0984375 0.0671875
0 0.8703125 0.58671875 0.065625 0.0515625