4 0.375 0.4359375 0.0203125 0.025
4 0.07890625 0.5875 0.021875 0.025
4 0.5359375 0.6546875 0.0171875 0.03125
4 0.60078125 0.459375 0.015625 0.0421875
4 0.61953125 0.40859375 0.0171875 0.0375
4 0.640625 0.36015625 0.0140625 0.0375
4 0.80546875 0.60078125 0.0203125 0.0375
4 0.671875 0.7328125 0.0234375 0.0234375
4 0.63984375 0.68828125 0.0265625 0.028125
4 0.62109375 0.71640625 0.0203125 0.0203125
4 0.6375 0.7296875 0.0234375 0.0234375
9 0.53359375 0.52734375 0.0390625 0.0859375
9 0.60546875 0.146875 0.034375 0.0984375
9 0.6484375 0.09140625 0.0359375 0.0875
9 0.67265625 0.128125 0.040625 0.1015625
9 0.75625 0.58203125 0.0546875 0.046875
9 0.13046875 0.2546875 0.0640625 0.04375
9 0.02578125 0.365625 0.0515625 0.0375
9 0.15703125 0.37890625 0.05625 0.040625
9 0.215625 0.38125 0.0515625 0.040625
9 0.2953125 0.340625 0.0578125 0.040625
9 0.28359375 0.3859375 0.053125 0.04375
2 0.34765625 0.7984375 0.028125 0.0765625
2 0.36796875 0.8578125 0.03125 0.0828125
2 0.20546875 0.26640625 0.0484375 0.0359375
2 0.3015625 0.27109375 0.0390625 0.0375
2 0.378125 0.27421875 0.053125 0.046875
2 0.3765625 0.33125 0.04375 0.046875
2 0.365625 0.39609375 0.0453125 0.04375
2 0.090625 0.371875 0.0515625 0.040625
2 0.5515625 0.2578125 0.0546875 0.05625
2 0.596875 0.296875 0.034375 0.08125
2 0.6359375 0.28671875 0.03125 0.0765625
2 0.63203125 0.0359375 0.034375 0.0703125
2 0.68359375 0.57578125 0.046875 0.0359375
2 0.76640625 0.6375 0.0515625 0.04375
2 0.67734375 0.63125 0.0453125 0.04375
2 0.69375 0.6875 0.040625 0.0390625
0 0.3609375 0.575 0.0609375 0.078125
0 0.865625 0.5953125 0.065625 0.0515625