2 0.3 0.26875 0.0390625 0.040625
2 0.3796875 0.3328125 0.0453125 0.0421875
2 0.36640625 0.39921875 0.04375 0.0390625
2 0.6328125 0.16640625 0.0296875 0.084375
2 0.59140625 0.2125 0.0359375 0.0953125
2 0.66171875 0.17578125 0.0296875 0.0796875
2 0.34765625 0.92890625 0.0296875 0.078125
2 0.34765625 0.79921875 0.028125 0.0734375
2 0.68359375 0.57578125 0.046875 0.0421875
2 0.678125 0.628125 0.0484375 0.0375
2 0.76484375 0.6375 0.046875 0.0375
2 0.6921875 0.684375 0.04375 0.034375
2 0.0921875 0.36875 0.0484375 0.0390625
2 0.2046875 0.26328125 0.05 0.0375
9 0.13125 0.25625 0.0640625 0.04375
9 0.02734375 0.36328125 0.0546875 0.0421875
9 0.15703125 0.37734375 0.05625 0.0375
9 0.215625 0.37890625 0.0515625 0.0390625
9 0.2953125 0.3375 0.05625 0.04375
9 0.28359375 0.3875 0.053125 0.0390625
9 0.69140625 0.05625 0.0375 0.103125
9 0.66640625 0.03125 0.0265625 0.0625
9 0.63046875 0.04296875 0.03125 0.0859375
9 0.7578125 0.57890625 0.0578125 0.04375
9 0.58515625 0.3359375 0.0359375 0.09375
0 0.46796875 0.4609375 0.0578125 0.0953125
0 0.86640625 0.59296875 0.06875 0.05
4 0.8046875 0.60703125 0.021875 0.0421875
4 0.63984375 0.68671875 0.0234375 0.0265625
4 0.621875 0.71796875 0.021875 0.015625
4 0.63671875 0.73046875 0.0234375 0.0265625
4 0.66875 0.728125 0.0234375 0.0265625
4 0.221875 0.6 0.0265625 0.025
4 0.31171875 0.57421875 0.0265625 0.0296875
4 0.37421875 0.43125 0.021875 0.0265625
4 0.615625 0.36328125 0.0171875 0.0328125
4 0.634375 0.33828125 0.0140625 0.0328125
4 0.653125 0.3 0.0203125 0.034375
4 0.6734375 0.22578125 0.0140625 0.0390625
2 0.378125 0.271875 0.053125 0.046875