2 0.046875 0.66953125 0.0484375 0.053125
2 0.20234375 0.6453125 0.0625 0.05
2 0.415625 0.56875 0.0484375 0.0578125
2 0.41796875 0.828125 0.0421875 0.06875
2 0.45390625 0.81015625 0.05 0.09375
2 0.46875 0.565625 0.0546875 0.0703125
2 0.4953125 0.39296875 0.0609375 0.0875
2 0.159375 0.3359375 0.0546875 0.046875
2 0.0703125 0.465625 0.0609375 0.059375
2 0.02421875 0.24609375 0.0484375 0.0578125
2 0.25390625 0.32109375 0.05 0.0484375
2 0.32734375 0.30546875 0.059375 0.053125
2 0.34375 0.3625 0.0484375 0.046875
2 0.34609375 0.4328125 0.0546875 0.0515625
2 0.58125 0.2421875 0.053125 0.0875
2 0.86640625 0.065625 0.0578125 0.090625
2 0.96015625 0.496875 0.065625 0.0546875
2 0.978125 0.54921875 0.04375 0.0484375
2 0.91484375 0.56484375 0.059375 0.0515625
2 0.7875 0.57421875 0.05625 0.05
2 0.6953125 0.534375 0.05625 0.046875
2 0.703125 0.58515625 0.05625 0.053125
2 0.728125 0.63671875 0.0484375 0.046875
9 0.54609375 0.425 0.0546875 0.1
9 0.55703125 0.14140625 0.0578125 0.1046875
9 0.76640625 0.51953125 0.0640625 0.0546875
9 0.5296875 0.965625 0.05 0.06875
9 0.3484375 0.67265625 0.0625 0.0484375
9 0.1875 0.7109375 0.0625 0.0546875
9 0.265625 0.39140625 0.071875 0.0640625
9 0.26171875 0.43828125 0.0609375 0.0515625
9 0.0859375 0.3453125 0.0734375 0.0625
9 0.01796875 0.47265625 0.0359375 0.0515625
9 0.05390625 0.4109375 0.065625 0.053125
9 0.1359375 0.4578125 0.0625 0.0609375
9 0.19609375 0.44609375 0.0625 0.053125
9 0.17734375 0.1390625 0.0640625 0.0703125
9 0.84921875 0.5671875 0.0609375 0.0546875
0 0.88046875 0.50859375 0.078125 0.0703125
0 0.92265625 0.62109375 0.1171875 0.0890625
4 0.82265625 0.5375 0.03125 0.046875
4 0.7203125 0.68671875 0.03125 0.0359375
4 0.6796875 0.64609375 0.028125 0.0375
4 0.6671875 0.68515625 0.0265625 0.03125
4 0.68828125 0.69765625 0.0328125 0.034375
4 0.56796875 0.87109375 0.025 0.0453125
4 0.553125 0.0203125 0.028125 0.040625
4 0.36171875 0.4609375 0.03125 0.03125
4 0.7984375 0.80546875 0.0359375 0.04375