4 0.6046875 0.44765625 0.015625 0.04375
4 0.3765625 0.43359375 0.025 0.0234375
4 0.54453125 0.696875 0.015625 0.040625
4 0.63984375 0.684375 0.0234375 0.028125
4 0.671875 0.7328125 0.0234375 0.0265625
4 0.6234375 0.71875 0.0203125 0.0203125
4 0.63984375 0.72734375 0.0203125 0.0203125
4 0.80625 0.603125 0.0203125 0.04375
9 0.55859375 0.55 0.0375 0.078125
9 0.490625 0.515625 0.046875 0.071875
9 0.29609375 0.3375 0.059375 0.040625
9 0.2828125 0.38359375 0.053125 0.04375
9 0.21640625 0.3765625 0.053125 0.04375
9 0.1578125 0.378125 0.0546875 0.0375
9 0.10625 0.58203125 0.05625 0.0421875
9 0.02734375 0.36015625 0.0546875 0.04375
9 0.1296875 0.2578125 0.0640625 0.0484375
9 0.65703125 0.08203125 0.0359375 0.09375
9 0.7578125 0.58125 0.05625 0.0515625
9 0.83046875 0.64375 0.0546875 0.04375
2 0.90859375 0.65625 0.053125 0.0421875
2 0.6828125 0.578125 0.046875 0.0390625
2 0.76640625 0.63828125 0.0515625 0.04375
2 0.6796875 0.628125 0.0453125 0.0421875
2 0.69375 0.68671875 0.040625 0.0390625
2 0.509375 0.4 0.0359375 0.0625
2 0.5703125 0.34375 0.0328125 0.0765625
2 0.6046875 0.15 0.034375 0.084375
2 0.5 0.7734375 0.0296875 0.084375
2 0.38671875 0.78984375 0.03125 0.0859375
2 0.34921875 0.79765625 0.025 0.0671875
2 0.39296875 0.55546875 0.0515625 0.053125
2 0.26015625 0.59765625 0.046875 0.0421875
2 0.08984375 0.36875 0.05 0.05
2 0.2078125 0.26484375 0.0515625 0.0421875
2 0.30078125 0.26875 0.0390625 0.040625
2 0.37734375 0.26953125 0.05 0.046875
2 0.3796875 0.33203125 0.0453125 0.0375
2 0.365625 0.39921875 0.04375 0.04375
2 0.98125 0.6625 0.0375 0.040625
0 0.8671875 0.596875 0.065625 0.059375
0 0.90703125 0.71484375 0.1078125 0.06875
9 0.62109375 0.94765625 0.0515625 0.0578125