4 0.3234375 0.89453125 0.021875 0.0484375
12 0.159375 0.94609375 0.0609375 0.1078125
0 0.86796875 0.7140625 0.109375 0.0765625
0 0.86328125 0.59765625 0.065625 0.0484375
10 0.58671875 0.21875 0.09375 0.2796875
2 0.34609375 0.796875 0.0296875 0.06875
2 0.384375 0.790625 0.03125 0.0875
2 0.4828125 0.82109375 0.0296875 0.078125
2 0.396875 0.55625 0.0484375 0.046875
2 0.2234375 0.6 0.04375 0.034375
2 0.2890625 0.63828125 0.0421875 0.0328125
2 0.20234375 0.26328125 0.046875 0.0390625
2 0.0890625 0.36953125 0.05 0.040625
2 0.29921875 0.26875 0.0359375 0.034375
2 0.37421875 0.27265625 0.05 0.04375
2 0.3765625 0.33515625 0.040625 0.046875
2 0.365625 0.40390625 0.040625 0.03125
2 0.68359375 0.57734375 0.046875 0.0390625
2 0.67890625 0.62734375 0.0453125 0.0375
2 0.6921875 0.6875 0.0390625 0.0375
2 0.7640625 0.640625 0.0453125 0.04375
2 0.8890625 0.659375 0.0515625 0.0421875
2 0.9515625 0.6640625 0.0484375 0.0390625
2 0.9421875 0.6 0.0578125 0.040625
9 0.825 0.64375 0.059375 0.04375
9 0.97578125 0.71875 0.0484375 0.04375
9 0.60078125 0.4125 0.0359375 0.0984375
9 0.53984375 0.5203125 0.03125 0.0859375
9 0.63515625 0.17421875 0.0359375 0.0828125
9 0.128125 0.253125 0.0640625 0.0375
9 0.15546875 0.31953125 0.0515625 0.0390625
9 0.15390625 0.37578125 0.0546875 0.04375
9 0.2140625 0.378125 0.053125 0.0390625
9 0.29375 0.340625 0.059375 0.0421875
9 0.28046875 0.3828125 0.053125 0.04375
9 0.025 0.36328125 0.05 0.0390625
9 0.06953125 0.615625 0.0546875 0.0421875
9 0.34375 0.93125 0.0390625 0.0890625
9 0.7546875 0.58046875 0.0546875 0.046875
9 0.190625 0.12734375 0.0625 0.053125
4 0.37265625 0.43203125 0.021875 0.025
4 0.63984375 0.6875 0.0234375 0.03125
4 0.6703125 0.734375 0.0234375 0.028125
4 0.621875 0.71796875 0.021875 0.015625
4 0.6375 0.73046875 0.0234375 0.0203125
4 0.8046875 0.60625 0.0234375 0.0421875
4 0.57109375 0.371875 0.0171875 0.034375