2 0.021875 0.571875 0.040625 0.046875
2 0.17890625 0.58046875 0.05625 0.040625
2 0.403125 0.54921875 0.0390625 0.0515625
2 0.3515625 0.80390625 0.0296875 0.065625
2 0.390625 0.79375 0.0328125 0.0890625
2 0.45546875 0.5578125 0.0421875 0.0640625
2 0.51796875 0.39453125 0.0453125 0.0796875
2 0.20078125 0.26875 0.0484375 0.0390625
2 0.08671875 0.3765625 0.053125 0.05
2 0.08046875 0.15078125 0.0546875 0.0484375
2 0.296875 0.2734375 0.0421875 0.040625
2 0.371875 0.27421875 0.0515625 0.04375
2 0.37578125 0.33359375 0.0421875 0.0390625
2 0.36328125 0.40234375 0.046875 0.04375
2 0.63359375 0.26484375 0.0375 0.0828125
2 0.9484375 0.1515625 0.0421875 0.084375
2 0.95078125 0.59296875 0.0578125 0.04375
2 0.9625 0.64921875 0.0484375 0.040625
2 0.8921875 0.64921875 0.0515625 0.0421875
2 0.765625 0.63203125 0.0484375 0.0421875
2 0.684375 0.57421875 0.0484375 0.0390625
2 0.68125 0.62578125 0.046875 0.0453125
2 0.69453125 0.68125 0.040625 0.0390625
9 0.5609375 0.43671875 0.0375 0.09375
9 0.6296875 0.1609375 0.0375 0.0984375
9 0.75703125 0.57421875 0.05625 0.04375
9 0.43125 0.96484375 0.0375 0.0703125
9 0.315625 0.6375 0.05625 0.0390625
9 0.15078125 0.64140625 0.0546875 0.04375
9 0.29296875 0.3453125 0.0625 0.0515625
9 0.2796875 0.38984375 0.053125 0.0421875
9 0.12734375 0.2625 0.065625 0.05
9 0.02421875 0.37109375 0.0484375 0.0421875
9 0.08203125 0.31953125 0.059375 0.0421875
9 0.15234375 0.38359375 0.053125 0.0515625
9 0.2140625 0.38359375 0.0546875 0.0421875
9 0.26015625 0.0796875 0.053125 0.0609375
9 0.82734375 0.63828125 0.0515625 0.0453125
0 0.8703125 0.5875 0.06875 0.0578125
0 0.88828125 0.70625 0.1046875 0.0703125
4 0.8078125 0.60390625 0.021875 0.04375
4 0.6765625 0.728125 0.0265625 0.03125
4 0.6453125 0.68046875 0.0203125 0.034375
4 0.625 0.715625 0.021875 0.0265625
4 0.64296875 0.7328125 0.0265625 0.0296875
4 0.4890625 0.8765625 0.015625 0.04375
4 0.65234375 0.0421875 0.0203125 0.0390625
4 0.37265625 0.43359375 0.0265625 0.0265625
4 0.728125 0.8609375 0.028125 0.0390625