4 0.6421875 0.35 0.0140625 0.046875
4 0.81015625 0.60625 0.021875 0.0390625
4 0.6421875 0.68125 0.0265625 0.0265625
4 0.67265625 0.73125 0.021875 0.0203125
4 0.64140625 0.7296875 0.0203125 0.0265625
4 0.62265625 0.71328125 0.0234375 0.03125
4 0.3765625 0.43203125 0.0234375 0.0234375
9 0.13203125 0.2546875 0.0640625 0.04375
9 0.02890625 0.3625 0.053125 0.0375
9 0.159375 0.375 0.0546875 0.04375
9 0.21640625 0.37890625 0.05 0.034375
9 0.29765625 0.3390625 0.059375 0.046875
9 0.28671875 0.3859375 0.0546875 0.04375
9 0.3234375 0.58125 0.0546875 0.046875
9 0.52421875 0.49375 0.046875 0.08125
9 0.590625 0.30078125 0.0359375 0.090625
9 0.6546875 0.21171875 0.0359375 0.0953125
9 0.7578125 0.5796875 0.0578125 0.05
9 0.853125 0.64453125 0.0515625 0.0390625
9 0.8125 0.81640625 0.05625 0.05
2 0.0921875 0.36875 0.0484375 0.0390625
2 0.20703125 0.26171875 0.046875 0.04375
2 0.303125 0.26796875 0.0421875 0.0453125
2 0.37734375 0.27265625 0.05 0.046875
2 0.38125 0.33125 0.040625 0.0390625
2 0.36875 0.4015625 0.0453125 0.0390625
2 0.04375 0.56953125 0.0515625 0.04375
2 0.35078125 0.79375 0.0296875 0.0703125
2 0.38671875 0.7875 0.0359375 0.0875
2 0.5296875 0.684375 0.0328125 0.0765625
2 0.44765625 0.51015625 0.04375 0.0640625
2 0.525 0.3875 0.04375 0.0765625
2 0.596875 0.42890625 0.03125 0.0828125
2 0.58984375 0.19609375 0.03125 0.0734375
2 0.6484375 0.08203125 0.0328125 0.084375
2 0.95625 0.184375 0.04375 0.078125
2 0.9515625 0.66171875 0.0515625 0.040625
2 0.6859375 0.57890625 0.0484375 0.05
2 0.76796875 0.6375 0.046875 0.04375
2 0.68046875 0.63125 0.046875 0.0390625
2 0.696875 0.6875 0.0421875 0.0375
9 0.4828125 0.7375 0.0359375 0.0890625
0 0.86953125 0.59375 0.065625 0.0515625
0 0.9359375 0.71796875 0.115625 0.075