9 0.1296875 0.25546875 0.0640625 0.046875
9 0.02734375 0.3625 0.0546875 0.0421875
9 0.15703125 0.375 0.053125 0.040625
9 0.21640625 0.37734375 0.0515625 0.040625
9 0.2953125 0.340625 0.0609375 0.046875
9 0.28515625 0.38515625 0.053125 0.0375
9 0.1859375 0.58671875 0.0546875 0.0421875
9 0.428125 0.60078125 0.0515625 0.0625
9 0.53125 0.446875 0.0421875 0.084375
9 0.59375 0.43046875 0.0390625 0.090625
9 0.75703125 0.57734375 0.0578125 0.04375
9 0.83828125 0.64375 0.05 0.0390625
9 0.67890625 0.8984375 0.0546875 0.059375
9 0.4234375 0.95546875 0.03125 0.08125
2 0.20546875 0.26328125 0.0484375 0.0390625
2 0.09453125 0.371875 0.0546875 0.04375
2 0.30078125 0.26640625 0.0375 0.0375
2 0.37890625 0.26875 0.05 0.0515625
2 0.3796875 0.33125 0.04375 0.04375
2 0.36640625 0.39765625 0.04375 0.04375
2 0.32890625 0.5921875 0.046875 0.05
2 0.4421875 0.50703125 0.0484375 0.0625
2 0.5390625 0.33515625 0.0359375 0.075
2 0.59921875 0.26015625 0.0328125 0.0859375
2 0.62734375 0.06171875 0.03125 0.08125
2 0.3484375 0.7984375 0.028125 0.071875
2 0.3890625 0.7921875 0.0359375 0.0828125
2 0.46015625 0.93671875 0.03125 0.08125
2 0.53359375 0.65546875 0.03125 0.0796875
2 0.6859375 0.57421875 0.0421875 0.0421875
2 0.6796875 0.62734375 0.0484375 0.0375
2 0.69453125 0.6875 0.0421875 0.040625
2 0.76640625 0.6375 0.04375 0.04375
2 0.91953125 0.65703125 0.05 0.0484375
4 0.5796875 0.57265625 0.0171875 0.0421875
4 0.6421875 0.29921875 0.01875 0.04375
4 0.64453125 0.684375 0.0265625 0.0359375
4 0.67421875 0.73203125 0.01875 0.03125
4 0.62109375 0.71640625 0.025 0.0234375
4 0.6390625 0.72734375 0.0265625 0.028125
4 0.80703125 0.6046875 0.0234375 0.0390625
4 0.37421875 0.43203125 0.0265625 0.0203125
0 0.91875 0.71328125 0.109375 0.0671875
0 0.86796875 0.59296875 0.065625 0.0546875