4 0.88203125 0.7390625 0.034375 0.0359375
4 0.675 0.64921875 0.03125 0.0359375
4 0.715625 0.69140625 0.0296875 0.034375
4 0.66328125 0.6890625 0.03125 0.03125
4 0.68203125 0.69609375 0.0265625 0.025
4 0.57265625 0.7125 0.0234375 0.04375
4 0.56953125 0.93125 0.0265625 0.0484375
4 0.36328125 0.46171875 0.0328125 0.03125
4 0.81796875 0.53515625 0.0296875 0.04375
0 0.878125 0.51640625 0.0796875 0.06875
0 0.925 0.62890625 0.1203125 0.0921875
9 0.7671875 0.52421875 0.0671875 0.0609375
9 0.84765625 0.57265625 0.059375 0.05
9 0.55390625 0.296875 0.053125 0.0984375
9 0.56640625 0.04375 0.0578125 0.0875
9 0.4046875 0.6390625 0.0625 0.0671875
9 0.53515625 0.821875 0.0484375 0.084375
9 0.1046875 0.20234375 0.0640625 0.0609375
9 0.02421875 0.40078125 0.0484375 0.0515625
9 0.01796875 0.46171875 0.0359375 0.0515625
9 0.08671875 0.3390625 0.071875 0.05625
9 0.140625 0.45 0.059375 0.0484375
9 0.19609375 0.4421875 0.05625 0.0484375
9 0.2625 0.4328125 0.0609375 0.0515625
9 0.2671875 0.38828125 0.065625 0.0546875
9 0.2640625 0.7 0.0609375 0.059375
2 0.44921875 0.8109375 0.0484375 0.0953125
2 0.4109375 0.8234375 0.0421875 0.078125
2 0.44453125 0.51796875 0.0484375 0.0671875
2 0.49609375 0.49453125 0.053125 0.0765625
2 0.12734375 0.65859375 0.0578125 0.0515625
2 0.07109375 0.45625 0.05625 0.053125
2 0.1609375 0.32890625 0.0578125 0.0546875
2 0.2546875 0.31640625 0.046875 0.046875
2 0.33125 0.3046875 0.059375 0.053125
2 0.34609375 0.36171875 0.0515625 0.0453125
2 0.35 0.4296875 0.053125 0.0453125
2 0.51171875 0.3171875 0.0546875 0.0890625
2 0.5953125 0.04609375 0.0515625 0.084375
2 0.80390625 0.02265625 0.0546875 0.0453125
2 0.6953125 0.53515625 0.0546875 0.046875
2 0.7 0.58984375 0.053125 0.0515625
2 0.72734375 0.64609375 0.046875 0.0484375
2 0.78671875 0.5796875 0.0546875 0.05
2 0.9140625 0.57109375 0.0515625 0.04375
2 0.9703125 0.50390625 0.059375 0.0546875
2 0.98046875 0.55703125 0.0390625 0.0484375
2 0.2796875 0.62734375 0.0625 0.0515625