9 0.5046875 0.68203125 0.04375 0.0875
9 0.29296875 0.63359375 0.0546875 0.0421875
9 0.021875 0.55703125 0.04375 0.0421875
9 0.14296875 0.2375 0.065625 0.046875
9 0.1015625 0.134375 0.0578125 0.046875
9 0.0359375 0.33671875 0.0578125 0.046875
9 0.1625 0.3578125 0.0546875 0.0453125
9 0.22265625 0.3640625 0.0515625 0.046875
9 0.290625 0.3765625 0.05625 0.0484375
9 0.30390625 0.33203125 0.059375 0.05
9 0.64375 0.20078125 0.04375 0.0953125
9 0.4359375 0.571875 0.0546875 0.0671875
9 0.8203125 0.65859375 0.0546875 0.0421875
9 0.54765625 0.98515625 0.0421875 0.0296875
9 0.75078125 0.5921875 0.0625 0.0515625
2 0.89140625 0.6765625 0.0515625 0.04375
2 0.965625 0.6875 0.05 0.0421875
2 0.678125 0.58671875 0.0515625 0.040625
2 0.75703125 0.6515625 0.0515625 0.0453125
2 0.67109375 0.63984375 0.05 0.034375
2 0.68359375 0.69609375 0.046875 0.040625
2 0.54140625 0.42109375 0.040625 0.075
2 0.48125 0.44921875 0.0390625 0.065625
2 0.440625 0.90234375 0.0328125 0.075
2 0.3703125 0.78203125 0.034375 0.084375
2 0.33203125 0.78671875 0.03125 0.0703125
2 0.18046875 0.56875 0.0484375 0.0453125
2 0.32734375 0.56640625 0.05625 0.0484375
2 0.38828125 0.26640625 0.05625 0.0453125
2 0.3859375 0.325 0.0453125 0.040625
2 0.371875 0.3921875 0.0484375 0.0453125
2 0.215625 0.25 0.053125 0.04375
2 0.31171875 0.25625 0.040625 0.0390625
2 0.09921875 0.353125 0.0515625 0.04375
2 0.59375 0.2421875 0.040625 0.084375
2 0.97109375 0.625 0.046875 0.040625
0 0.86171875 0.61640625 0.06875 0.05625
0 0.88984375 0.7375 0.1109375 0.075
4 0.5625 0.584375 0.01875 0.0421875
4 0.49453125 0.81328125 0.01875 0.04375
4 0.63125 0.690625 0.025 0.028125
4 0.659375 0.73984375 0.028125 0.025
4 0.6109375 0.72265625 0.021875 0.025
4 0.6265625 0.73828125 0.021875 0.021875
4 0.8015625 0.61875 0.025 0.0359375
4 0.91796875 0.81875 0.028125 0.0296875
4 0.37734375 0.42734375 0.0265625 0.028125