4 0.38046875 0.4234375 0.025 0.0265625
4 0.62265625 0.69375 0.0265625 0.0328125
4 0.64765625 0.746875 0.025 0.028125
4 0.615625 0.7421875 0.0234375 0.0203125
4 0.6015625 0.7265625 0.0234375 0.034375
4 0.79453125 0.6296875 0.0203125 0.0359375
4 0.62265625 0.271875 0.021875 0.04375
9 0.13515625 0.11328125 0.059375 0.04375
9 0.15078125 0.22265625 0.065625 0.0484375
9 0.03984375 0.325 0.0515625 0.0515625
9 0.15859375 0.28359375 0.059375 0.046875
9 0.1671875 0.34921875 0.05625 0.04375
9 0.22578125 0.3515625 0.0515625 0.040625
9 0.3078125 0.3203125 0.065625 0.0484375
9 0.290625 0.36796875 0.0546875 0.040625
9 0.14921875 0.59375 0.05625 0.053125
9 0.4671875 0.709375 0.040625 0.08125
9 0.58046875 0.40234375 0.046875 0.1015625
9 0.67265625 0.2484375 0.0421875 0.096875
9 0.69140625 0.10234375 0.04375 0.0984375
9 0.74609375 0.5984375 0.0625 0.0453125
9 0.81015625 0.6671875 0.0546875 0.0421875
9 0.296875 0.93359375 0.0421875 0.0859375
2 0.10234375 0.33359375 0.0546875 0.046875
2 0.22578125 0.23828125 0.05625 0.04375
2 0.3203125 0.25234375 0.0421875 0.04375
2 0.39609375 0.25859375 0.053125 0.05
2 0.39140625 0.32109375 0.0453125 0.05
2 0.37421875 0.3875 0.05 0.0453125
2 0.30234375 0.05625 0.059375 0.0625
2 0.28125 0.584375 0.0484375 0.053125
2 0.33984375 0.6125 0.05 0.0515625
2 0.44375 0.5078125 0.0546875 0.0609375
2 0.359375 0.7828125 0.0375 0.090625
2 0.3203125 0.77890625 0.0359375 0.0734375
2 0.52265625 0.6390625 0.040625 0.078125
2 0.6765625 0.58828125 0.05 0.0484375
2 0.66796875 0.640625 0.046875 0.0484375
2 0.67421875 0.69921875 0.04375 0.0390625
2 0.75078125 0.65859375 0.0515625 0.0484375
2 0.87421875 0.68984375 0.0484375 0.046875
2 0.93203125 0.6375 0.0578125 0.0375
2 0.9359375 0.6953125 0.0484375 0.0390625
0 0.85703125 0.625 0.0703125 0.065625
0 0.8515625 0.74375 0.1109375 0.0765625
10 0.640625 0.14765625 0.109375 0.2796875
4 0.27578125 0.91015625 0.0296875 0.0484375