4 0.121875 0.7453125 0.034375 0.0359375
4 0.328125 0.65234375 0.03125 0.0359375
4 0.2875 0.6953125 0.028125 0.034375
4 0.33984375 0.69140625 0.03125 0.0296875
4 0.32109375 0.69921875 0.0265625 0.025
4 0.43125 0.71328125 0.021875 0.04375
4 0.43828125 0.93203125 0.025 0.0484375
4 0.6359375 0.459375 0.0328125 0.03125
4 0.1828125 0.540625 0.028125 0.04375
0 0.12265625 0.52265625 0.078125 0.06875
0 0.07734375 0.63671875 0.11875 0.090625
9 0.23359375 0.52890625 0.065625 0.059375
9 0.15390625 0.57890625 0.0578125 0.05
9 0.4421875 0.29765625 0.0515625 0.0984375
9 0.42421875 0.04453125 0.0546875 0.0890625
9 0.59765625 0.6375 0.0609375 0.065625
9 0.47109375 0.821875 0.046875 0.084375
9 0.890625 0.1953125 0.0625 0.059375
9 0.975 0.39296875 0.05 0.0515625
9 0.98125 0.45390625 0.0375 0.0515625
9 0.9109375 0.33125 0.071875 0.0546875
9 0.85859375 0.44375 0.059375 0.046875
9 0.80234375 0.43671875 0.05625 0.0484375
9 0.73671875 0.42890625 0.059375 0.0515625
9 0.73125 0.384375 0.065625 0.053125
9 0.73984375 0.69609375 0.059375 0.059375
2 0.55625 0.81015625 0.046875 0.0953125
2 0.5953125 0.821875 0.0421875 0.078125
2 0.55546875 0.5171875 0.046875 0.0671875
2 0.503125 0.49453125 0.053125 0.0765625
2 0.87578125 0.6515625 0.0578125 0.05
2 0.928125 0.4484375 0.0546875 0.053125
2 0.8359375 0.3234375 0.0578125 0.0546875
2 0.7421875 0.3125 0.046875 0.0453125
2 0.66484375 0.30234375 0.0578125 0.053125
2 0.6515625 0.359375 0.0515625 0.0453125
2 0.6484375 0.42734375 0.053125 0.0453125
2 0.48515625 0.3171875 0.053125 0.0890625
2 0.396875 0.04765625 0.05 0.084375
2 0.1859375 0.02265625 0.053125 0.0453125
2 0.30546875 0.53828125 0.0546875 0.0453125
2 0.3015625 0.59375 0.053125 0.0515625
2 0.275 0.65 0.046875 0.046875
2 0.21484375 0.584375 0.053125 0.0484375
2 0.08671875 0.578125 0.0515625 0.04375
2 0.0296875 0.5125 0.059375 0.053125
2 0.01953125 0.56640625 0.0390625 0.0484375
2 0.72265625 0.6234375 0.0609375 0.0515625