12 0.953125 0.703125 0.09375 0.184375
10 0.6359375 0.55859375 0.1703125 0.1578125
0 0.1484375 0.64375 0.06875 0.05625
0 0.1734375 0.759375 0.1109375 0.08125
9 0.49140625 0.43828125 0.0515625 0.0796875
9 0.52265625 0.5484375 0.05625 0.0734375
9 0.19609375 0.68515625 0.05625 0.0484375
9 0.071875 0.77890625 0.0578125 0.0453125
9 0.1484375 0.85 0.05625 0.0390625
9 0.69921875 0.871875 0.046875 0.0921875
9 0.90390625 0.90625 0.0453125 0.0875
9 0.69921875 0.353125 0.059375 0.046875
9 0.7625 0.33671875 0.05625 0.04375
9 0.7515625 0.284375 0.05625 0.0453125
9 0.68046875 0.309375 0.065625 0.0515625
9 0.85546875 0.25859375 0.0578125 0.04375
9 0.8328125 0.20390625 0.0703125 0.0515625
9 0.82265625 0.328125 0.059375 0.0484375
9 0.95 0.29765625 0.0578125 0.05
9 0.25859375 0.61328125 0.065625 0.05625
2 0.68984375 0.76953125 0.0359375 0.071875
2 0.6515625 0.76953125 0.04375 0.084375
2 0.41015625 0.3890625 0.040625 0.075
2 0.40625 0.30234375 0.05 0.090625
2 0.3453125 0.24765625 0.040625 0.0859375
2 0.2953125 0.2140625 0.0390625 0.090625
2 0.284375 0.09609375 0.046875 0.0953125
2 0.0734375 0.6578125 0.05625 0.0453125
2 0.07265625 0.71953125 0.05 0.040625
2 0.1359375 0.70625 0.053125 0.0421875
2 0.328125 0.6 0.0546875 0.04375
2 0.340625 0.65234375 0.0515625 0.0515625
2 0.25546875 0.6703125 0.053125 0.05
2 0.334375 0.7125 0.0453125 0.040625
2 0.58828125 0.25390625 0.05625 0.05
2 0.596875 0.31484375 0.046875 0.040625
2 0.61796875 0.37734375 0.0515625 0.046875
2 0.6640625 0.24375 0.0453125 0.0390625
2 0.7578125 0.22578125 0.0515625 0.040625
2 0.8875 0.31171875 0.0546875 0.0453125
4 0.61484375 0.4171875 0.0265625 0.034375
4 0.815625 0.58828125 0.0234375 0.03125
4 0.38671875 0.70234375 0.03125 0.040625
4 0.36328125 0.75625 0.028125 0.0328125
4 0.41015625 0.7328125 0.028125 0.028125
4 0.39296875 0.75 0.028125 0.028125
4 0.2109375 0.64140625 0.025 0.0390625
4 0.715625 0.8359375 0.0296875 0.0421875
4 0.684375 0.20625 0.0265625 0.025