12 0.1359375 0.8953125 0.0875 0.209375
10 0.5296875 0.378125 0.1046875 0.2640625
0 0.8671875 0.59375 0.0625 0.0546875
0 0.8609375 0.71171875 0.109375 0.0671875
9 0.1296875 0.253125 0.0609375 0.046875
9 0.1546875 0.3765625 0.0546875 0.0390625
9 0.2140625 0.37890625 0.0484375 0.04375
9 0.28125 0.38515625 0.053125 0.0453125
9 0.29375 0.3390625 0.0578125 0.046875
9 0.0265625 0.36328125 0.0515625 0.040625
9 0.3515625 0.90546875 0.0328125 0.0859375
9 0.4671875 0.7875 0.0296875 0.078125
9 0.50703125 0.7625 0.03125 0.0875
9 0.7546875 0.57890625 0.0546875 0.0421875
9 0.8234375 0.64375 0.0546875 0.034375
9 0.9703125 0.71953125 0.053125 0.0359375
9 0.58984375 0.33515625 0.034375 0.08125
9 0.64609375 0.25546875 0.0390625 0.0953125
9 0.609375 0.12109375 0.0296875 0.1
9 0.34375 0.028125 0.0515625 0.0546875
9 0.040625 0.14609375 0.05625 0.0453125
9 0.19140625 0.32421875 0.0578125 0.0375
2 0.665625 0.046875 0.03125 0.0828125
2 0.6828125 0.57578125 0.04375 0.0421875
2 0.6796875 0.63125 0.0484375 0.03125
2 0.76328125 0.64296875 0.04375 0.0421875
2 0.8890625 0.65625 0.046875 0.040625
2 0.94375 0.6 0.053125 0.0390625
2 0.95390625 0.65703125 0.04375 0.0390625
2 0.6921875 0.6875 0.0421875 0.0375
2 0.38515625 0.79375 0.028125 0.0890625
2 0.346875 0.8 0.025 0.0671875
2 0.07421875 0.575 0.040625 0.03125
2 0.1578125 0.63125 0.040625 0.0390625
2 0.26796875 0.59609375 0.05 0.046875
2 0.2046875 0.2625 0.0484375 0.0375
2 0.08984375 0.3703125 0.053125 0.040625
2 0.29921875 0.26796875 0.040625 0.0359375
2 0.37578125 0.271875 0.0515625 0.0453125
2 0.378125 0.33125 0.0421875 0.0375
2 0.36484375 0.40234375 0.0421875 0.0390625
4 0.3734375 0.43515625 0.025 0.021875
4 0.47578125 0.55234375 0.0171875 0.0265625
4 0.640625 0.68984375 0.025 0.0328125
4 0.62109375 0.71796875 0.025 0.021875
4 0.6359375 0.73203125 0.0203125 0.0234375
4 0.66953125 0.73359375 0.01875 0.0234375
4 0.80625 0.6046875 0.0203125 0.0359375
4 0.090625 0.21640625 0.0234375 0.01875
4 0.33125 0.86953125 0.0203125 0.05