0 0.02578125 0.2890625 0.0515625 0.0625
10 0.27421875 0.62265625 0.1734375 0.0859375
0 0.8734375 0.56171875 0.065625 0.0578125
0 0.878125 0.68125 0.1140625 0.0859375
9 0.79453125 0.8171875 0.05625 0.059375
9 0.7625 0.5546875 0.0625 0.046875
9 0.8359375 0.61171875 0.05625 0.0421875
9 0.9765625 0.67734375 0.046875 0.0421875
9 0.4109375 0.6265625 0.0546875 0.053125
9 0.4328125 0.53828125 0.0484375 0.06875
9 0.390625 0.9078125 0.0421875 0.0921875
9 0.1421875 0.86484375 0.0484375 0.0828125
9 0.109375 0.284375 0.0671875 0.0421875
9 0.125 0.3453125 0.0609375 0.04375
9 0.1484375 0.40546875 0.0609375 0.04375
9 0.02265625 0.4046875 0.0453125 0.040625
9 0.2078125 0.3484375 0.059375 0.0484375
9 0.20546875 0.4015625 0.0515625 0.0390625
9 0.2734375 0.40078125 0.0578125 0.04375
9 0.28359375 0.3546875 0.0625 0.046875
2 0.375 0.80625 0.0328125 0.0734375
2 0.41328125 0.79296875 0.0375 0.0859375
2 0.515625 0.5109375 0.040625 0.0609375
2 0.578125 0.49765625 0.0390625 0.0828125
2 0.565625 0.3703125 0.0359375 0.0765625
2 0.49921875 0.41875 0.046875 0.0765625
2 0.59453125 0.22109375 0.0421875 0.09375
2 0.5796875 0.08125 0.040625 0.0859375
2 0.35859375 0.28046875 0.053125 0.0421875
2 0.36484375 0.34140625 0.04375 0.0453125
2 0.35703125 0.40859375 0.0453125 0.0421875
2 0.28046875 0.2828125 0.0453125 0.0421875
2 0.1859375 0.28828125 0.0515625 0.0453125
2 0.08203125 0.40625 0.053125 0.0421875
2 0.68984375 0.55859375 0.046875 0.04375
2 0.68984375 0.6125 0.046875 0.0453125
4 0.03125 0.6375 0.028125 0.0296875
4 0.65625 0.6734375 0.025 0.034375
4 0.690625 0.71796875 0.025 0.025
4 0.66015625 0.71796875 0.021875 0.021875
4 0.64140625 0.70625 0.0234375 0.0234375
4 0.81484375 0.5765625 0.0234375 0.0390625
4 0.36875 0.4421875 0.025 0.0328125
4 0.36484375 0.87578125 0.0234375 0.0453125
4 0.3109375 0.259375 0.021875 0.0234375
2 0.71015625 0.66875 0.040625 0.040625
2 0.9046875 0.62109375 0.05 0.0328125
2 0.96640625 0.61953125 0.05 0.04375
2 0.95234375 0.5609375 0.0546875 0.0453125