0 0.88984375 0.14296875 0.08125 0.071875
10 0.75390625 0.5421875 0.1796875 0.109375
0 0.1671875 0.6796875 0.0734375 0.0671875
0 0.2015625 0.79453125 0.1234375 0.1015625
9 0.325 0.8953125 0.0625 0.065625
9 0.26953125 0.6375 0.0671875 0.0546875
9 0.21875 0.71484375 0.0609375 0.05
9 0.10234375 0.82421875 0.0609375 0.05
9 0.62578125 0.590625 0.0609375 0.059375
9 0.57578125 0.5140625 0.0578125 0.0734375
9 0.7359375 0.85 0.0546875 0.0953125
9 0.95703125 0.728125 0.059375 0.0859375
9 0.79921875 0.16875 0.071875 0.0515625
9 0.80390625 0.23203125 0.065625 0.0515625
9 0.8015625 0.29609375 0.0640625 0.0515625
9 0.92578125 0.253125 0.0609375 0.0484375
9 0.72734375 0.26171875 0.0640625 0.05625
9 0.746875 0.3109375 0.05625 0.0453125
9 0.68203125 0.33203125 0.0625 0.0515625
9 0.6578125 0.2921875 0.0671875 0.0546875
2 0.71796875 0.74921875 0.04375 0.0765625
2 0.67734375 0.74921875 0.05 0.0890625
2 0.48828125 0.515625 0.0484375 0.0640625
2 0.425 0.5234375 0.0515625 0.0859375
2 0.39609375 0.3984375 0.046875 0.0796875
2 0.47421875 0.42265625 0.0578125 0.08125
2 0.31953125 0.2671875 0.0546875 0.096875
2 0.28828125 0.1296875 0.0515625 0.0890625
2 0.5625 0.24609375 0.0578125 0.05
2 0.5765625 0.30625 0.0484375 0.05
2 0.60546875 0.3671875 0.05 0.0484375
2 0.6375 0.2234375 0.05 0.0484375
2 0.728125 0.19765625 0.05625 0.0515625
2 0.86484375 0.275 0.0578125 0.0484375
2 0.3390625 0.6171875 0.0515625 0.05
2 0.3578125 0.66796875 0.053125 0.05
4 0.9859375 0.47734375 0.028125 0.0328125
4 0.40859375 0.71484375 0.0296875 0.0359375
4 0.390625 0.76796875 0.028125 0.028125
4 0.41953125 0.75859375 0.025 0.025
4 0.43359375 0.74140625 0.0265625 0.025
4 0.22734375 0.675 0.028125 0.040625
4 0.60546875 0.403125 0.0296875 0.034375
4 0.75 0.8109375 0.0296875 0.0484375
4 0.6 0.2109375 0.025 0.025
2 0.35625 0.728125 0.0453125 0.0453125
2 0.15703125 0.746875 0.053125 0.0390625
2 0.0984375 0.7640625 0.0546875 0.05
2 0.0921875 0.7046875 0.059375 0.053125