12 0.8015625 0.89296875 0.2 0.2140625
10 0.5390625 0.5109375 0.1796875 0.246875
0 0.121875 0.49609375 0.0734375 0.06875
0 0.10078125 0.60703125 0.115625 0.09375
9 0.23203125 0.5078125 0.065625 0.059375
9 0.01484375 0.590625 0.0296875 0.053125
9 0.49453125 0.284375 0.0609375 0.096875
9 0.921875 0.35625 0.0734375 0.05625
9 0.9671875 0.425 0.065625 0.053125
9 0.98125 0.48828125 0.0375 0.0546875
9 0.865625 0.46875 0.0640625 0.0515625
9 0.8203125 0.4046875 0.065625 0.0546875
9 0.8078125 0.4546875 0.0609375 0.0515625
9 0.74140625 0.4453125 0.059375 0.05
9 0.53828125 0.92421875 0.05625 0.096875
9 0.471875 0.4515625 0.0609375 0.0875
9 0.428125 0.64921875 0.05625 0.0921875
9 0.1484375 0.5546875 0.0578125 0.0484375
2 0.48828125 0.109375 0.053125 0.0875
2 0.4578125 0.03671875 0.046875 0.0734375
2 0.45625 0.190625 0.05 0.0828125
2 0.30390625 0.52578125 0.0515625 0.046875
2 0.29375 0.58046875 0.0515625 0.0453125
2 0.265625 0.63125 0.046875 0.0453125
2 0.20703125 0.56796875 0.05625 0.0515625
2 0.08125 0.55 0.05625 0.053125
2 0.0234375 0.53671875 0.046875 0.0546875
2 0.0453125 0.48203125 0.065625 0.05
2 0.678125 0.31171875 0.059375 0.0546875
2 0.66015625 0.36953125 0.0515625 0.0515625
2 0.65625 0.43828125 0.05 0.046875
2 0.753125 0.328125 0.05 0.0484375
2 0.84765625 0.346875 0.0546875 0.046875
2 0.93046875 0.4796875 0.0609375 0.0515625
2 0.84765625 0.67421875 0.0625 0.0578125
2 0.9375 0.7390625 0.040625 0.046875
2 0.57109375 0.82734375 0.040625 0.075
2 0.53828125 0.8078125 0.05 0.090625
9 0.740625 0.3984375 0.0671875 0.059375
9 0.85703125 0.16171875 0.0671875 0.0765625
4 0.60703125 0.675 0.025 0.028125
4 0.640625 0.46640625 0.034375 0.0296875
4 0.31796875 0.64140625 0.0328125 0.04375
4 0.2765625 0.678125 0.03125 0.03125
4 0.32890625 0.675 0.0265625 0.0328125
4 0.30703125 0.68828125 0.034375 0.0328125
4 0.56875 0.89609375 0.0296875 0.04375
4 0.8640625 0.31015625 0.0296875 0.0265625