4 0.3328125 0.86328125 0.0234375 0.04375
4 0.115625 0.609375 0.025 0.021875
4 0.64296875 0.68125 0.0234375 0.03125
4 0.671875 0.73046875 0.0234375 0.03125
4 0.6375 0.73125 0.0203125 0.0203125
4 0.6234375 0.71328125 0.0234375 0.025
4 0.80625 0.603125 0.021875 0.0390625
4 0.37578125 0.43046875 0.025 0.01875
4 0.30703125 0.24140625 0.021875 0.0234375
9 0.1296875 0.25 0.06875 0.0453125
9 0.22265625 0.32265625 0.0578125 0.046875
9 0.29609375 0.3375 0.0578125 0.04375
9 0.28515625 0.38203125 0.0578125 0.04375
9 0.128125 0.31015625 0.059375 0.040625
9 0.15625 0.375 0.0546875 0.040625
9 0.2171875 0.3765625 0.0546875 0.046875
9 0.02734375 0.36015625 0.0546875 0.0453125
9 0.35546875 0.9 0.034375 0.090625
9 0.44609375 0.590625 0.0484375 0.0546875
9 0.4671875 0.4921875 0.0484375 0.0765625
9 0.75703125 0.575 0.0578125 0.0421875
9 0.82578125 0.64140625 0.053125 0.04375
9 0.96171875 0.71875 0.053125 0.040625
9 0.8296875 0.815625 0.05 0.046875
2 0.09140625 0.3640625 0.0515625 0.0390625
2 0.20546875 0.26015625 0.0484375 0.0375
2 0.30078125 0.2671875 0.040625 0.034375
2 0.37734375 0.271875 0.0546875 0.0484375
2 0.378125 0.33046875 0.0453125 0.04375
2 0.3671875 0.396875 0.0453125 0.040625
2 0.3484375 0.79375 0.028125 0.0734375
2 0.3859375 0.7890625 0.0265625 0.084375
2 0.5359375 0.3625 0.0375 0.0796875
2 0.54609375 0.44765625 0.03125 0.06875
2 0.6234375 0.34296875 0.03125 0.0796875
2 0.596875 0.30546875 0.03125 0.0765625
2 0.6375 0.14609375 0.034375 0.0984375
2 0.6859375 0.5765625 0.0484375 0.034375
2 0.68046875 0.62578125 0.04375 0.0359375
2 0.69375 0.68671875 0.0390625 0.04375
2 0.765625 0.634375 0.046875 0.0390625
2 0.94453125 0.59765625 0.05625 0.0390625
2 0.95390625 0.65625 0.046875 0.04375
2 0.89140625 0.653125 0.0484375 0.0390625
0 0.8609375 0.71015625 0.1046875 0.06875
10 0.3234375 0.5921875 0.1609375 0.096875
0 0.8671875 0.59375 0.0640625 0.05625
12 0.03984375 0.7453125 0.0796875 0.121875
9 0.1390625 0.89375 0.040625 0.0890625
0 0.03515625 0.24453125 0.0703125 0.0546875