10 0.86875 0.49765625 0.184375 0.115625
0 0.88359375 0.13828125 0.08125 0.0703125
10 0.709375 0.85390625 0.1234375 0.2171875
0 0.16640625 0.68671875 0.075 0.065625
0 0.20078125 0.79921875 0.1171875 0.090625
2 0.09609375 0.709375 0.0625 0.053125
2 0.1 0.7703125 0.053125 0.05
2 0.1609375 0.75078125 0.0578125 0.053125
2 0.33984375 0.6203125 0.053125 0.0484375
2 0.2765625 0.7015625 0.05625 0.053125
2 0.359375 0.67265625 0.0546875 0.0453125
2 0.35859375 0.728125 0.05 0.0484375
2 0.59921875 0.81015625 0.0453125 0.0734375
2 0.33671875 0.37578125 0.04375 0.0765625
2 0.25625 0.16484375 0.0484375 0.0828125
2 0.35859375 0.27734375 0.0484375 0.08125
2 0.40390625 0.440625 0.05 0.0953125
2 0.4921875 0.51796875 0.05625 0.0765625
2 0.57265625 0.50625 0.05625 0.0671875
2 0.59609375 0.590625 0.0515625 0.0578125
2 0.6828125 0.7484375 0.0515625 0.084375
2 0.72109375 0.74375 0.040625 0.0734375
2 0.63125 0.22578125 0.0515625 0.04375
2 0.55859375 0.2484375 0.0609375 0.053125
2 0.571875 0.303125 0.0484375 0.0484375
2 0.60078125 0.3640625 0.05 0.04375
2 0.7203125 0.19765625 0.0578125 0.0484375
2 0.85859375 0.2671875 0.059375 0.0515625
9 0.98984375 0.61171875 0.0203125 0.0796875
9 0.73671875 0.57890625 0.0640625 0.0546875
9 0.67109375 0.53828125 0.059375 0.053125
9 0.653125 0.28515625 0.0671875 0.05625
9 0.67890625 0.334375 0.0625 0.053125
9 0.72421875 0.2578125 0.059375 0.05
9 0.74140625 0.30625 0.05625 0.0515625
9 0.79140625 0.1640625 0.075 0.059375
9 0.79609375 0.2265625 0.0625 0.053125
9 0.79921875 0.290625 0.0640625 0.05625
9 0.92109375 0.24453125 0.0640625 0.05625
9 0.271875 0.64140625 0.06875 0.059375
9 0.2203125 0.7203125 0.0609375 0.053125
9 0.10859375 0.83046875 0.065625 0.05625
9 0.47421875 0.953125 0.0609375 0.06875
4 0.6046875 0.40390625 0.028125 0.0265625
4 0.41171875 0.715625 0.03125 0.034375
4 0.43828125 0.740625 0.025 0.028125
4 0.425 0.75859375 0.028125 0.0265625
4 0.39375 0.7625 0.0265625 0.0296875
4 0.565625 0.21484375 0.03125 0.0296875
4 0.22890625 0.6796875 0.034375 0.0421875
9 0.7421875 0.84453125 0.0578125 0.09375
4 0.753125 0.80390625 0.03125 0.053125