10 0.86796875 0.5296875 0.18125 0.103125
0 0.91328125 0.1734375 0.078125 0.065625
10 0.678125 0.87109375 0.1078125 0.215625
0 0.1515625 0.65625 0.071875 0.0609375
0 0.17578125 0.771875 0.1140625 0.0828125
2 0.07890625 0.6734375 0.059375 0.05
2 0.078125 0.734375 0.0515625 0.0484375
2 0.140625 0.7203125 0.0546875 0.0484375
2 0.3296875 0.60625 0.05 0.0453125
2 0.26015625 0.68125 0.053125 0.05
2 0.3453125 0.66015625 0.0515625 0.040625
2 0.33984375 0.71484375 0.046875 0.0453125
2 0.571875 0.8171875 0.040625 0.0734375
2 0.34765625 0.36171875 0.0390625 0.075
2 0.28671875 0.1453125 0.0421875 0.0828125
2 0.37890625 0.265625 0.0421875 0.0796875
2 0.409375 0.4328125 0.0421875 0.0953125
2 0.490625 0.5171875 0.05 0.075
2 0.571875 0.5125 0.053125 0.0640625
2 0.58828125 0.5984375 0.0484375 0.0546875
2 0.6609375 0.76328125 0.0453125 0.0828125
2 0.69921875 0.7625 0.034375 0.071875
2 0.6546875 0.23828125 0.0484375 0.040625
2 0.58046875 0.25390625 0.0578125 0.0484375
2 0.58828125 0.31015625 0.0453125 0.0453125
2 0.6125 0.3734375 0.046875 0.040625
2 0.74609375 0.21796875 0.05625 0.0453125
2 0.87734375 0.29921875 0.05625 0.0484375
9 0.98515625 0.65546875 0.0296875 0.0765625
9 0.7296875 0.59921875 0.0625 0.05
9 0.6671875 0.553125 0.0578125 0.0484375
9 0.671875 0.29921875 0.0640625 0.053125
9 0.6921875 0.35 0.059375 0.05
9 0.74453125 0.278125 0.0578125 0.0453125
9 0.7578125 0.328125 0.0546875 0.0484375
9 0.81953125 0.190625 0.071875 0.0546875
9 0.81875 0.253125 0.059375 0.05
9 0.81640625 0.3171875 0.0625 0.0515625
9 0.94140625 0.2828125 0.0609375 0.053125
9 0.26015625 0.62109375 0.065625 0.0546875
9 0.20234375 0.6953125 0.0578125 0.0484375
9 0.08125 0.7953125 0.0640625 0.0515625
9 0.43515625 0.94921875 0.0578125 0.065625
4 0.6125 0.41328125 0.0265625 0.025
4 0.39296875 0.70703125 0.0296875 0.0328125
4 0.4171875 0.734375 0.0234375 0.0265625
4 0.403125 0.75078125 0.0265625 0.025
4 0.37109375 0.7515625 0.025 0.0296875
4 0.590625 0.22109375 0.0296875 0.028125
4 0.2140625 0.65546875 0.03125 0.040625
9 0.7109375 0.8640625 0.05 0.0921875
4 0.72578125 0.825 0.028125 0.053125