4 0.4328125 0.89453125 0.034375 0.0484375
4 0.15703125 0.70546875 0.028125 0.0265625
4 0.68515625 0.63828125 0.03125 0.0359375
4 0.72578125 0.678125 0.03125 0.0359375
4 0.69296875 0.6875 0.025 0.025
4 0.67421875 0.67421875 0.0296875 0.0296875
4 0.82265625 0.5203125 0.03125 0.0421875
4 0.36171875 0.46484375 0.028125 0.0234375
4 0.246875 0.3 0.0265625 0.028125
9 0.07734375 0.3546875 0.078125 0.0609375
9 0.1859375 0.40078125 0.0671875 0.059375
9 0.2609375 0.39609375 0.065625 0.05625
9 0.26171875 0.44140625 0.0671875 0.05625
9 0.09140625 0.4125 0.0671875 0.0546875
9 0.1359375 0.46796875 0.0640625 0.053125
9 0.19453125 0.45390625 0.0640625 0.059375
9 0.01953125 0.4875 0.0390625 0.05625
9 0.4640625 0.9234375 0.05625 0.096875
9 0.47109375 0.6015625 0.0609375 0.065625
9 0.46640625 0.50078125 0.0671875 0.0859375
9 0.76796875 0.50625 0.065625 0.0546875
9 0.8515625 0.55234375 0.0625 0.05625
9 0.98515625 0.590625 0.0296875 0.053125
9 0.9 0.71953125 0.0609375 0.0578125
2 0.0703125 0.47421875 0.059375 0.0515625
2 0.153125 0.34453125 0.05625 0.0484375
2 0.24765625 0.3265625 0.0484375 0.04375
2 0.32265625 0.31171875 0.0640625 0.059375
2 0.33828125 0.36796875 0.0546875 0.053125
2 0.3453125 0.434375 0.053125 0.05
2 0.4296875 0.82265625 0.0453125 0.078125
2 0.46484375 0.80859375 0.046875 0.0890625
2 0.49921875 0.3578125 0.05625 0.0859375
2 0.53125 0.4375 0.0484375 0.075
2 0.57890625 0.31640625 0.05 0.084375
2 0.54296875 0.28671875 0.05 0.0828125
2 0.54140625 0.12265625 0.0578125 0.103125
2 0.69921875 0.52578125 0.0546875 0.0453125
2 0.70703125 0.575 0.0515625 0.046875
2 0.73515625 0.63046875 0.0484375 0.053125
2 0.79140625 0.5609375 0.0546875 0.05
2 0.9546875 0.47890625 0.0640625 0.0515625
2 0.975 0.53359375 0.05 0.0546875
2 0.91796875 0.546875 0.05625 0.05
0 0.903125 0.609375 0.11875 0.09375
10 0.353125 0.634375 0.1796875 0.134375
0 0.87890625 0.4953125 0.0765625 0.0703125
12 0.11875 0.85625 0.1078125 0.1390625
9 0.25234375 0.9625 0.0609375 0.075
0 0.0203125 0.37265625 0.040625 0.0703125