2 0.51328125 0.15546875 0.0484375 0.0828125
2 0.5796875 0.125 0.0453125 0.08125
2 0.5546875 0.29921875 0.0546875 0.096875
2 0.5328125 0.434375 0.053125 0.0765625
2 0.57109375 0.65 0.0453125 0.0765625
2 0.49453125 0.57421875 0.0484375 0.0609375
2 0.4671875 0.484375 0.0578125 0.075
2 0.4265625 0.82109375 0.040625 0.075
2 0.4609375 0.80390625 0.046875 0.0828125
2 0.071875 0.4671875 0.0578125 0.05
2 0.15625 0.33984375 0.05 0.0421875
2 0.25 0.32421875 0.0484375 0.040625
2 0.3265625 0.30390625 0.0609375 0.0515625
2 0.34296875 0.3640625 0.0453125 0.046875
2 0.34609375 0.43515625 0.0515625 0.0484375
2 0.6984375 0.528125 0.053125 0.046875
2 0.70625 0.5796875 0.0546875 0.046875
2 0.7328125 0.6296875 0.0484375 0.04375
2 0.7921875 0.56875 0.0578125 0.053125
2 0.91640625 0.55625 0.05625 0.0515625
2 0.95703125 0.48984375 0.0609375 0.05
2 0.9765625 0.54140625 0.046875 0.0484375
4 0.684375 0.64765625 0.0328125 0.0375
4 0.725 0.68203125 0.0296875 0.034375
4 0.6921875 0.690625 0.028125 0.028125
4 0.6734375 0.684375 0.0265625 0.0328125
4 0.36328125 0.465625 0.0296875 0.03125
4 0.82421875 0.521875 0.028125 0.0390625
4 0.2890625 0.28203125 0.025 0.0265625
4 0.4265625 0.8921875 0.03125 0.0453125
9 0.15546875 0.875 0.065625 0.0875
9 0.7875 0.82265625 0.0625 0.059375
9 0.85078125 0.56015625 0.0578125 0.05
9 0.98671875 0.59921875 0.0265625 0.0546875
9 0.76640625 0.51328125 0.065625 0.059375
9 0.3875 0.66796875 0.05625 0.0484375
9 0.40859375 0.5875 0.0609375 0.0625
9 0.08359375 0.34609375 0.075 0.0578125
9 0.11015625 0.4046875 0.065625 0.05625
9 0.13828125 0.4609375 0.0609375 0.053125
9 0.18671875 0.396875 0.0625 0.0546875
9 0.19609375 0.446875 0.0578125 0.053125
9 0.26484375 0.3921875 0.0671875 0.05625
9 0.2625 0.43828125 0.059375 0.053125
9 0.01875 0.47890625 0.0375 0.0546875
9 0.45546875 0.9234375 0.0546875 0.096875
10 0.2390625 0.6734375 0.178125 0.1109375
0 0.8796875 0.49921875 0.0765625 0.0703125
0 0.90703125 0.61796875 0.11875 0.090625
0 0.0203125 0.3671875 0.040625 0.075
10 0.48203125 0.9125 0.1171875 0.175