4 0.61484375 0.4171875 0.0265625 0.028125
4 0.38828125 0.70234375 0.021875 0.0328125
4 0.36328125 0.75625 0.0265625 0.028125
4 0.4109375 0.73359375 0.021875 0.0234375
4 0.39765625 0.74921875 0.028125 0.028125
4 0.21171875 0.64375 0.025 0.0390625
4 0.46640625 0.47109375 0.025 0.034375
4 0.92578125 0.14921875 0.0296875 0.025
4 0.71796875 0.83984375 0.028125 0.04375
9 0.83515625 0.20390625 0.0671875 0.0546875
9 0.67109375 0.05625 0.0625 0.059375
9 0.79765625 0.27734375 0.0578125 0.046875
9 0.82421875 0.32890625 0.0578125 0.046875
9 0.765625 0.33984375 0.059375 0.0453125
9 0.6828125 0.31328125 0.06875 0.059375
9 0.7015625 0.35546875 0.059375 0.053125
9 0.95 0.3 0.05625 0.0421875
9 0.70703125 0.88828125 0.0453125 0.0921875
10 0.4140625 0.31640625 0.13125 0.2796875
0 0.1515625 0.6453125 0.0703125 0.0625
0 0.16875 0.7609375 0.1125 0.08125
2 0.590625 0.2578125 0.05625 0.05
2 0.5984375 0.315625 0.04375 0.046875
2 0.61953125 0.38203125 0.0484375 0.0421875
2 0.6671875 0.24609375 0.046875 0.0421875
2 0.7609375 0.22578125 0.05 0.046875
2 0.88984375 0.3140625 0.053125 0.046875
2 0.85625 0.54375 0.0546875 0.05
2 0.79453125 0.5984375 0.0515625 0.0484375
2 0.67421875 0.56484375 0.053125 0.0484375
2 0.69375 0.77421875 0.034375 0.06875
2 0.65546875 0.77265625 0.0421875 0.0828125
2 0.3296875 0.60234375 0.05 0.0421875
2 0.3421875 0.65546875 0.0515625 0.0453125
2 0.33671875 0.7140625 0.0421875 0.0421875
2 0.2578125 0.6734375 0.053125 0.05
2 0.1359375 0.71171875 0.05625 0.0515625
2 0.07421875 0.72265625 0.0484375 0.0421875
2 0.0765625 0.6625 0.0578125 0.0453125
9 0.51484375 0.65 0.046875 0.09375
9 0.459375 0.59296875 0.046875 0.0953125
9 0.35546875 0.27578125 0.0453125 0.0921875
9 0.23984375 0.078125 0.046875 0.0953125
9 0.259375 0.61328125 0.0625 0.0515625
9 0.06171875 0.7828125 0.0578125 0.05
9 0.3078125 0.065625 0.04375 0.0890625
12 0.90859375 0.8640625 0.0890625 0.1734375