12 0.0421875 0.66171875 0.084375 0.1921875
10 0.359375 0.546875 0.1796875 0.16875
0 0.8375 0.67421875 0.071875 0.0609375
0 0.80234375 0.7875 0.115625 0.0890625
9 0.5140625 0.4390625 0.0578125 0.08125
9 0.4734375 0.54609375 0.0609375 0.0765625
9 0.78671875 0.7109375 0.059375 0.0515625
9 0.90234375 0.81484375 0.0609375 0.05
9 0.81953125 0.8796875 0.0578125 0.04375
9 0.26953125 0.853125 0.0546875 0.09375
9 0.06171875 0.86953125 0.0515625 0.0890625
9 0.3140625 0.3359375 0.0609375 0.05
9 0.25234375 0.31484375 0.059375 0.046875
9 0.26875 0.26328125 0.059375 0.05
9 0.33671875 0.29453125 0.06875 0.05625
9 0.16640625 0.228125 0.059375 0.046875
9 0.19375 0.17578125 0.0734375 0.05625
9 0.19296875 0.30078125 0.0625 0.053125
9 0.06953125 0.259375 0.059375 0.0546875
9 0.73046875 0.634375 0.06875 0.0609375
2 0.28671875 0.75234375 0.0421875 0.0734375
2 0.32578125 0.75546875 0.05 0.0859375
2 0.59921875 0.396875 0.0453125 0.0765625
2 0.6109375 0.31171875 0.0578125 0.09375
2 0.67578125 0.2625 0.046875 0.0859375
2 0.728125 0.2328125 0.046875 0.0921875
2 0.75 0.11640625 0.0546875 0.096875
2 0.91171875 0.69453125 0.0578125 0.0484375
2 0.90703125 0.75625 0.053125 0.0453125
2 0.84453125 0.7375 0.0546875 0.0453125
2 0.6625 0.61484375 0.05625 0.046875
2 0.6453125 0.665625 0.0546875 0.0546875
2 0.72890625 0.690625 0.05625 0.0546875
2 0.646875 0.7265625 0.0484375 0.04375
2 0.43359375 0.246875 0.0578125 0.053125
2 0.41953125 0.30703125 0.0484375 0.04375
2 0.39375 0.3671875 0.0546875 0.0515625
2 0.35859375 0.2296875 0.0484375 0.0421875
2 0.2671875 0.20390625 0.053125 0.0453125
2 0.13046875 0.278125 0.0578125 0.05
4 0.39296875 0.40703125 0.028125 0.0359375
4 0.178125 0.56015625 0.025 0.0328125
4 0.5953125 0.7109375 0.034375 0.0421875
4 0.6140625 0.7671875 0.0296875 0.034375
4 0.56875 0.73984375 0.0296875 0.0296875
4 0.584375 0.75859375 0.0296875 0.0296875
4 0.77578125 0.66640625 0.028125 0.040625
4 0.25546875 0.815625 0.0328125 0.04375
4 0.3421875 0.190625 0.028125 0.0265625