4 0.70390625 0.84375 0.028125 0.0453125
4 0.89375 0.56875 0.0265625 0.0234375
4 0.3765625 0.6953125 0.0265625 0.0328125
4 0.353125 0.746875 0.0265625 0.0328125
4 0.3875 0.74453125 0.021875 0.021875
4 0.39921875 0.725 0.0265625 0.0265625
4 0.20625 0.634375 0.025 0.040625
4 0.61640625 0.41796875 0.0265625 0.0203125
4 0.66484375 0.22265625 0.0234375 0.025
9 0.8421875 0.2125 0.0734375 0.0515625
9 0.75703125 0.29453125 0.0609375 0.0515625
9 0.6859375 0.3171875 0.0609375 0.0484375
9 0.7015625 0.36015625 0.0609375 0.05
9 0.85 0.27265625 0.0625 0.046875
9 0.82890625 0.33984375 0.059375 0.046875
9 0.76875 0.34765625 0.059375 0.0515625
9 0.95546875 0.31171875 0.0578125 0.05
9 0.6859375 0.8828125 0.0421875 0.09375
9 0.56328125 0.584375 0.053125 0.059375
9 0.53203125 0.4890625 0.05625 0.08125
9 0.25234375 0.6015625 0.0609375 0.046875
9 0.190625 0.675 0.0578125 0.0484375
9 0.0640625 0.765625 0.0578125 0.0453125
9 0.20546875 0.8484375 0.0546875 0.0515625
2 0.8921875 0.321875 0.0546875 0.04375
2 0.76796875 0.23046875 0.0515625 0.0421875
2 0.6734375 0.24765625 0.04375 0.0390625
2 0.5984375 0.26015625 0.0578125 0.053125
2 0.603125 0.31875 0.0484375 0.046875
2 0.62109375 0.38359375 0.0484375 0.0453125
2 0.68125 0.7765625 0.034375 0.0765625
2 0.64375 0.77578125 0.0359375 0.0859375
2 0.45 0.3671875 0.0453125 0.0828125
2 0.4484375 0.453125 0.0375 0.071875
2 0.3609375 0.35703125 0.0390625 0.0828125
2 0.38359375 0.31640625 0.0390625 0.0796875
2 0.3265625 0.1625 0.04375 0.1015625
2 0.3234375 0.5953125 0.0515625 0.0390625
2 0.33359375 0.64375 0.046875 0.040625
2 0.3265625 0.70625 0.0421875 0.0484375
2 0.25 0.66171875 0.05 0.04375
2 0.06796875 0.64375 0.059375 0.0453125
2 0.06484375 0.703125 0.0515625 0.0484375
2 0.1265625 0.69296875 0.0515625 0.04375
0 0.16328125 0.746875 0.1109375 0.0796875
10 0.68515625 0.5734375 0.1703125 0.1125
0 0.14453125 0.63125 0.0703125 0.0625
12 0.96875 0.69609375 0.0625 0.1296875
9 0.9 0.85390625 0.0484375 0.0921875
0 0.9359375 0.19765625 0.075 0.0609375