12 0.096875 0.8375 0.1359375 0.2640625
10 0.459375 0.50078125 0.128125 0.221875
0 0.86640625 0.59375 0.0625 0.0546875
0 0.8578125 0.70703125 0.1015625 0.0703125
9 0.75703125 0.5765625 0.0546875 0.046875
9 0.96484375 0.71953125 0.0515625 0.0421875
9 0.5609375 0.29296875 0.0390625 0.090625
9 0.1296875 0.25234375 0.0640625 0.040625
9 0.0671875 0.30625 0.0578125 0.0390625
9 0.0265625 0.36171875 0.0515625 0.0421875
9 0.1546875 0.375 0.05625 0.0390625
9 0.215625 0.325 0.05625 0.0421875
9 0.2140625 0.3765625 0.053125 0.0390625
9 0.28125 0.384375 0.0515625 0.0390625
9 0.353125 0.9 0.0328125 0.090625
9 0.53984375 0.46015625 0.0421875 0.0796875
9 0.53125 0.6625 0.0359375 0.0859375
9 0.82578125 0.64375 0.0515625 0.0359375
2 0.6125 0.12578125 0.034375 0.08125
2 0.6609375 0.06171875 0.0296875 0.071875
2 0.62265625 0.2125 0.03125 0.078125
2 0.6828125 0.57578125 0.04375 0.0359375
2 0.678125 0.63125 0.04375 0.0359375
2 0.6921875 0.6875 0.0390625 0.0375
2 0.765625 0.64140625 0.0484375 0.0421875
2 0.89140625 0.65625 0.046875 0.04375
2 0.95546875 0.6609375 0.046875 0.04375
2 0.94375 0.6 0.0578125 0.0359375
2 0.3765625 0.271875 0.0484375 0.04375
2 0.37890625 0.3328125 0.04375 0.0421875
2 0.36484375 0.4 0.0421875 0.0375
2 0.3 0.26875 0.0421875 0.0390625
2 0.20390625 0.2625 0.046875 0.0375
2 0.08984375 0.36875 0.053125 0.0390625
2 0.11953125 0.578125 0.053125 0.046875
2 0.015625 0.61796875 0.03125 0.0390625
2 0.346875 0.79765625 0.0234375 0.071875
2 0.38359375 0.7875 0.0296875 0.0875
9 0.29375 0.33984375 0.0578125 0.0453125
9 0.24296875 0.08125 0.0515625 0.065625
4 0.3515625 0.64140625 0.0203125 0.0234375
4 0.37265625 0.43125 0.0296875 0.0234375
4 0.6390625 0.68359375 0.0234375 0.0390625
4 0.66953125 0.7296875 0.025 0.0265625
4 0.6203125 0.71328125 0.0203125 0.028125
4 0.6375 0.73203125 0.028125 0.0265625
4 0.33125 0.86484375 0.0203125 0.040625
4 0.19765625 0.22265625 0.025 0.021875