12 0.06328125 0.8109375 0.1265625 0.221875
10 0.5546875 0.38671875 0.1578125 0.2796875
0 0.83984375 0.66796875 0.071875 0.065625
0 0.809375 0.78203125 0.1203125 0.0875
9 0.1890625 0.18125 0.0703125 0.059375
9 0.18828125 0.3078125 0.0609375 0.0484375
9 0.2453125 0.321875 0.05625 0.0515625
9 0.31015625 0.3421875 0.0609375 0.0546875
9 0.33203125 0.3 0.065625 0.0578125
9 0.065625 0.26796875 0.059375 0.05
9 0.2703125 0.865625 0.0484375 0.090625
9 0.4078125 0.77421875 0.0453125 0.0828125
9 0.45234375 0.75859375 0.0484375 0.0921875
9 0.7328125 0.63046875 0.0625 0.0515625
9 0.78671875 0.7078125 0.0609375 0.04375
9 0.9140625 0.8125 0.059375 0.046875
9 0.621875 0.3578125 0.05 0.0859375
9 0.69375 0.29140625 0.0578125 0.1015625
9 0.6859375 0.15234375 0.05 0.1046875
9 0.44453125 0.01875 0.0609375 0.0375
9 0.12421875 0.05859375 0.0640625 0.05625
9 0.234375 0.2640625 0.0640625 0.0484375
2 0.75625 0.09140625 0.0484375 0.0875
2 0.66328125 0.6125 0.05 0.05
2 0.6484375 0.665625 0.053125 0.040625
2 0.728125 0.69453125 0.0515625 0.05
2 0.8484375 0.73359375 0.053125 0.0484375
2 0.91328125 0.68984375 0.059375 0.0484375
2 0.91171875 0.74765625 0.05 0.046875
2 0.64921875 0.7234375 0.0484375 0.0453125
2 0.3265625 0.76328125 0.0453125 0.0921875
2 0.2875 0.76171875 0.0390625 0.0703125
2 0.06796875 0.48515625 0.046875 0.0390625
2 0.13828125 0.55703125 0.0484375 0.0453125
2 0.253125 0.54609375 0.0578125 0.05625
2 0.26015625 0.20625 0.0546875 0.0453125
2 0.12578125 0.2875 0.059375 0.05
2 0.3515625 0.23125 0.0484375 0.04375
2 0.42578125 0.25078125 0.059375 0.0546875
2 0.415625 0.309375 0.0484375 0.0453125
2 0.38828125 0.3765625 0.05 0.046875
4 0.38984375 0.41015625 0.0296875 0.0265625
4 0.465625 0.54609375 0.021875 0.0296875
4 0.5984375 0.71484375 0.03125 0.0375
4 0.5734375 0.73828125 0.028125 0.0265625
4 0.584375 0.75546875 0.025 0.0265625
4 0.6171875 0.7640625 0.0234375 0.0265625
4 0.778125 0.66640625 0.0265625 0.040625
4 0.15859375 0.1375 0.0265625 0.0234375
4 0.2578125 0.8265625 0.0296875 0.053125