4 0.75703125 0.23203125 0.021875 0.01875
4 0.6265625 0.43671875 0.0234375 0.03125
4 0.7203125 0.64609375 0.0265625 0.025
4 0.36015625 0.68203125 0.021875 0.025
4 0.33046875 0.73203125 0.025 0.03125
4 0.36171875 0.7296875 0.01875 0.028125
4 0.3796875 0.71796875 0.021875 0.0296875
4 0.1953125 0.60703125 0.0203125 0.04375
4 0.66796875 0.86796875 0.025 0.04375
2 0.65390625 0.79609375 0.028125 0.075
2 0.615625 0.79296875 0.03125 0.0890625
2 0.39921875 0.29921875 0.034375 0.071875
2 0.69921875 0.2671875 0.04375 0.040625
2 0.6234375 0.2703125 0.05 0.040625
2 0.621875 0.33203125 0.0421875 0.04375
2 0.6328125 0.4 0.04375 0.040625
2 0.79609375 0.26171875 0.046875 0.0375
2 0.91015625 0.36875 0.053125 0.034375
2 0.96015625 0.571875 0.046875 0.0375
2 0.4109375 0.21015625 0.03125 0.08125
2 0.3625 0.14765625 0.0296875 0.075
2 0.2984375 0.034375 0.0328125 0.0671875
2 0.31640625 0.578125 0.0421875 0.0375
2 0.3203125 0.63046875 0.0484375 0.034375
2 0.303125 0.68671875 0.040625 0.0390625
2 0.234375 0.6390625 0.0484375 0.0375
2 0.1109375 0.65625 0.04375 0.034375
2 0.05625 0.59765625 0.0546875 0.0390625
2 0.046875 0.6578125 0.046875 0.0375
9 0.646875 0.89765625 0.03125 0.078125
9 0.5296875 0.8625 0.0328125 0.08125
9 0.4875 0.50859375 0.040625 0.0734375
9 0.4671875 0.36796875 0.0375 0.08125
9 0.24375 0.57734375 0.0578125 0.046875
9 0.17578125 0.64296875 0.053125 0.0375
9 0.0390625 0.715625 0.053125 0.0390625
9 0.03359375 0.78515625 0.053125 0.0390625
9 0.70546875 0.33828125 0.059375 0.0375
9 0.715625 0.3859375 0.0578125 0.040625
9 0.78046875 0.3265625 0.05625 0.0375
9 0.78359375 0.3765625 0.05 0.040625
9 0.8453125 0.3765625 0.0515625 0.0390625
9 0.9078125 0.31015625 0.0546875 0.040625
9 0.8703125 0.253125 0.065625 0.0453125
9 0.975 0.3625 0.05 0.04375
0 0.134375 0.59375 0.0625 0.053125
10 0.5796875 0.546875 0.1421875 0.178125
0 0.1421875 0.7125 0.103125 0.0671875
12 0.9265625 0.796875 0.146875 0.2375