4 0.34765625 0.68046875 0.0296875 0.0328125
4 0.31328125 0.728125 0.0265625 0.028125
4 0.35 0.7234375 0.025 0.0203125
4 0.365625 0.71171875 0.021875 0.025
4 0.18515625 0.590625 0.025 0.0359375
4 0.6265625 0.4375 0.0234375 0.03125
4 0.5953125 0.2609375 0.025 0.028125
4 0.64609375 0.87265625 0.0234375 0.046875
2 0.59765625 0.79921875 0.034375 0.0859375
2 0.6359375 0.8046875 0.0296875 0.0734375
2 0.5375 0.92734375 0.0390625 0.0921875
2 0.46875 0.58984375 0.0359375 0.08125
2 0.53671875 0.4875 0.04375 0.06875
2 0.66171875 0.65234375 0.0453125 0.0359375
2 0.778125 0.6015625 0.05 0.04375
2 0.79296875 0.659375 0.0484375 0.0421875
2 0.9125 0.38984375 0.0515625 0.0453125
2 0.79140625 0.2828125 0.05 0.04375
2 0.70859375 0.27890625 0.0421875 0.0421875
2 0.63125 0.278125 0.053125 0.05
2 0.62890625 0.3390625 0.0453125 0.04375
2 0.6359375 0.40703125 0.04375 0.0375
2 0.3109375 0.56484375 0.046875 0.040625
2 0.31328125 0.61953125 0.0484375 0.0421875
2 0.29453125 0.67734375 0.040625 0.040625
2 0.22734375 0.62734375 0.046875 0.0453125
2 0.10078125 0.63515625 0.0515625 0.04375
2 0.0359375 0.6375 0.05 0.04375
2 0.05 0.575 0.0546875 0.0359375
9 0.66796875 0.9625 0.0390625 0.075
9 0.85 0.89296875 0.04375 0.090625
9 0.95625 0.64296875 0.05625 0.04375
9 0.896875 0.58515625 0.0578125 0.040625
9 0.94765625 0.7640625 0.0578125 0.0671875
9 0.62265625 0.903125 0.0390625 0.0859375
9 0.2390625 0.5640625 0.059375 0.05
9 0.16484375 0.62734375 0.0546875 0.0453125
9 0.0265625 0.69609375 0.053125 0.0484375
9 0.71484375 0.3484375 0.0609375 0.0453125
9 0.7203125 0.3984375 0.0546875 0.046875
9 0.78515625 0.33984375 0.059375 0.0515625
9 0.7875 0.39375 0.05625 0.0484375
9 0.87578125 0.2765625 0.0625 0.046875
9 0.865625 0.33515625 0.0578125 0.0484375
9 0.84921875 0.396875 0.0578125 0.046875
9 0.975 0.3859375 0.05 0.053125
0 0.9703125 0.27734375 0.059375 0.0609375
10 0.58203125 0.871875 0.1015625 0.25625
0 0.12734375 0.57421875 0.0671875 0.0578125
0 0.1203125 0.696875 0.1078125 0.0671875