0 0.871875 0.59765625 0.0671875 0.0484375
0 0.03515625 0.24765625 0.0703125 0.05625
10 0.40078125 0.8671875 0.0859375 0.265625
9 0.1515625 0.25625 0.0671875 0.0484375
9 0.1453125 0.31328125 0.0546875 0.0375
9 0.03203125 0.3625 0.0546875 0.0375
9 0.159375 0.3765625 0.05625 0.0390625
9 0.22421875 0.32421875 0.053125 0.0375
9 0.2171875 0.375 0.05 0.04375
9 0.2984375 0.3375 0.059375 0.0453125
9 0.2859375 0.38125 0.0546875 0.04375
9 0.309375 0.95078125 0.0375 0.08125
9 0.35546875 0.89609375 0.034375 0.09375
9 0.6203125 0.1171875 0.0359375 0.0953125
9 0.76015625 0.57734375 0.05625 0.040625
9 0.83125 0.6453125 0.0515625 0.0359375
9 0.9640625 0.71640625 0.053125 0.0390625
2 0.94921875 0.596875 0.0546875 0.0390625
2 0.95859375 0.659375 0.0515625 0.0421875
2 0.89375 0.65390625 0.0484375 0.0359375
2 0.76796875 0.63515625 0.0515625 0.04375
2 0.6875 0.575 0.05 0.034375
2 0.684375 0.62734375 0.046875 0.0359375
2 0.69609375 0.6875 0.04375 0.034375
2 0.3515625 0.79375 0.0234375 0.065625
2 0.39140625 0.7890625 0.034375 0.090625
2 0.38125 0.2703125 0.0515625 0.04375
2 0.38125 0.33203125 0.0421875 0.0390625
2 0.3703125 0.39765625 0.0421875 0.04375
2 0.30625 0.2671875 0.046875 0.0375
2 0.225 0.2625 0.0515625 0.04375
2 0.0953125 0.36796875 0.0484375 0.0421875
2 0.66171875 0.07265625 0.0296875 0.0875
2 0.328125 0.5875 0.05 0.0515625
2 0.1734375 0.63125 0.046875 0.0390625
2 0.03046875 0.61875 0.0453125 0.040625
2 0.0125 0.5625 0.025 0.0421875
0 0.8703125 0.71171875 0.1046875 0.0703125
4 0.64453125 0.68671875 0.0265625 0.0328125
4 0.6734375 0.7296875 0.0203125 0.0265625
4 0.640625 0.73046875 0.0234375 0.0203125
4 0.625 0.7171875 0.021875 0.01875
4 0.37890625 0.43359375 0.025 0.021875
4 0.4171875 0.253125 0.0203125 0.0265625
4 0.3328125 0.8625 0.021875 0.04375
4 0.8109375 0.6046875 0.0234375 0.0359375