4 0.41953125 0.25546875 0.0234375 0.03125
4 0.3796875 0.43203125 0.0265625 0.0265625
4 0.6453125 0.6828125 0.0234375 0.034375
4 0.8109375 0.60234375 0.0234375 0.0421875
4 0.67578125 0.73515625 0.0265625 0.03125
4 0.6421875 0.73046875 0.0203125 0.021875
4 0.6265625 0.7140625 0.0171875 0.0234375
4 0.6921875 0.1265625 0.0203125 0.040625
4 0.3359375 0.8625 0.0234375 0.0484375
2 0.1265625 0.565625 0.046875 0.046875
2 0.09609375 0.36875 0.0453125 0.0390625
2 0.36953125 0.40078125 0.0453125 0.0375
2 0.38203125 0.33125 0.040625 0.0359375
2 0.3046875 0.26875 0.0390625 0.034375
2 0.22578125 0.26171875 0.0484375 0.0375
2 0.6890625 0.57265625 0.053125 0.0390625
2 0.68515625 0.63046875 0.053125 0.034375
2 0.69765625 0.68203125 0.0421875 0.040625
2 0.7703125 0.6375 0.046875 0.0421875
2 0.8921875 0.65546875 0.0484375 0.0359375
2 0.95859375 0.66171875 0.046875 0.0390625
2 0.94921875 0.59765625 0.05625 0.0421875
9 0.759375 0.57421875 0.0609375 0.0484375
9 0.82890625 0.64296875 0.053125 0.0390625
9 0.96640625 0.7140625 0.0578125 0.040625
9 0.2984375 0.33515625 0.059375 0.0390625
9 0.2859375 0.38125 0.0546875 0.0453125
9 0.2234375 0.3265625 0.0578125 0.040625
9 0.15390625 0.25625 0.0625 0.040625
9 0.14375 0.3125 0.05625 0.0421875
9 0.16171875 0.37734375 0.0546875 0.05
9 0.48203125 0.446875 0.0421875 0.075
9 0.3578125 0.89296875 0.0328125 0.09375
9 0.3109375 0.953125 0.03125 0.0890625
9 0.03046875 0.3625 0.05 0.0390625
9 0.22109375 0.37890625 0.0515625 0.04375
2 0.44765625 0.88828125 0.03125 0.0796875
2 0.3515625 0.79375 0.025 0.06875
2 0.3890625 0.7890625 0.0265625 0.0765625
2 0.38046875 0.2671875 0.0515625 0.0375
0 0.87265625 0.59375 0.0640625 0.046875
0 0.0359375 0.246875 0.071875 0.0609375
10 0.39921875 0.86875 0.0859375 0.2625
0 0.871875 0.709375 0.1046875 0.0734375