4 0.33828125 0.67265625 0.03125 0.034375
4 0.3015625 0.71796875 0.028125 0.0296875
4 0.33828125 0.715625 0.0265625 0.021875
4 0.3546875 0.7046875 0.0234375 0.025
4 0.18125 0.57421875 0.0265625 0.0359375
4 0.6296875 0.44453125 0.025 0.03125
4 0.6078125 0.26640625 0.0265625 0.028125
4 0.6265625 0.88046875 0.025 0.046875
2 0.58203125 0.80390625 0.0390625 0.0875
2 0.61953125 0.8109375 0.034375 0.075
2 0.515625 0.92890625 0.0421875 0.09375
2 0.4640625 0.58828125 0.040625 0.0828125
2 0.5375 0.48984375 0.046875 0.0703125
2 0.65390625 0.6609375 0.046875 0.0390625
2 0.771875 0.615625 0.0515625 0.046875
2 0.784375 0.67421875 0.05 0.04375
2 0.91796875 0.41171875 0.0546875 0.0484375
2 0.80234375 0.2984375 0.0515625 0.0453125
2 0.7203125 0.28984375 0.0453125 0.0453125
2 0.64296875 0.2859375 0.0546875 0.0515625
2 0.6375 0.34609375 0.0484375 0.0453125
2 0.640625 0.4140625 0.0453125 0.040625
2 0.3078125 0.55546875 0.0484375 0.04375
2 0.30703125 0.609375 0.05 0.04375
2 0.28515625 0.665625 0.0421875 0.0421875
2 0.22109375 0.6125 0.0484375 0.0484375
2 0.09453125 0.6140625 0.0546875 0.0453125
2 0.0296875 0.61328125 0.053125 0.0453125
2 0.046875 0.5515625 0.05625 0.0390625
9 0.64375 0.96640625 0.04375 0.0671875
9 0.82890625 0.9109375 0.0484375 0.0921875
9 0.9484375 0.66640625 0.0578125 0.0453125
9 0.8921875 0.60546875 0.059375 0.04375
9 0.93359375 0.7875 0.0609375 0.06875
9 0.6015625 0.90859375 0.04375 0.0875
9 0.2359375 0.55 0.0609375 0.053125
9 0.15859375 0.609375 0.05625 0.0484375
9 0.02265625 0.6703125 0.0453125 0.05
9 0.721875 0.36015625 0.0640625 0.0484375
9 0.72578125 0.41015625 0.05625 0.0484375
9 0.79296875 0.3546875 0.0625 0.0546875
9 0.7921875 0.40859375 0.059375 0.0515625
9 0.88671875 0.29609375 0.065625 0.05
9 0.8734375 0.3546875 0.059375 0.0515625
9 0.85390625 0.415625 0.059375 0.05
9 0.97734375 0.41015625 0.0453125 0.0546875
0 0.975 0.3015625 0.05 0.065625
10 0.56328125 0.8734375 0.1140625 0.253125
0 0.12421875 0.5546875 0.06875 0.0609375
0 0.1109375 0.6765625 0.1109375 0.071875