4 0.82734375 0.53203125 0.028125 0.0375
4 0.728125 0.69140625 0.0296875 0.0328125
4 0.684375 0.64921875 0.0265625 0.034375
4 0.68984375 0.6953125 0.0234375 0.025
4 0.67421875 0.684375 0.0296875 0.028125
4 0.36640625 0.46015625 0.028125 0.028125
4 0.36640625 0.27734375 0.0234375 0.025
9 0.1078125 0.33828125 0.06875 0.05625
9 0.11171875 0.39921875 0.0609375 0.0515625
9 0.140625 0.4546875 0.0640625 0.053125
9 0.0203125 0.47109375 0.040625 0.0546875
9 0.453125 0.92109375 0.053125 0.090625
9 0.41640625 0.97109375 0.0546875 0.0578125
9 0.196875 0.4453125 0.0578125 0.05
9 0.19296875 0.39296875 0.0625 0.05
9 0.26640625 0.43671875 0.0609375 0.0515625
9 0.26875 0.3890625 0.0671875 0.0578125
9 0.853125 0.56484375 0.0609375 0.05
9 0.9859375 0.60234375 0.028125 0.0546875
9 0.52109375 0.23671875 0.053125 0.0890625
2 0.4203125 0.81953125 0.04375 0.075
2 0.45703125 0.80703125 0.05 0.0875
2 0.55546875 0.34765625 0.0484375 0.0859375
2 0.69921875 0.53125 0.05 0.0515625
2 0.70625 0.58046875 0.053125 0.05
2 0.73359375 0.6375 0.0453125 0.0421875
2 0.7921875 0.57265625 0.05625 0.05625
2 0.9609375 0.49609375 0.0640625 0.05
2 0.9203125 0.56328125 0.05625 0.0484375
2 0.97890625 0.553125 0.0421875 0.05
2 0.3328125 0.30625 0.0609375 0.0515625
2 0.34765625 0.3609375 0.0484375 0.04375
2 0.3484375 0.43125 0.053125 0.0484375
2 0.25546875 0.31875 0.05 0.0578125
2 0.1796875 0.3328125 0.0546875 0.0484375
2 0.075 0.46328125 0.05625 0.0484375
9 0.7703125 0.5171875 0.0625 0.05
2 0.29140625 0.6359375 0.0546875 0.05
2 0.1515625 0.709375 0.0546875 0.05
4 0.421875 0.89140625 0.0359375 0.0484375
0 0.90859375 0.6234375 0.1203125 0.09375
0 0.88359375 0.5078125 0.075 0.0671875
10 0.484375 0.87265625 0.146875 0.2546875
0 0.02109375 0.3546875 0.0421875 0.071875