0 0.1171875 0.53125 0.075 0.059375
0 0.98046875 0.33203125 0.0390625 0.0671875
10 0.5328125 0.8703125 0.13125 0.259375
9 0.88515625 0.3203125 0.075 0.059375
9 0.88203125 0.37734375 0.0609375 0.046875
9 0.97734375 0.44609375 0.0453125 0.0453125
9 0.85703125 0.4375 0.0625 0.0484375
9 0.80234375 0.375 0.059375 0.046875
9 0.8 0.42578125 0.05625 0.0515625
9 0.7265625 0.375 0.065625 0.0546875
9 0.73125 0.4203125 0.0609375 0.0515625
9 0.609375 0.9671875 0.05 0.065625
9 0.5734375 0.91484375 0.05 0.096875
9 0.44765625 0.10234375 0.0515625 0.1
9 0.23046875 0.53125 0.0625 0.05
9 0.1484375 0.5859375 0.05625 0.0453125
9 0.0171875 0.63203125 0.034375 0.0484375
2 0.040625 0.5171875 0.0609375 0.046875
2 0.02421875 0.5765625 0.0484375 0.05
2 0.08515625 0.5828125 0.0546875 0.0453125
2 0.2125 0.58671875 0.0578125 0.0515625
2 0.30234375 0.54140625 0.0546875 0.0421875
2 0.29609375 0.59375 0.0515625 0.04375
2 0.27421875 0.65078125 0.0484375 0.040625
2 0.5953125 0.81484375 0.034375 0.06875
2 0.55703125 0.80390625 0.0484375 0.0953125
2 0.65703125 0.29453125 0.0578125 0.0515625
2 0.64609375 0.35546875 0.0484375 0.0453125
2 0.6453125 0.421875 0.0484375 0.05
2 0.73125 0.3046875 0.053125 0.0453125
2 0.81171875 0.3140625 0.0578125 0.0515625
2 0.92109375 0.440625 0.0546875 0.0484375
2 0.41484375 0.05078125 0.04375 0.090625
2 0.65390625 0.61640625 0.0578125 0.059375
2 0.7984375 0.6859375 0.0515625 0.046875
2 0.94140625 0.6984375 0.0515625 0.0484375
2 0.96953125 0.64609375 0.03125 0.0453125
0 0.0984375 0.64453125 0.1140625 0.0875
4 0.325 0.65859375 0.03125 0.0375
4 0.2890625 0.69609375 0.025 0.0296875
4 0.321875 0.70234375 0.0265625 0.0234375
4 0.3390625 0.6921875 0.025 0.021875
4 0.63046875 0.45546875 0.028125 0.025
4 0.62421875 0.27109375 0.025 0.0296875
4 0.6015625 0.8859375 0.028125 0.0453125
4 0.17578125 0.54921875 0.028125 0.040625