4 0.3859375 0.26875 0.0265625 0.034375
4 0.37109375 0.44921875 0.0296875 0.0296875
4 0.66953125 0.6609375 0.0265625 0.0375
4 0.821875 0.5578125 0.0296875 0.04375
4 0.70703125 0.70859375 0.0296875 0.034375
4 0.67265625 0.70859375 0.0234375 0.0234375
4 0.65546875 0.69453125 0.01875 0.025
4 0.63828125 0.103125 0.025 0.04375
4 0.38828125 0.88203125 0.0296875 0.0515625
2 0.1390625 0.6171875 0.053125 0.0515625
2 0.08203125 0.4265625 0.0515625 0.0453125
2 0.35703125 0.41953125 0.0484375 0.0421875
2 0.359375 0.34921875 0.0453125 0.040625
2 0.27421875 0.2984375 0.04375 0.0390625
2 0.1953125 0.30234375 0.053125 0.04375
2 0.69765625 0.5453125 0.0578125 0.0453125
2 0.7015625 0.603125 0.0578125 0.040625
2 0.72109375 0.653125 0.046875 0.0453125
2 0.78671875 0.5984375 0.053125 0.046875
2 0.91015625 0.59921875 0.053125 0.0421875
2 0.975 0.59609375 0.05 0.0453125
2 0.95859375 0.534375 0.0609375 0.0484375
9 0.7671875 0.5375 0.0671875 0.05625
9 0.8453125 0.59609375 0.0578125 0.0453125
9 0.9796875 0.64609375 0.040625 0.0484375
9 0.27734375 0.36484375 0.0640625 0.0453125
9 0.271875 0.4125 0.0609375 0.0515625
9 0.20234375 0.36640625 0.0625 0.0484375
9 0.1234375 0.30703125 0.0671875 0.05
9 0.12109375 0.3640625 0.0609375 0.0484375
9 0.14765625 0.42578125 0.0609375 0.0578125
9 0.475 0.45 0.0515625 0.0796875
9 0.4140625 0.90859375 0.0453125 0.096875
9 0.375 0.9640625 0.04375 0.071875
9 0.02109375 0.42890625 0.0421875 0.0453125
9 0.20703125 0.41875 0.0578125 0.05
2 0.50234375 0.89140625 0.0421875 0.0828125
2 0.39375 0.81171875 0.0328125 0.071875
2 0.43046875 0.8015625 0.0375 0.0796875
2 0.34921875 0.2859375 0.05625 0.04375
0 0.88203125 0.540625 0.06875 0.0546875
0 0.02265625 0.31328125 0.0453125 0.0703125
10 0.4515625 0.87109375 0.121875 0.2578125
0 0.89765625 0.65546875 0.1125 0.0875