9 0.35390625 0.9 0.034375 0.0875
9 0.159375 0.95546875 0.034375 0.0890625
9 0.0796875 0.7890625 0.0484375 0.0765625
9 0.10078125 0.62578125 0.05625 0.040625
9 0.16640625 0.56875 0.05625 0.04375
9 0.75546875 0.58125 0.059375 0.046875
9 0.82578125 0.6453125 0.0515625 0.0375
9 0.9609375 0.72265625 0.0515625 0.040625
9 0.12890625 0.25546875 0.065625 0.04375
9 0.1421875 0.31484375 0.0578125 0.0484375
9 0.15625 0.37578125 0.05625 0.0421875
9 0.02734375 0.36171875 0.0546875 0.04375
9 0.21640625 0.37578125 0.05625 0.0375
2 0.4875 0.84921875 0.0328125 0.0796875
2 0.4765625 0.77890625 0.0328125 0.0953125
2 0.3875 0.79453125 0.0328125 0.0859375
2 0.3484375 0.79609375 0.0265625 0.075
2 0.37890625 0.640625 0.046875 0.04375
2 0.27421875 0.59140625 0.053125 0.04375
2 0.259375 0.65234375 0.0453125 0.0421875
2 0.496875 0.43828125 0.0375 0.075
2 0.56015625 0.46171875 0.034375 0.08125
2 0.6859375 0.57734375 0.04375 0.046875
2 0.67890625 0.63046875 0.05 0.040625
2 0.69453125 0.684375 0.04375 0.0390625
2 0.76640625 0.640625 0.046875 0.046875
2 0.890625 0.65625 0.05 0.046875
2 0.95546875 0.6625 0.053125 0.0484375
2 0.94375 0.6 0.059375 0.034375
2 0.2171875 0.265625 0.0484375 0.05
2 0.3015625 0.271875 0.0390625 0.040625
2 0.378125 0.27421875 0.0515625 0.040625
2 0.38046875 0.33125 0.04375 0.04375
2 0.36796875 0.4046875 0.05 0.04375
2 0.090625 0.36953125 0.0484375 0.0375
9 0.29609375 0.34140625 0.059375 0.04375
9 0.28125 0.3828125 0.05625 0.0453125
4 0.67421875 0.73046875 0.028125 0.0296875
4 0.6375 0.73671875 0.0234375 0.0234375
4 0.640625 0.68671875 0.0203125 0.028125
4 0.62265625 0.71484375 0.0265625 0.0296875
4 0.4125 0.2578125 0.0265625 0.025
4 0.37421875 0.43515625 0.025 0.0296875
9 0.30625 0.95546875 0.03125 0.084375
4 0.3328125 0.86484375 0.0234375 0.0484375
9 0.22109375 0.3265625 0.0578125 0.0390625
0 0.03671875 0.2515625 0.0734375 0.0609375
10 0.0234375 0.57421875 0.046875 0.065625
0 0.8671875 0.59609375 0.0734375 0.0484375
10 0.39453125 0.8734375 0.084375 0.253125
0 0.86484375 0.7140625 0.1046875 0.078125
4 0.80625 0.60234375 0.0234375 0.0390625