4 0.3921875 0.61875 0.0140625 0.0328125
4 0.5140625 0.52578125 0.01875 0.028125
4 0.33984375 0.7625 0.0140625 0.03125
4 0.3234375 0.81484375 0.015625 0.0359375
4 0.3109375 0.86015625 0.0078125 0.0328125
4 0.6046875 0.19453125 0.015625 0.0375
4 0.68125 0.21171875 0.0140625 0.0296875
4 0.69296875 0.1734375 0.0171875 0.0328125
4 0.70390625 0.128125 0.0125 0.0375
2 0.41796875 0.675 0.0296875 0.078125
2 0.34453125 0.83125 0.025 0.0703125
2 0.61953125 0.1125 0.03125 0.08125
2 0.659375 0.08125 0.028125 0.0828125
2 0.6796875 0.13359375 0.025 0.0765625
2 0.7046875 0.04375 0.028125 0.075
2 0.3765625 0.3875 0.0453125 0.040625
9 0.35390625 0.8984375 0.0296875 0.0859375
9 0.678125 0.675 0.0546875 0.046875
9 0.7921875 0.67578125 0.0578125 0.0484375
9 0.6890625 0.62265625 0.0578125 0.040625
9 0.7203125 0.565625 0.05625 0.0546875
9 0.87265625 0.58828125 0.0578125 0.05
9 0.20546875 0.57578125 0.05625 0.0515625
2 0.38046875 0.27734375 0.053125 0.053125
9 0.13671875 0.35 0.059375 0.04375
9 0.31171875 0.94375 0.034375 0.0890625
10 0.403125 0.86328125 0.0859375 0.2421875
0 0.27890625 0.2625 0.0875 0.05625
12 0.2578125 0.3625 0.1734375 0.078125
4 0.3015625 0.91171875 0.0234375 0.05625
4 0.36484375 0.7234375 0.0234375 0.0421875