4 0.3359375 0.86015625 0.0203125 0.0390625
4 0.57421875 0.57265625 0.021875 0.0484375
4 0.64609375 0.68515625 0.0203125 0.028125
4 0.81171875 0.60078125 0.01875 0.0359375
4 0.678125 0.73203125 0.0171875 0.0265625
4 0.6421875 0.728125 0.0171875 0.0265625
4 0.62890625 0.71640625 0.025 0.0203125
4 0.3796875 0.43203125 0.0203125 0.025
4 0.41875 0.253125 0.021875 0.0234375
0 0.1359375 0.14140625 0.1109375 0.075
0 0.871875 0.709375 0.103125 0.0671875
9 0.9671875 0.715625 0.0546875 0.0390625
9 0.7609375 0.57421875 0.0546875 0.0421875
9 0.35859375 0.89609375 0.03125 0.0828125
9 0.3109375 0.953125 0.0359375 0.078125
9 0.15625 0.25625 0.0625 0.040625
9 0.146875 0.30859375 0.0546875 0.04375
9 0.02578125 0.3 0.0515625 0.040625
9 0.03046875 0.3578125 0.0515625 0.04375
9 0.16171875 0.375 0.0546875 0.0421875
9 0.22109375 0.37578125 0.0515625 0.0421875
9 0.2890625 0.3796875 0.05625 0.0453125
9 0.22421875 0.321875 0.05625 0.0359375
9 0.3 0.33671875 0.0609375 0.0484375
9 0.35859375 0.57265625 0.0578125 0.05625
9 0.83125 0.63828125 0.0515625 0.040625
2 0.353125 0.79296875 0.0328125 0.0703125
2 0.38984375 0.7875 0.0328125 0.0859375
2 0.68984375 0.575 0.0453125 0.04375
2 0.684375 0.621875 0.046875 0.0390625
2 0.77109375 0.6375 0.0453125 0.03125
2 0.69921875 0.684375 0.046875 0.040625
2 0.89609375 0.65234375 0.05 0.040625
2 0.95 0.5953125 0.05625 0.0375
2 0.95625 0.65625 0.05 0.0390625
2 0.38125 0.26484375 0.0515625 0.0421875
2 0.3828125 0.32890625 0.04375 0.04375
2 0.3703125 0.396875 0.0453125 0.0390625
2 0.30625 0.26796875 0.040625 0.0359375
2 0.22578125 0.26640625 0.0484375 0.0390625
2 0.09765625 0.36953125 0.05 0.0453125
0 0.03828125 0.24609375 0.0765625 0.059375
10 0.39921875 0.86875 0.0828125 0.2609375
0 0.87109375 0.59140625 0.0625 0.0609375