9 0.03203125 0.3390625 0.0640625 0.0484375
9 0.02421875 0.3984375 0.0484375 0.034375
9 0.13515625 0.284375 0.0671875 0.05
9 0.13515625 0.34296875 0.0609375 0.0484375
9 0.1546875 0.40390625 0.05625 0.053125
9 0.21171875 0.34609375 0.059375 0.04375
9 0.21171875 0.4 0.0515625 0.0390625
9 0.2875 0.34921875 0.0671875 0.0546875
9 0.278125 0.40234375 0.0625 0.053125
9 0.39609375 0.91015625 0.0421875 0.0875
9 0.353125 0.96171875 0.040625 0.0765625
9 0.76640625 0.5484375 0.0578125 0.0546875
9 0.84375 0.6078125 0.0578125 0.040625
9 0.9796875 0.66796875 0.040625 0.0546875
9 0.95078125 0.7328125 0.059375 0.040625
9 0.87578125 0.76796875 0.0546875 0.0421875
0 0.88046875 0.55546875 0.0703125 0.0625
0 0.0296875 0.284375 0.059375 0.071875
10 0.43203125 0.86875 0.1109375 0.2625
2 0.41796875 0.79609375 0.0375 0.0921875
2 0.38046875 0.8078125 0.034375 0.078125
2 0.3625 0.27578125 0.0578125 0.05
2 0.36953125 0.33671875 0.05 0.046875
2 0.365625 0.40859375 0.05 0.0390625
2 0.28671875 0.28203125 0.040625 0.046875
2 0.20703125 0.2859375 0.0546875 0.046875
2 0.0859375 0.39921875 0.05625 0.0375
2 0.69453125 0.55390625 0.046875 0.0390625
2 0.6953125 0.60625 0.05 0.0421875
2 0.715625 0.6625 0.04375 0.0359375
2 0.784375 0.6125 0.05 0.05
2 0.90859375 0.615625 0.0515625 0.046875
2 0.97265625 0.61484375 0.053125 0.0453125
2 0.95625 0.5546875 0.0609375 0.0484375
0 0.8890625 0.67265625 0.1125 0.0796875
4 0.8203125 0.5703125 0.028125 0.05
4 0.696875 0.70859375 0.0234375 0.0328125
4 0.6609375 0.6671875 0.025 0.03125
4 0.6453125 0.70078125 0.025 0.0203125
4 0.6640625 0.71171875 0.025 0.0234375
4 0.375 0.4359375 0.021875 0.0234375
4 0.39765625 0.25625 0.028125 0.040625
4 0.37109375 0.87421875 0.025 0.05