10 0.88125 0.690625 0.10625 0.0734375
0 0.87734375 0.57421875 0.065625 0.0484375
10 0.4203125 0.865625 0.103125 0.26875
0 0.0296875 0.275 0.059375 0.059375
0 0.040625 0.18125 0.08125 0.065625
9 0.14375 0.27109375 0.0625 0.0453125
9 0.1359375 0.33125 0.0546875 0.0453125
9 0.01484375 0.325 0.0296875 0.03125
9 0.025 0.3828125 0.05 0.040625
9 0.1546875 0.39296875 0.053125 0.040625
9 0.21484375 0.38984375 0.053125 0.040625
9 0.2171875 0.33828125 0.0546875 0.04375
9 0.2796875 0.390625 0.053125 0.04375
9 0.42421875 0.52421875 0.05 0.059375
9 0.38046875 0.90390625 0.0375 0.0859375
9 0.33359375 0.96015625 0.0390625 0.0796875
9 0.76328125 0.56171875 0.0609375 0.0515625
9 0.83671875 0.6234375 0.0546875 0.04375
9 0.9734375 0.68828125 0.053125 0.0453125
2 0.08828125 0.38828125 0.05 0.0375
2 0.053125 0.57890625 0.0515625 0.0390625
2 0.21484375 0.2796875 0.046875 0.04375
2 0.29453125 0.28046875 0.0453125 0.0421875
2 0.37109375 0.2765625 0.0515625 0.046875
2 0.37578125 0.33515625 0.0453125 0.040625
2 0.365625 0.40625 0.046875 0.0359375
2 0.9546875 0.57265625 0.059375 0.0484375
2 0.96640625 0.63125 0.0515625 0.0390625
2 0.903125 0.63125 0.046875 0.040625
2 0.69296875 0.56484375 0.0484375 0.0453125
2 0.775 0.62421875 0.05 0.0453125
2 0.690625 0.61875 0.0484375 0.046875
2 0.7078125 0.6734375 0.040625 0.04375
2 0.40546875 0.79296875 0.0390625 0.0828125
2 0.3671875 0.80078125 0.0328125 0.0703125
9 0.2921875 0.34609375 0.0609375 0.0421875
4 0.81640625 0.5859375 0.0265625 0.034375
4 0.65390625 0.67421875 0.025 0.0328125
4 0.68671875 0.725 0.021875 0.0296875
4 0.65390625 0.721875 0.021875 0.021875
4 0.63671875 0.703125 0.0234375 0.025
4 0.62421875 0.346875 0.015625 0.046875
4 0.3765625 0.4375 0.028125 0.0265625
4 0.40703125 0.25859375 0.0265625 0.0328125
4 0.35625 0.8703125 0.0203125 0.0453125
0 0.8828125 0.6921875 0.10625 0.0734375