2 0.4078125 0.2578125 0.059375 0.0484375
2 0.4015625 0.315625 0.0484375 0.046875
2 0.38359375 0.38203125 0.0484375 0.0453125
2 0.3328125 0.24453125 0.0421875 0.04375
2 0.2546875 0.23203125 0.053125 0.04375
2 0.1125 0.32890625 0.053125 0.0453125
2 0.321875 0.77734375 0.0296875 0.0671875
2 0.359375 0.7734375 0.0453125 0.090625
2 0.68125 0.5921875 0.05 0.040625
2 0.67109375 0.64453125 0.0515625 0.04375
2 0.678125 0.7015625 0.0453125 0.0421875
2 0.75234375 0.66171875 0.05 0.0453125
2 0.8765625 0.69296875 0.0515625 0.046875
2 0.93671875 0.64140625 0.0625 0.046875
2 0.9390625 0.70234375 0.0515625 0.040625
9 0.18515625 0.221875 0.0703125 0.0484375
9 0.16875 0.2765625 0.059375 0.0453125
9 0.24609375 0.29453125 0.0625 0.0453125
9 0.23515625 0.34609375 0.0546875 0.0453125
9 0.31953125 0.315625 0.0671875 0.0453125
9 0.303125 0.365625 0.0625 0.05
9 0.17578125 0.340625 0.059375 0.046875
9 0.05234375 0.2484375 0.0609375 0.0515625
9 0.04765625 0.309375 0.0609375 0.053125
9 0.27421875 0.571875 0.05625 0.04375
9 0.31796875 0.87890625 0.0421875 0.0953125
9 0.26328125 0.93203125 0.0421875 0.0828125
9 0.7515625 0.60078125 0.0625 0.0515625
9 0.815625 0.67421875 0.0515625 0.046875
9 0.940625 0.76171875 0.0578125 0.04375
4 0.7984375 0.63203125 0.0234375 0.0359375
4 0.65 0.7484375 0.0265625 0.028125
4 0.62578125 0.696875 0.0265625 0.0359375
4 0.61875 0.74453125 0.025 0.034375
4 0.60390625 0.7265625 0.028125 0.0375
4 0.48828125 0.778125 0.0203125 0.0390625
4 0.446875 0.24609375 0.0265625 0.0265625
4 0.3890625 0.41953125 0.0328125 0.0265625
0 0.27265625 0.0796875 0.1140625 0.1078125
0 0.8453125 0.746875 0.1109375 0.078125
10 0.36171875 0.85625 0.1125 0.2703125
0 0.8609375 0.63125 0.0734375 0.0578125
0 0.06796875 0.2015625 0.08125 0.0640625
4 0.29765625 0.8453125 0.0203125 0.0453125