4 0.3625 0.2765625 0.025 0.03125
4 0.68828125 0.63984375 0.03125 0.034375
4 0.72890625 0.6828125 0.0296875 0.03125
4 0.696875 0.68828125 0.025 0.0234375
4 0.6734375 0.67578125 0.025 0.0234375
4 0.82578125 0.51953125 0.0296875 0.0328125
4 0.36640625 0.4625 0.0296875 0.034375
2 0.1765625 0.3328125 0.0578125 0.0515625
2 0.25625 0.3203125 0.05 0.0453125
2 0.32890625 0.30390625 0.0578125 0.0546875
2 0.34453125 0.3640625 0.0484375 0.046875
2 0.35234375 0.43046875 0.0484375 0.0421875
2 0.07578125 0.46640625 0.05625 0.0515625
2 0.42890625 0.81796875 0.04375 0.08125
2 0.46328125 0.80546875 0.0453125 0.0765625
2 0.7015625 0.5234375 0.0546875 0.0484375
2 0.7109375 0.5765625 0.0546875 0.05625
2 0.7375 0.62578125 0.046875 0.0453125
2 0.79609375 0.5640625 0.0546875 0.053125
2 0.921875 0.55 0.0578125 0.053125
2 0.9625 0.48671875 0.0609375 0.0515625
2 0.97890625 0.5375 0.0421875 0.046875
9 0.98828125 0.5921875 0.0234375 0.053125
9 0.85546875 0.5546875 0.059375 0.05
9 0.77109375 0.50703125 0.0703125 0.059375
9 0.46015625 0.91640625 0.05625 0.0953125
9 0.42421875 0.96953125 0.0578125 0.0609375
9 0.2671875 0.38671875 0.0671875 0.059375
9 0.26640625 0.43515625 0.0625 0.0546875
9 0.19296875 0.39296875 0.0640625 0.053125
9 0.1984375 0.44375 0.0625 0.05625
9 0.1078125 0.340625 0.0703125 0.0515625
9 0.115625 0.40234375 0.0640625 0.05625
9 0.14140625 0.45625 0.0671875 0.0578125
9 0.01796875 0.41640625 0.0359375 0.0484375
9 0.0203125 0.47734375 0.040625 0.0484375
9 0.14609375 0.67890625 0.0578125 0.0484375
0 0.02109375 0.36328125 0.0421875 0.0703125
10 0.49140625 0.871875 0.1515625 0.25625
0 0.884375 0.4984375 0.078125 0.0703125
0 0.9125 0.61328125 0.1203125 0.0921875
4 0.42890625 0.89140625 0.034375 0.059375