0 0.9015625 0.6515625 0.1140625 0.0875
0 0.88359375 0.53828125 0.0703125 0.0625
10 0.4546875 0.87109375 0.121875 0.2578125
0 0.02421875 0.3109375 0.0484375 0.071875
9 0.12578125 0.3 0.0671875 0.053125
9 0.03046875 0.36328125 0.0609375 0.0484375
9 0.02421875 0.4234375 0.0484375 0.053125
9 0.12734375 0.365625 0.05625 0.046875
9 0.2046875 0.3625 0.0546875 0.05
9 0.278125 0.36953125 0.0640625 0.0515625
9 0.1484375 0.4234375 0.0609375 0.0484375
9 0.21015625 0.41171875 0.053125 0.04375
9 0.275 0.41171875 0.0578125 0.0453125
9 0.4171875 0.91015625 0.0453125 0.0921875
9 0.37890625 0.96640625 0.0390625 0.0671875
9 0.7703125 0.5375 0.0640625 0.059375
9 0.8484375 0.58828125 0.0546875 0.046875
9 0.98359375 0.64609375 0.0328125 0.0453125
9 0.83828125 0.76328125 0.0578125 0.0546875
9 0.76875 0.828125 0.0546875 0.065625
2 0.69921875 0.54453125 0.0515625 0.0421875
2 0.70078125 0.596875 0.053125 0.05
2 0.725 0.6546875 0.0453125 0.046875
2 0.7875 0.59765625 0.053125 0.046875
2 0.91328125 0.59609375 0.053125 0.046875
2 0.9609375 0.5296875 0.0609375 0.0484375
2 0.97421875 0.584375 0.0515625 0.05
2 0.43046875 0.8 0.0453125 0.0921875
2 0.39609375 0.80859375 0.034375 0.075
2 0.35078125 0.28515625 0.059375 0.053125
2 0.35859375 0.34375 0.0453125 0.0421875
2 0.35859375 0.4140625 0.05 0.0453125
2 0.27578125 0.29375 0.046875 0.0390625
2 0.1953125 0.30078125 0.0546875 0.046875
2 0.08125 0.4234375 0.0578125 0.0546875
4 0.39140625 0.88125 0.0234375 0.04375
4 0.15859375 0.8890625 0.0328125 0.0359375
4 0.70546875 0.69921875 0.0296875 0.0375
4 0.671875 0.6578125 0.0265625 0.03125
4 0.65859375 0.69453125 0.0265625 0.025
4 0.67421875 0.70625 0.025 0.0265625
4 0.82265625 0.55546875 0.03125 0.04375
4 0.38359375 0.26015625 0.028125 0.03125
4 0.3703125 0.4421875 0.028125 0.034375