4 0.3296875 0.85703125 0.0203125 0.0390625
4 0.57265625 0.57421875 0.021875 0.0484375
4 0.64296875 0.6875 0.0203125 0.0296875
4 0.81015625 0.60625 0.01875 0.0359375
4 0.67421875 0.73515625 0.0171875 0.0265625
4 0.63828125 0.73046875 0.0171875 0.0265625
4 0.625 0.71875 0.025 0.0203125
4 0.38125 0.4296875 0.0203125 0.025
4 0.4234375 0.2515625 0.021875 0.025
0 0.1421875 0.13515625 0.1125 0.0765625
0 0.86796875 0.715625 0.1046875 0.06875
9 0.96328125 0.7234375 0.0546875 0.040625
9 0.759375 0.57890625 0.05625 0.0421875
9 0.3515625 0.89375 0.0328125 0.0828125
9 0.303125 0.95 0.0375 0.078125
9 0.1609375 0.25 0.0625 0.0421875
9 0.15 0.30234375 0.0546875 0.04375
9 0.0296875 0.29140625 0.0515625 0.0421875
9 0.0328125 0.35 0.0515625 0.0453125
9 0.1640625 0.36875 0.0546875 0.0421875
9 0.2234375 0.37109375 0.0515625 0.04375
9 0.29140625 0.37578125 0.05625 0.0453125
9 0.22734375 0.3171875 0.05625 0.0375
9 0.303125 0.33359375 0.0625 0.05
9 0.35703125 0.5703125 0.059375 0.05625
9 0.82890625 0.64375 0.0515625 0.0421875
2 0.34765625 0.790625 0.034375 0.0703125
2 0.38515625 0.78515625 0.0328125 0.0859375
2 0.68828125 0.578125 0.0453125 0.04375
2 0.68203125 0.625 0.046875 0.040625
2 0.76875 0.6421875 0.0453125 0.0328125
2 0.69609375 0.6875 0.046875 0.0421875
2 0.89375 0.659375 0.05 0.0421875
2 0.9484375 0.603125 0.05625 0.0390625
2 0.953125 0.6640625 0.05 0.040625
2 0.38515625 0.2625 0.0515625 0.0421875
2 0.3859375 0.3265625 0.04375 0.04375
2 0.371875 0.39453125 0.0453125 0.0390625
2 0.31015625 0.26484375 0.040625 0.0359375
2 0.2296875 0.26171875 0.0484375 0.040625
2 0.1 0.3625 0.05 0.0453125
0 0.04296875 0.23828125 0.0765625 0.059375
10 0.39296875 0.8671875 0.0875 0.2625
0 0.86953125 0.59765625 0.0640625 0.0625