4 0.3984375 0.2578125 0.021875 0.0296875
4 0.6640625 0.6671875 0.028125 0.03125
4 0.69765625 0.71640625 0.025 0.028125
4 0.66484375 0.7171875 0.021875 0.021875
4 0.64375 0.70078125 0.0234375 0.0203125
4 0.81875 0.5703125 0.0265625 0.0296875
4 0.37421875 0.4421875 0.025 0.03125
2 0.20625 0.284375 0.053125 0.0453125
2 0.2875 0.284375 0.0453125 0.040625
2 0.36171875 0.27890625 0.053125 0.0484375
2 0.36796875 0.34140625 0.04375 0.0421875
2 0.36484375 0.40859375 0.0453125 0.0359375
2 0.0859375 0.40078125 0.0515625 0.0453125
2 0.3796875 0.803125 0.0328125 0.078125
2 0.41640625 0.79609375 0.034375 0.0734375
2 0.6953125 0.5546875 0.05 0.0421875
2 0.69609375 0.60859375 0.0484375 0.05
2 0.71484375 0.66171875 0.040625 0.040625
2 0.7828125 0.609375 0.0484375 0.046875
2 0.90859375 0.615625 0.0515625 0.046875
2 0.95859375 0.559375 0.05625 0.0453125
2 0.97265625 0.6140625 0.0484375 0.040625
9 0.9796875 0.6703125 0.040625 0.046875
9 0.9890625 0.73125 0.021875 0.0375
9 0.84296875 0.609375 0.05625 0.0421875
9 0.76640625 0.55 0.0640625 0.0515625
9 0.39609375 0.90546875 0.04375 0.0921875
9 0.3484375 0.9609375 0.046875 0.078125
9 0.2875 0.3515625 0.0609375 0.0515625
9 0.2796875 0.39921875 0.05625 0.0484375
9 0.21328125 0.34609375 0.059375 0.0453125
9 0.2109375 0.39765625 0.0578125 0.0484375
9 0.1375 0.28125 0.065625 0.0421875
9 0.1359375 0.34375 0.059375 0.0484375
9 0.15234375 0.40078125 0.0609375 0.0515625
9 0.0265625 0.3390625 0.053125 0.040625
9 0.02421875 0.4015625 0.0484375 0.040625
9 0.12265625 0.621875 0.053125 0.0421875
0 0.02734375 0.28515625 0.0546875 0.0609375
10 0.4328125 0.87109375 0.115625 0.2578125
0 0.8796875 0.55859375 0.071875 0.0625
0 0.88984375 0.67578125 0.1125 0.0765625
4 0.36875 0.875 0.0265625 0.0578125