4 0.4296875 0.890625 0.03125 0.0453125
4 0.259375 0.98828125 0.034375 0.0234375
4 0.3671875 0.4625 0.028125 0.0328125
4 0.3609375 0.27734375 0.0359375 0.040625
4 0.6875 0.63984375 0.0328125 0.0390625
4 0.73046875 0.67734375 0.0265625 0.028125
4 0.6953125 0.6828125 0.028125 0.0296875
4 0.675 0.671875 0.0296875 0.03125
4 0.82890625 0.5234375 0.034375 0.0453125
2 0.70234375 0.52421875 0.053125 0.04375
2 0.709375 0.575 0.0515625 0.0515625
2 0.73671875 0.6265625 0.0421875 0.0390625
2 0.91953125 0.5453125 0.05625 0.05625
2 0.97890625 0.54375 0.0421875 0.053125
2 0.959375 0.48203125 0.0625 0.053125
2 0.46328125 0.80234375 0.053125 0.0828125
2 0.42734375 0.81484375 0.04375 0.078125
2 0.32890625 0.3 0.0578125 0.0578125
2 0.34765625 0.359375 0.053125 0.05
2 0.34921875 0.42734375 0.0515625 0.05
2 0.2546875 0.31796875 0.04375 0.0421875
2 0.1765625 0.33203125 0.053125 0.0484375
2 0.078125 0.46640625 0.059375 0.0546875
9 0.025 0.4140625 0.05 0.059375
9 0.02265625 0.4734375 0.0453125 0.05625
9 0.1078125 0.34609375 0.071875 0.0578125
9 0.11484375 0.40078125 0.0625 0.053125
9 0.1421875 0.46015625 0.059375 0.05
9 0.19140625 0.38984375 0.065625 0.0546875
9 0.20078125 0.44609375 0.0578125 0.05
9 0.2671875 0.38828125 0.06875 0.0609375
9 0.26640625 0.4359375 0.0640625 0.0546875
9 0.459375 0.91640625 0.05625 0.0984375
9 0.42578125 0.96875 0.0515625 0.0625
9 0.771875 0.50390625 0.0671875 0.0578125
9 0.85625 0.553125 0.05625 0.0484375
9 0.9875 0.5921875 0.025 0.05625
9 0.92109375 0.6875 0.06875 0.0625
9 0.85234375 0.74296875 0.0625 0.05625
2 0.796875 0.56171875 0.05625 0.05
0 0.021875 0.3640625 0.04375 0.075
10 0.49296875 0.86875 0.1484375 0.2625
0 0.8859375 0.49453125 0.075 0.0671875
0 0.9140625 0.609375 0.1203125 0.1