0 0.8765625 0.70625 0.1046875 0.0734375
0 0.87421875 0.59140625 0.0640625 0.0546875
10 0.40234375 0.86875 0.0859375 0.2625
0 0.03828125 0.24453125 0.0765625 0.0625
9 0.15703125 0.25 0.0609375 0.0453125
9 0.053125 0.29921875 0.0578125 0.040625
9 0.03125 0.3578125 0.0578125 0.046875
9 0.15 0.31484375 0.0515625 0.040625
9 0.2265625 0.32265625 0.05 0.04375
9 0.2984375 0.33984375 0.0578125 0.04375
9 0.1625 0.375 0.05625 0.040625
9 0.225 0.371875 0.05 0.0375
9 0.28984375 0.38125 0.053125 0.0390625
9 0.3609375 0.89453125 0.0328125 0.0890625
9 0.3140625 0.9515625 0.0296875 0.075
9 0.7625 0.575 0.0578125 0.0515625
9 0.8328125 0.6359375 0.05 0.040625
9 0.971875 0.7140625 0.0546875 0.0375
9 0.7984375 0.8078125 0.0515625 0.046875
9 0.7203125 0.8625 0.0484375 0.059375
2 0.69140625 0.571875 0.046875 0.0359375
2 0.68515625 0.62421875 0.046875 0.04375
2 0.7015625 0.684375 0.040625 0.0421875
2 0.77109375 0.63671875 0.0484375 0.040625
2 0.89609375 0.65234375 0.0484375 0.040625
2 0.95234375 0.59375 0.05625 0.0421875
2 0.96015625 0.65078125 0.05 0.04375
2 0.3890625 0.7875 0.0328125 0.0890625
2 0.35390625 0.79140625 0.025 0.0734375
2 0.38203125 0.26640625 0.053125 0.046875
2 0.38203125 0.32578125 0.040625 0.0375
2 0.371875 0.3953125 0.0453125 0.0390625
2 0.30625 0.26484375 0.04375 0.034375
2 0.22578125 0.26015625 0.05 0.040625
2 0.09609375 0.365625 0.0515625 0.046875
4 0.3390625 0.8625 0.01875 0.0421875
4 0.1078125 0.8375 0.028125 0.0328125
4 0.67578125 0.72578125 0.025 0.034375
4 0.6484375 0.68046875 0.0234375 0.028125
4 0.6296875 0.71484375 0.0234375 0.021875
4 0.64375 0.728125 0.021875 0.025
4 0.81171875 0.6 0.0265625 0.040625
4 0.41796875 0.24609375 0.025 0.028125
4 0.3796875 0.425 0.0234375 0.03125