10 0.87109375 0.71015625 0.103125 0.06875
0 0.87265625 0.59375 0.0640625 0.0453125
10 0.4015625 0.8640625 0.0890625 0.2703125
0 0.0359375 0.25078125 0.0703125 0.05625
0 0.0484375 0.1578125 0.096875 0.0609375
9 0.15625 0.253125 0.0609375 0.0421875
9 0.1453125 0.3125 0.053125 0.04375
9 0.0203125 0.30078125 0.0390625 0.0296875
9 0.03046875 0.35859375 0.053125 0.0390625
9 0.1609375 0.375 0.0515625 0.0390625
9 0.22109375 0.375 0.0515625 0.0390625
9 0.22578125 0.3234375 0.053125 0.0421875
9 0.2859375 0.37890625 0.0515625 0.0421875
9 0.4234375 0.5203125 0.046875 0.0578125
9 0.359375 0.896875 0.0328125 0.084375
9 0.309375 0.95390625 0.0359375 0.0828125
9 0.759375 0.57578125 0.0578125 0.05
9 0.8296875 0.640625 0.053125 0.040625
9 0.965625 0.71328125 0.0546875 0.04375
2 0.09453125 0.3671875 0.0484375 0.034375
2 0.04921875 0.55546875 0.05 0.0359375
2 0.2265625 0.26484375 0.0453125 0.0421875
2 0.30625 0.2703125 0.04375 0.040625
2 0.3828125 0.2703125 0.05 0.04375
2 0.384375 0.32890625 0.04375 0.0390625
2 0.37109375 0.39921875 0.0453125 0.034375
2 0.95 0.59609375 0.0578125 0.0453125
2 0.95859375 0.65546875 0.05 0.0359375
2 0.8953125 0.65234375 0.0453125 0.0390625
2 0.6890625 0.575 0.046875 0.04375
2 0.76796875 0.63828125 0.0484375 0.04375
2 0.684375 0.62890625 0.046875 0.04375
2 0.6984375 0.684375 0.0390625 0.0421875
2 0.390625 0.7875 0.0359375 0.08125
2 0.3515625 0.79375 0.0296875 0.06875
9 0.30078125 0.33515625 0.059375 0.0390625
4 0.81171875 0.60234375 0.025 0.0328125
4 0.64453125 0.68203125 0.0234375 0.03125
4 0.675 0.734375 0.0203125 0.028125
4 0.6421875 0.7296875 0.0203125 0.0203125
4 0.62578125 0.71015625 0.0234375 0.0234375
4 0.63203125 0.35390625 0.0125 0.046875
4 0.3796875 0.43125 0.0265625 0.0265625
4 0.41953125 0.25390625 0.025 0.03125
4 0.33671875 0.8625 0.01875 0.0453125
0 0.871875 0.71171875 0.103125 0.06875