4 0.453125 0.6875 0.021875 0.0453125
4 0.39375 0.73671875 0.021875 0.0453125
4 0.35703125 0.81015625 0.0171875 0.0375
4 0.353125 0.84765625 0.0171875 0.0359375
4 0.34609375 0.88203125 0.015625 0.0359375
4 0.6484375 0.19296875 0.015625 0.0421875
4 0.65546875 0.15703125 0.0171875 0.0375
4 0.66328125 0.109375 0.021875 0.04375
4 0.56796875 0.18515625 0.021875 0.046875
4 0.34375 0.9265625 0.0296875 0.05625
4 0.37734375 0.7875 0.0234375 0.046875
9 0.35546875 0.96171875 0.0421875 0.0765625
9 0.39453125 0.9234375 0.0390625 0.09375
9 0.85 0.5546875 0.059375 0.046875
9 0.9625 0.64609375 0.0609375 0.05
9 0.6921875 0.653125 0.053125 0.04375
9 0.69921875 0.60078125 0.0625 0.05
9 0.3890625 0.5828125 0.059375 0.071875
9 0.1109375 0.38515625 0.0578125 0.0453125
2 0.11328125 0.59296875 0.053125 0.05
2 0.24296875 0.60859375 0.05 0.0453125
2 0.3640625 0.4015625 0.0515625 0.0453125
2 0.35625 0.29375 0.05625 0.0453125
2 0.5734375 0.10390625 0.0390625 0.0921875
2 0.61328125 0.06875 0.04375 0.0890625
2 0.6390625 0.11640625 0.0328125 0.06875
2 0.65390625 0.0296875 0.0359375 0.059375
2 0.4171875 0.8046875 0.04375 0.0828125
2 0.37578125 0.8703125 0.0390625 0.0828125
12 0.2390625 0.38515625 0.1765625 0.0890625
0 0.25 0.2875 0.0921875 0.0734375
10 0.43203125 0.884375 0.1078125 0.23125