2 0.39453125 0.359375 0.0578125 0.0515625
2 0.34375 0.53046875 0.0578125 0.0578125
2 0.24296875 0.5109375 0.05625 0.0546875
2 0.4265625 0.25234375 0.0609375 0.053125
2 0.696875 0.1515625 0.053125 0.090625
2 0.74375 0.1265625 0.046875 0.0859375
2 0.75078125 0.18359375 0.0421875 0.0734375
2 0.79453125 0.10546875 0.046875 0.0859375
2 0.315625 0.76328125 0.04375 0.0765625
2 0.2578125 0.80390625 0.0390625 0.075
9 0.43359375 0.465625 0.05 0.109375
9 0.6515625 0.6578125 0.0609375 0.0546875
9 0.63125 0.703125 0.059375 0.053125
9 0.09921875 0.24453125 0.0671875 0.0515625
9 0.02109375 0.428125 0.0421875 0.05
9 0.25859375 0.8609375 0.046875 0.08125
9 0.20703125 0.89375 0.053125 0.0890625
10 0.30703125 0.846875 0.128125 0.2484375
0 0.33203125 0.2109375 0.0984375 0.0828125
12 0.28046875 0.30078125 0.18125 0.1109375
4 0.31875 0.6890625 0.025 0.04375
4 0.259375 0.74609375 0.0234375 0.0453125
4 0.24296875 0.784375 0.0171875 0.0328125
4 0.2296875 0.80390625 0.021875 0.0359375
4 0.73828125 0.26015625 0.021875 0.0359375
4 0.75625 0.2265625 0.01875 0.028125
4 0.7765625 0.18359375 0.025 0.0421875
4 0.66328125 0.228125 0.025 0.040625
4 0.2859375 0.7359375 0.0296875 0.0421875
4 0.20859375 0.8546875 0.034375 0.0609375
4 0.371875 0.69296875 0.025 0.0421875