4 0.29609375 0.9125 0.021875 0.05625
4 0.34375 0.77578125 0.0171875 0.0421875
4 0.365625 0.728125 0.0140625 0.0359375
4 0.32265625 0.79375 0.015625 0.03125
4 0.31640625 0.825 0.0125 0.034375
4 0.30625 0.86171875 0.015625 0.0390625
4 0.6 0.19296875 0.0203125 0.0421875
4 0.67734375 0.209375 0.0140625 0.0328125
4 0.6890625 0.175 0.0171875 0.0296875
4 0.70078125 0.134375 0.015625 0.0390625
0 0.2765625 0.2625 0.0859375 0.0609375
10 0.3890625 0.88203125 0.0796875 0.2359375
12 0.24609375 0.35625 0.1671875 0.0703125
9 0.0984375 0.346875 0.0546875 0.046875
9 0.4140625 0.53203125 0.0375 0.0859375
9 0.3484375 0.90625 0.03125 0.0796875
9 0.30625 0.95078125 0.0328125 0.084375
9 0.684375 0.62265625 0.0578125 0.046875
9 0.67265625 0.66875 0.046875 0.04375
9 0.91484375 0.60078125 0.05625 0.04375
2 0.3765625 0.27421875 0.0484375 0.034375
2 0.37109375 0.384375 0.0453125 0.0375
2 0.2984375 0.58125 0.0515625 0.0421875
2 0.18203125 0.56328125 0.053125 0.0390625
2 0.38046875 0.8 0.0265625 0.0703125
2 0.334375 0.8546875 0.0265625 0.0734375
2 0.67578125 0.13671875 0.0265625 0.06875
2 0.70078125 0.04375 0.028125 0.075
2 0.65546875 0.08203125 0.03125 0.084375
2 0.61484375 0.1140625 0.0328125 0.0859375
4 0.421875 0.70703125 0.0171875 0.04375