9 0.6296875 0.8109375 0.05 0.1015625
0 0.57578125 0.4859375 0.0703125 0.1515625
0 0.36796875 0.3578125 0.075 0.071875
0 0.70625 0.23984375 0.0890625 0.0640625
12 0.73671875 0.3328125 0.1765625 0.09375
9 0.54140625 0.61484375 0.0453125 0.0796875
9 0.55703125 0.57421875 0.0484375 0.084375
2 0.45078125 0.49375 0.053125 0.078125
9 0.29140625 0.40625 0.0546875 0.0515625
9 0.19140625 0.41328125 0.0546875 0.0484375
9 0.25234375 0.5953125 0.0546875 0.0484375
9 0.21875 0.721875 0.0625 0.0546875
9 0.28984375 0.69375 0.0578125 0.053125
9 0.3515625 0.68515625 0.059375 0.0515625
9 0.33828125 0.640625 0.059375 0.0421875
9 0.3109375 0.5765625 0.0578125 0.059375
9 0.67265625 0.83046875 0.0359375 0.0859375
9 0.70546875 0.8046875 0.04375 0.0875
2 0.60546875 0.2640625 0.0578125 0.04375
9 0.85859375 0.31171875 0.059375 0.05
2 0.63515625 0.665625 0.034375 0.078125
2 0.61328125 0.7140625 0.0421875 0.09375
2 0.62109375 0.37109375 0.05 0.04375
2 0.6140625 0.3109375 0.05 0.046875
2 0.35390625 0.1296875 0.040625 0.0875
2 0.309375 0.1 0.040625 0.084375
2 0.2953125 0.1546875 0.0359375 0.071875
2 0.2609375 0.06640625 0.034375 0.0734375
4 0.62890625 0.56640625 0.0234375 0.0421875
4 0.21640625 0.58046875 0.0296875 0.0265625
4 0.37578125 0.20546875 0.028125 0.0484375
4 0.3 0.23203125 0.0203125 0.0375
4 0.2859375 0.2015625 0.015625 0.0328125
4 0.2671875 0.15078125 0.01875 0.040625