9 0.403125 0.82265625 0.040625 0.0984375
0 0.4234375 0.49375 0.0546875 0.146875
0 0.61640625 0.34453125 0.0671875 0.065625
0 0.26796875 0.2625 0.084375 0.05625
12 0.246875 0.35859375 0.1703125 0.0765625
9 0.47109375 0.61875 0.0375 0.0765625
9 0.45078125 0.5796875 0.040625 0.08125
2 0.5484375 0.48828125 0.0453125 0.075
9 0.69765625 0.38515625 0.05 0.046875
9 0.79765625 0.38125 0.05 0.04375
9 0.75625 0.56875 0.0515625 0.04375
9 0.803125 0.69140625 0.0578125 0.05
9 0.72890625 0.67109375 0.053125 0.046875
9 0.6671875 0.66875 0.0546875 0.046875
9 0.67578125 0.62265625 0.05625 0.0359375
9 0.69609375 0.55625 0.053125 0.0546875
9 0.3625 0.846875 0.028125 0.0828125
9 0.32734375 0.82421875 0.0359375 0.084375
2 0.3703125 0.2765625 0.0546875 0.0390625
9 0.1234375 0.35 0.05625 0.04375
2 0.3828125 0.67890625 0.028125 0.075
2 0.409375 0.725 0.0328125 0.090625
2 0.36640625 0.384375 0.046875 0.0390625
2 0.3671875 0.32421875 0.0453125 0.0421875
2 0.60625 0.11640625 0.03125 0.084375
2 0.64765625 0.08203125 0.03125 0.0828125
2 0.6671875 0.13515625 0.028125 0.06875
2 0.6921875 0.04375 0.028125 0.0703125
4 0.37890625 0.5796875 0.0203125 0.040625
4 0.790625 0.55 0.0265625 0.0234375
4 0.59296875 0.19375 0.0234375 0.046875
4 0.67109375 0.2125 0.015625 0.0375
4 0.68203125 0.18046875 0.0125 0.0328125
4 0.6953125 0.128125 0.0140625 0.0390625