4 0.4109375 0.46015625 0.0171875 0.0375
4 0.59375 0.190625 0.01875 0.0375
4 0.67109375 0.209375 0.015625 0.0390625
4 0.68203125 0.178125 0.015625 0.0359375
4 0.69375 0.13046875 0.015625 0.0390625
4 0.7953125 0.55234375 0.028125 0.025
9 0.4796875 0.5125 0.040625 0.0703125
9 0.38671875 0.7625 0.0328125 0.0828125
9 0.34375 0.90625 0.0375 0.1015625
9 0.3578125 0.70859375 0.0328125 0.09375
2 0.5875 0.43984375 0.0484375 0.0609375
9 0.5078125 0.55078125 0.0453125 0.08125
9 0.6984375 0.55625 0.0515625 0.0546875
9 0.75546875 0.56328125 0.0578125 0.0515625
9 0.6765625 0.6203125 0.05625 0.0484375
9 0.6671875 0.66875 0.0515625 0.04375
9 0.72890625 0.66953125 0.0515625 0.04375
9 0.8015625 0.6859375 0.059375 0.0515625
9 0.7625 0.375 0.0546875 0.0453125
9 0.87109375 0.38203125 0.0546875 0.0453125
2 0.36796875 0.27578125 0.0546875 0.0453125
9 0.1234375 0.35 0.05625 0.0484375
2 0.6078125 0.115625 0.034375 0.0890625
2 0.646875 0.084375 0.0359375 0.0859375
2 0.66796875 0.1375 0.0265625 0.06875
2 0.6921875 0.04609375 0.0328125 0.0796875
2 0.36796875 0.32578125 0.0453125 0.0359375
2 0.365625 0.3859375 0.0453125 0.04375
2 0.4078125 0.58203125 0.0296875 0.075
2 0.43203125 0.64453125 0.0359375 0.0859375
12 0.2484375 0.3625 0.171875 0.0734375
0 0.26875 0.26015625 0.0875 0.0609375
0 0.4546875 0.375 0.05625 0.1515625
0 0.66171875 0.32578125 0.078125 0.0734375
0 0.36953125 0.93515625 0.0546875 0.1265625
9 0.425 0.75 0.0375 0.096875