4 0.59375 0.47265625 0.021875 0.0390625
4 0.45 0.18046875 0.0234375 0.0390625
4 0.37109375 0.18828125 0.021875 0.040625
4 0.36484375 0.15625 0.0203125 0.0375
4 0.359375 0.10703125 0.0203125 0.040625
4 0.2 0.5109375 0.0296875 0.028125
9 0.51875 0.51484375 0.05 0.075
9 0.57578125 0.77578125 0.04375 0.0859375
9 0.5984375 0.92421875 0.05 0.10625
9 0.61171875 0.7265625 0.0453125 0.096875
2 0.421875 0.428125 0.05625 0.0671875
9 0.48515625 0.54921875 0.05625 0.0875
9 0.2953125 0.528125 0.0578125 0.0609375
9 0.23828125 0.52734375 0.0640625 0.059375
9 0.30859375 0.59453125 0.0625 0.05625
9 0.3109375 0.64375 0.0578125 0.05
9 0.25 0.6359375 0.0578125 0.0515625
9 0.17578125 0.6421875 0.065625 0.059375
9 0.2578125 0.33984375 0.059375 0.0515625
9 0.14921875 0.33125 0.0609375 0.0515625
2 0.66171875 0.29609375 0.059375 0.0515625
9 0.89375 0.40390625 0.0625 0.05625
2 0.446875 0.1046875 0.0453125 0.0921875
2 0.4125 0.06796875 0.046875 0.0890625
2 0.384375 0.11796875 0.034375 0.071875
2 0.371875 0.03203125 0.04375 0.0640625
2 0.6546875 0.34609375 0.05 0.0421875
2 0.64921875 0.40546875 0.0515625 0.0484375
2 0.5796875 0.59375 0.0390625 0.078125
2 0.546875 0.65234375 0.046875 0.0890625
12 0.76796875 0.39921875 0.1796875 0.096875
0 0.7625 0.29453125 0.0953125 0.071875
0 0.5625 0.3828125 0.0765625 0.1578125
0 0.3640625 0.3046875 0.0875 0.0828125
0 0.56875 0.94140625 0.071875 0.1171875
9 0.53984375 0.7578125 0.05 0.1