9 0.43671875 0.66328125 0.0453125 0.0953125
9 0.39296875 0.67265625 0.040625 0.0875
9 0.378125 0.5921875 0.0375 0.08125
9 0.33984375 0.81015625 0.04375 0.1046875
9 0.26328125 0.9234375 0.0453125 0.096875
2 0.38984375 0.2671875 0.0546875 0.0453125
9 0.13671875 0.3171875 0.0609375 0.0484375
9 0.5171875 0.4578125 0.046875 0.0734375
9 0.5515625 0.49296875 0.0515625 0.078125
2 0.64375 0.4203125 0.059375 0.0609375
9 0.84375 0.4109375 0.05625 0.05
9 0.9578125 0.434375 0.05625 0.0515625
9 0.74921875 0.5875 0.0546875 0.0484375
9 0.690625 0.57890625 0.0578125 0.0515625
9 0.66484375 0.63984375 0.059375 0.05
9 0.65078125 0.6828125 0.053125 0.0515625
9 0.71328125 0.68984375 0.059375 0.0484375
9 0.784375 0.7125 0.0640625 0.0515625
2 0.44921875 0.57109375 0.046875 0.0890625
2 0.64140625 0.1234375 0.0359375 0.090625
2 0.684375 0.09921875 0.0375 0.0890625
2 0.6984375 0.15078125 0.034375 0.0703125
2 0.73359375 0.065625 0.0375 0.084375
2 0.3828125 0.3171875 0.0484375 0.0421875
2 0.375 0.3734375 0.0515625 0.04375
2 0.43828125 0.46953125 0.0390625 0.075
0 0.290625 0.24375 0.09375 0.06875
0 0.5078125 0.25390625 0.0703125 0.1625
0 0.73125 0.33125 0.0875 0.059375
0 0.36171875 0.846875 0.0625 0.140625
12 0.26171875 0.33671875 0.178125 0.103125
4 0.45703125 0.3375 0.021875 0.0421875
4 0.6203125 0.203125 0.0203125 0.0359375
4 0.69375 0.23046875 0.021875 0.040625
4 0.70703125 0.1953125 0.0171875 0.0328125
4 0.725 0.14921875 0.0234375 0.04375
4 0.7890625 0.5765625 0.025 0.0328125