4 0.203125 0.5140625 0.0296875 0.025
4 0.446875 0.1828125 0.0234375 0.0390625
4 0.365625 0.1953125 0.021875 0.040625
4 0.35859375 0.15859375 0.021875 0.04375
4 0.3546875 0.10703125 0.021875 0.0375
9 0.58359375 0.5140625 0.040625 0.0875
9 0.5546875 0.6203125 0.046875 0.084375
9 0.51015625 0.5953125 0.0484375 0.090625
9 0.409375 0.43203125 0.0625 0.075
2 0.321875 0.359375 0.0546875 0.05
2 0.65703125 0.29296875 0.059375 0.04375
9 0.89140625 0.3984375 0.0625 0.046875
9 0.58125 0.75546875 0.046875 0.1046875
9 0.628125 0.83671875 0.0453125 0.0984375
9 0.296875 0.5359375 0.0609375 0.0625
9 0.2375 0.53359375 0.0578125 0.0515625
9 0.178125 0.64921875 0.0625 0.0546875
9 0.25078125 0.6453125 0.0578125 0.05
9 0.309375 0.6015625 0.059375 0.05
9 0.3125 0.65078125 0.0578125 0.05
9 0.46015625 0.40078125 0.053125 0.065625
9 0.10390625 0.33828125 0.0578125 0.05
13 0.60390625 0.89765625 0.0484375 0.096875
0 0.54921875 0.7828125 0.06875 0.1515625
0 0.52578125 0.121875 0.071875 0.1578125
0 0.253125 0.28046875 0.0828125 0.0640625
0 0.7578125 0.2890625 0.0953125 0.075
12 0.76796875 0.39140625 0.178125 0.09375
2 0.54765625 0.36953125 0.04375 0.090625
2 0.64765625 0.403125 0.05 0.05
2 0.653125 0.34375 0.0484375 0.0421875
2 0.51640625 0.5125 0.046875 0.078125
2 0.43984375 0.10390625 0.0421875 0.0921875
2 0.40625 0.071875 0.0453125 0.0921875
2 0.37890625 0.1171875 0.034375 0.0703125
2 0.3640625 0.03359375 0.040625 0.0671875
4 0.55859375 0.21640625 0.0234375 0.0375