4 0.20390625 0.47265625 0.0328125 0.028125
4 0.49140625 0.178125 0.028125 0.040625
4 0.409375 0.1796875 0.0265625 0.0421875
4 0.4078125 0.1421875 0.0265625 0.04375
4 0.4109375 0.090625 0.0265625 0.0390625
9 0.58046875 0.52578125 0.05 0.090625
9 0.5375 0.6265625 0.0578125 0.0875
9 0.496875 0.5953125 0.059375 0.0921875
9 0.41953125 0.4203125 0.0703125 0.08125
2 0.34375 0.3359375 0.059375 0.05625
2 0.684375 0.3171875 0.0640625 0.05
9 0.9015625 0.45390625 0.065625 0.0546875
9 0.54453125 0.7640625 0.059375 0.10625
9 0.5796875 0.8515625 0.0578125 0.1015625
9 0.29375 0.50703125 0.0671875 0.06875
9 0.23515625 0.496875 0.0625 0.0578125
9 0.16015625 0.603125 0.06875 0.0609375
9 0.2328125 0.60859375 0.0625 0.05625
9 0.29765625 0.57421875 0.0640625 0.05625
9 0.29296875 0.6234375 0.0625 0.05625
9 0.47421875 0.39609375 0.059375 0.0703125
9 0.13046875 0.284375 0.0625 0.05625
13 0.54765625 0.90859375 0.059375 0.1
0 0.509375 0.7875 0.0875 0.1546875
0 0.578125 0.1296875 0.0921875 0.1609375
0 0.2859375 0.2484375 0.0890625 0.0734375
0 0.78515625 0.32734375 0.1015625 0.0859375
12 0.78046875 0.4296875 0.184375 0.115625
2 0.56484375 0.37734375 0.0546875 0.09375
2 0.659375 0.42421875 0.0546875 0.0546875
2 0.6734375 0.3671875 0.053125 0.046875
2 0.51484375 0.51484375 0.05625 0.08125
2 0.49609375 0.09921875 0.053125 0.09375
2 0.46640625 0.06328125 0.05625 0.0953125
2 0.4328125 0.1046875 0.04375 0.071875
2 0.43125 0.02734375 0.05 0.0546875
4 0.596875 0.22734375 0.028125 0.0390625