2 0.928125 0.421875 0.05625 0.04375
2 0.6 0.365625 0.059375 0.06875
2 0.634375 0.12109375 0.0390625 0.084375
2 0.6796875 0.09453125 0.0375 0.090625
2 0.6953125 0.15 0.03125 0.0703125
2 0.72578125 0.06015625 0.0375 0.078125
2 0.375 0.378125 0.046875 0.0484375
2 0.38125 0.315625 0.046875 0.040625
9 0.521875 0.4421875 0.0484375 0.0765625
9 0.6265625 0.42734375 0.0578125 0.0625
9 0.696875 0.33828125 0.0578125 0.04375
9 0.8046875 0.39921875 0.05625 0.0578125
9 0.7921875 0.71171875 0.0609375 0.046875
9 0.7203125 0.68984375 0.05625 0.0515625
9 0.65859375 0.68046875 0.0546875 0.053125
9 0.66953125 0.6375 0.05625 0.0375
9 0.69453125 0.5765625 0.05625 0.053125
9 0.75390625 0.58359375 0.0578125 0.0546875
9 0.4453125 0.43359375 0.0421875 0.0953125
2 0.38671875 0.26796875 0.0546875 0.040625
9 0.12265625 0.2546875 0.0609375 0.0484375
9 0.13828125 0.3234375 0.059375 0.0484375
9 0.3390625 0.840625 0.0453125 0.1015625
9 0.3375 0.725 0.04375 0.1
9 0.45703125 0.52890625 0.046875 0.090625
13 0.40390625 0.64140625 0.0390625 0.0921875
0 0.5078125 0.540625 0.0734375 0.1359375
0 0.96328125 0.3578125 0.0734375 0.071875
0 0.28515625 0.24296875 0.09375 0.0609375
12 0.2625 0.3453125 0.1765625 0.09375
9 0.53828125 0.1359375 0.0390625 0.0875
9 0.97265625 0.17421875 0.0484375 0.0828125
4 0.61640625 0.1953125 0.0203125 0.04375
4 0.6921875 0.2234375 0.021875 0.034375
4 0.70625 0.1890625 0.015625 0.034375
4 0.721875 0.14296875 0.0203125 0.040625
4 0.7921875 0.56796875 0.0296875 0.028125
2 0.9015625 0.06171875 0.0375 0.06875
2 0.91484375 0.61796875 0.046875 0.0390625