4 0.73046875 0.88125 0.0234375 0.059375
4 0.7140625 0.82734375 0.015625 0.0296875
4 0.6890625 0.77109375 0.021875 0.0375
4 0.66640625 0.7046875 0.0140625 0.0359375
4 0.59296875 0.5359375 0.01875 0.0421875
4 0.4359375 0.46796875 0.0296875 0.0390625
4 0.36953125 0.2078125 0.0171875 0.0421875
4 0.29375 0.228125 0.0203125 0.034375
4 0.2796875 0.19296875 0.0171875 0.0328125
4 0.2640625 0.14765625 0.0234375 0.0328125
2 0.56328125 0.5859375 0.034375 0.0796875
2 0.34765625 0.12421875 0.0375 0.0890625
2 0.30546875 0.096875 0.0375 0.0875
2 0.2890625 0.1546875 0.03125 0.0703125
2 0.25703125 0.06796875 0.034375 0.0828125
2 0.61484375 0.3734375 0.0578125 0.05625
2 0.67109375 0.78203125 0.0359375 0.075
2 0.60078125 0.26171875 0.0546875 0.053125
9 0.8796875 0.5390625 0.0578125 0.0484375
9 0.85078125 0.31875 0.0578125 0.0484375
9 0.33515625 0.6796875 0.053125 0.05625
9 0.24921875 0.69765625 0.059375 0.0484375
9 0.16875 0.6046875 0.0609375 0.040625
9 0.29609375 0.5796875 0.05625 0.05625
9 0.32421875 0.640625 0.0609375 0.0453125
0 0.6984375 0.24453125 0.09375 0.06875
10 0.621875 0.828125 0.0984375 0.2484375
12 0.7296875 0.3421875 0.1734375 0.084375
9 0.66953125 0.85546875 0.0359375 0.0796875
9 0.71875 0.89921875 0.04375 0.0953125
2 0.3171875 0.034375 0.0234375 0.0421875
4 0.63515625 0.6625 0.025 0.040625