9 0.4421875 0.41328125 0.0328125 0.0875
9 0.440625 0.565625 0.0328125 0.09375
9 0.7015625 0.559375 0.0515625 0.05
9 0.7609375 0.565625 0.0546875 0.04375
9 0.6796875 0.6265625 0.0578125 0.04375
9 0.6703125 0.66875 0.0515625 0.0390625
9 0.73515625 0.66875 0.053125 0.0390625
9 0.903125 0.69375 0.053125 0.0390625
9 0.846875 0.3265625 0.053125 0.0390625
2 0.37109375 0.278125 0.0515625 0.040625
9 0.2671875 0.31875 0.0546875 0.0390625
9 0.12734375 0.35390625 0.053125 0.0390625
2 0.61015625 0.1125 0.028125 0.0828125
2 0.6515625 0.08203125 0.028125 0.084375
2 0.671875 0.13515625 0.03125 0.0671875
2 0.696875 0.04609375 0.03125 0.078125
2 0.38515625 0.659375 0.03125 0.075
2 0.3421875 0.915625 0.0296875 0.0859375
2 0.3703125 0.3859375 0.046875 0.046875
2 0.36875 0.325 0.0453125 0.0375
2 0.85078125 0.58046875 0.046875 0.046875
9 0.80625 0.69140625 0.059375 0.04375
2 0.7453125 0.31953125 0.0546875 0.0390625
9 0.55078125 0.365625 0.05 0.06875
9 0.646875 0.33125 0.0515625 0.0515625
9 0.8734375 0.37890625 0.0546875 0.046875
13 0.49453125 0.36015625 0.0359375 0.0921875
0 0.271875 0.25703125 0.090625 0.06875
0 0.67421875 0.39453125 0.0875 0.0765625
12 0.25 0.36015625 0.1734375 0.0828125
4 0.596875 0.19609375 0.025 0.040625
4 0.67265625 0.2125 0.0125 0.034375
4 0.6859375 0.178125 0.015625 0.0390625
4 0.6984375 0.1296875 0.0171875 0.034375
4 0.7984375 0.55234375 0.021875 0.028125
4 0.06328125 0.271875 0.025 0.0265625