4 0.59609375 0.19375 0.0234375 0.040625
4 0.67265625 0.2125 0.015625 0.034375
4 0.6859375 0.175 0.0140625 0.0375
4 0.6984375 0.12578125 0.0140625 0.0421875
4 0.79921875 0.55234375 0.028125 0.0328125
4 0.125 0.28984375 0.0265625 0.021875
2 0.41484375 0.5515625 0.0359375 0.0765625
2 0.36640625 0.825 0.034375 0.0859375
2 0.36875 0.3875 0.046875 0.0421875
2 0.36953125 0.32421875 0.0453125 0.0375
2 0.61015625 0.1140625 0.034375 0.0875
2 0.6515625 0.0828125 0.0328125 0.084375
2 0.671875 0.13671875 0.03125 0.071875
2 0.69453125 0.04765625 0.028125 0.078125
2 0.80078125 0.32109375 0.059375 0.046875
2 0.84921875 0.58203125 0.040625 0.0390625
9 0.88203125 0.69296875 0.0515625 0.04375
9 0.80625 0.6890625 0.0578125 0.0484375
9 0.73515625 0.67578125 0.0515625 0.0390625
9 0.66953125 0.67109375 0.0546875 0.046875
9 0.67890625 0.625 0.0546875 0.04375
9 0.7015625 0.55859375 0.0546875 0.0546875
9 0.4703125 0.45859375 0.0359375 0.084375
9 0.4734375 0.29453125 0.0375 0.09375
9 0.59375 0.33046875 0.0484375 0.0640625
9 0.70078125 0.31875 0.05 0.040625
9 0.9 0.33203125 0.053125 0.0375
9 0.97265625 0.38984375 0.0546875 0.046875
2 0.37109375 0.278125 0.053125 0.04375
9 0.2859375 0.31953125 0.0546875 0.04375
9 0.125 0.3515625 0.059375 0.0421875
12 0.24921875 0.3625 0.1734375 0.0828125
0 0.2703125 0.25703125 0.0890625 0.0546875
0 0.7421875 0.38125 0.090625 0.059375
13 0.53046875 0.23046875 0.034375 0.1