0 0.80234375 0.35390625 0.0984375 0.0640625
0 0.25 0.2828125 0.0921875 0.0703125
12 0.23828125 0.38203125 0.1796875 0.0875
13 0.5328125 0.08203125 0.0453125 0.103125
9 0.4890625 0.3390625 0.040625 0.0953125
9 0.70625 0.54453125 0.0578125 0.0546875
9 0.76328125 0.546875 0.0546875 0.0546875
9 0.8875 0.65546875 0.05625 0.0484375
9 0.8203125 0.6640625 0.0609375 0.0546875
9 0.746875 0.65 0.0578125 0.053125
9 0.68515625 0.65625 0.05625 0.046875
9 0.68984375 0.6078125 0.0578125 0.0484375
9 0.734375 0.290625 0.05625 0.0484375
9 0.9375 0.29921875 0.0546875 0.0484375
9 0.2734375 0.33828125 0.059375 0.040625
9 0.1140625 0.38359375 0.0578125 0.0484375
9 0.35234375 0.2890625 0.05625 0.05625
9 0.4796875 0.1640625 0.04375 0.1015625
2 0.57578125 0.10859375 0.0375 0.0828125
2 0.6125 0.07265625 0.0390625 0.0890625
2 0.63671875 0.12109375 0.034375 0.0828125
2 0.65546875 0.03515625 0.0359375 0.0703125
2 0.4375 0.45546875 0.0390625 0.084375
2 0.35859375 0.39921875 0.0515625 0.040625
2 0.353125 0.33984375 0.05 0.0484375
2 0.83984375 0.29609375 0.053125 0.0484375
2 0.85078125 0.55078125 0.0453125 0.046875
2 0.40859375 0.7453125 0.0390625 0.0828125
9 0.6234375 0.29921875 0.0546875 0.0546875
4 0.56796875 0.18671875 0.0203125 0.040625
4 0.64765625 0.19609375 0.0203125 0.034375
4 0.65703125 0.16328125 0.0171875 0.0390625
4 0.6625 0.1140625 0.0203125 0.0421875
4 0.79921875 0.5234375 0.0265625 0.0328125
4 0.15 0.33203125 0.028125 0.034375