4 0.19375 0.30625 0.0171875 0.0234375
4 0.79609375 0.55078125 0.0234375 0.0265625
4 0.59296875 0.19375 0.0140625 0.04375
4 0.671875 0.2125 0.0171875 0.046875
4 0.6828125 0.1765625 0.0171875 0.040625
4 0.69453125 0.128125 0.015625 0.0375
9 0.53671875 0.203125 0.0375 0.1
9 0.54140625 0.034375 0.0359375 0.06875
9 0.69375 0.30859375 0.05625 0.053125
9 0.8078125 0.31953125 0.0484375 0.0484375
9 0.871875 0.69375 0.0515625 0.0484375
9 0.803125 0.69140625 0.0578125 0.04375
9 0.73359375 0.675 0.0546875 0.04375
9 0.66875 0.675 0.0484375 0.04375
9 0.67890625 0.628125 0.0546875 0.046875
9 0.70078125 0.55859375 0.0515625 0.0515625
2 0.36875 0.275 0.053125 0.046875
9 0.29140625 0.31953125 0.0546875 0.0453125
9 0.1234375 0.3515625 0.0578125 0.0484375
2 0.60859375 0.1140625 0.0296875 0.0875
2 0.65 0.08203125 0.0359375 0.0875
2 0.67109375 0.1390625 0.028125 0.0796875
2 0.69296875 0.04609375 0.034375 0.075
2 0.909375 0.33359375 0.0515625 0.040625
2 0.4734375 0.328125 0.03125 0.0796875
2 0.36796875 0.3875 0.046875 0.040625
2 0.3671875 0.3265625 0.0453125 0.0359375
2 0.41328125 0.6375 0.0265625 0.0828125
2 0.3375 0.91953125 0.03125 0.0671875
2 0.84453125 0.58125 0.0390625 0.0421875
12 0.2484375 0.3625 0.1765625 0.0828125
0 0.26875 0.26484375 0.0890625 0.059375
0 0.8921875 0.39453125 0.0890625 0.065625