4 0.390625 0.2046875 0.025 0.04375
4 0.3140625 0.22421875 0.01875 0.0453125
4 0.3015625 0.1859375 0.0171875 0.0328125
4 0.284375 0.1390625 0.0171875 0.0375
4 0.20546875 0.56875 0.0328125 0.0328125
4 0.74609375 0.2828125 0.025 0.025
2 0.43828125 0.0703125 0.0375 0.0859375
2 0.51640625 0.39609375 0.0375 0.0796875
2 0.16171875 0.60078125 0.04375 0.05
2 0.628125 0.38125 0.046875 0.0390625
2 0.6265625 0.3234375 0.046875 0.040625
2 0.6171875 0.7109375 0.0328125 0.078125
2 0.37265625 0.1234375 0.0375 0.084375
2 0.33046875 0.0953125 0.034375 0.0828125
2 0.3140625 0.146875 0.0328125 0.0734375
2 0.28203125 0.05625 0.0359375 0.078125
9 0.88671875 0.228125 0.059375 0.040625
9 0.86953125 0.3328125 0.059375 0.04375
9 0.69765625 0.3078125 0.05625 0.0421875
9 0.6453125 0.69296875 0.034375 0.0984375
9 0.6734375 0.8984375 0.04375 0.0953125
9 0.14375 0.71328125 0.053125 0.040625
9 0.2078125 0.7046875 0.0625 0.0515625
9 0.2796875 0.68671875 0.059375 0.0515625
9 0.3421875 0.68203125 0.053125 0.0453125
9 0.3296875 0.6390625 0.0609375 0.05
9 0.30625 0.571875 0.053125 0.0546875
9 0.18671875 0.34296875 0.0546875 0.053125
9 0.0734375 0.35 0.0515625 0.0515625
0 0.71796875 0.25 0.090625 0.0640625
12 0.746875 0.34921875 0.175 0.084375
2 0.621875 0.2703125 0.0578125 0.046875