4 0.56171875 0.19140625 0.0265625 0.0453125
4 0.640625 0.1984375 0.021875 0.0453125
4 0.646875 0.15859375 0.01875 0.0328125
4 0.65625 0.109375 0.01875 0.0390625
4 0.8015625 0.521875 0.034375 0.0328125
4 0.2234375 0.32421875 0.0265625 0.0265625
2 0.49375 0.06640625 0.0421875 0.0875
2 0.4671875 0.4 0.0421875 0.08125
2 0.85 0.546875 0.046875 0.053125
2 0.3546875 0.403125 0.0484375 0.040625
2 0.346875 0.3453125 0.0484375 0.04375
2 0.4171875 0.7265625 0.0375 0.0796875
2 0.5671875 0.1078125 0.040625 0.084375
2 0.6046875 0.0734375 0.0390625 0.084375
2 0.628125 0.121875 0.0359375 0.075
2 0.64609375 0.0328125 0.0390625 0.065625
9 0.075 0.29140625 0.0609375 0.04375
9 0.10859375 0.39296875 0.0609375 0.046875
9 0.27421875 0.34140625 0.0578125 0.0453125
9 0.38671875 0.71328125 0.0390625 0.1
9 0.39140625 0.92109375 0.0484375 0.096875
9 0.88515625 0.65546875 0.0546875 0.04375
9 0.8203125 0.65625 0.0640625 0.0546875
9 0.746875 0.65 0.0625 0.0546875
9 0.684375 0.6546875 0.05625 0.0484375
9 0.68984375 0.61015625 0.0625 0.053125
9 0.70234375 0.540625 0.0546875 0.0578125
9 0.78515625 0.2953125 0.05625 0.0546875
9 0.89765625 0.28515625 0.0546875 0.053125
0 0.24609375 0.2875 0.09375 0.06875
12 0.23203125 0.38984375 0.178125 0.09375
2 0.34375 0.2921875 0.0609375 0.05