4 0.303125 0.296875 0.0234375 0.021875
4 0.5921875 0.19375 0.0171875 0.0453125
4 0.6703125 0.21640625 0.0140625 0.0359375
4 0.6796875 0.18046875 0.0171875 0.0359375
4 0.69453125 0.13125 0.015625 0.046875
4 0.921875 0.5703125 0.0203125 0.03125
4 0.79453125 0.5546875 0.025 0.03125
2 0.3671875 0.278125 0.0515625 0.0390625
9 0.440625 0.40859375 0.034375 0.1046875
9 0.29453125 0.32421875 0.053125 0.0390625
9 0.12109375 0.35625 0.0578125 0.04375
9 0.15625 0.25703125 0.0546875 0.0453125
9 0.40859375 0.68046875 0.0328125 0.090625
9 0.69765625 0.5609375 0.053125 0.05
9 0.75703125 0.57109375 0.05625 0.046875
9 0.86796875 0.68828125 0.053125 0.040625
9 0.8015625 0.68984375 0.0609375 0.0515625
9 0.73125 0.6796875 0.053125 0.0515625
9 0.6671875 0.67734375 0.059375 0.04375
9 0.675 0.628125 0.0546875 0.04375
2 0.45859375 0.48203125 0.0296875 0.075
2 0.55390625 0.103125 0.03125 0.0890625
2 0.60625 0.11875 0.0328125 0.090625
2 0.6453125 0.084375 0.03125 0.08125
2 0.66796875 0.13671875 0.0296875 0.078125
2 0.69296875 0.046875 0.028125 0.0734375
2 0.36484375 0.328125 0.0453125 0.040625
2 0.3640625 0.3875 0.0453125 0.0453125
2 0.8421875 0.584375 0.0453125 0.0390625
9 0.95 0.35625 0.0546875 0.06875
12 0.24609375 0.3578125 0.171875 0.0875
0 0.265625 0.26171875 0.0875 0.059375