4 0.25703125 0.3546875 0.028125 0.0265625
4 0.51015625 0.18046875 0.028125 0.046875
4 0.59140625 0.18203125 0.0234375 0.0375
4 0.590625 0.14453125 0.0265625 0.0390625
4 0.5921875 0.09375 0.0265625 0.0484375
4 0.92578125 0.45859375 0.028125 0.034375
4 0.7984375 0.4765625 0.0328125 0.0359375
2 0.3140625 0.3203125 0.059375 0.0515625
9 0.41875 0.42734375 0.059375 0.109375
9 0.25625 0.38359375 0.0609375 0.0515625
9 0.096875 0.459375 0.065625 0.05625
9 0.1046875 0.35390625 0.0640625 0.0578125
9 0.45859375 0.69765625 0.0546875 0.0953125
9 0.70703125 0.5078125 0.0640625 0.0625
9 0.76640625 0.50234375 0.065625 0.059375
9 0.90390625 0.58671875 0.0609375 0.053125
9 0.840625 0.60546875 0.071875 0.065625
9 0.76953125 0.6140625 0.0640625 0.0640625
9 0.70703125 0.628125 0.0671875 0.0578125
9 0.70234375 0.578125 0.065625 0.05625
2 0.45546875 0.49375 0.046875 0.0796875
2 0.44921875 0.10234375 0.053125 0.09375
2 0.50390625 0.10390625 0.0546875 0.0953125
2 0.5328125 0.0609375 0.0515625 0.0859375
2 0.56796875 0.10546875 0.0484375 0.0828125
2 0.56796875 0.02578125 0.0453125 0.0515625
2 0.325 0.36875 0.0546875 0.0515625
2 0.33984375 0.4265625 0.0546875 0.0546875
2 0.85234375 0.49296875 0.053125 0.05
9 0.89765625 0.24453125 0.0703125 0.0796875
12 0.21796875 0.428125 0.1875 0.128125
0 0.21171875 0.33046875 0.0984375 0.0796875