4 0.696875 0.296875 0.0234375 0.021875
4 0.4078125 0.19375 0.0171875 0.04375
4 0.3296875 0.21640625 0.0140625 0.034375
4 0.3203125 0.18046875 0.0171875 0.0359375
4 0.30546875 0.13125 0.015625 0.046875
4 0.078125 0.5703125 0.0203125 0.03125
4 0.20546875 0.5546875 0.025 0.03125
2 0.6328125 0.278125 0.05 0.0390625
9 0.559375 0.40859375 0.034375 0.103125
9 0.70546875 0.32421875 0.053125 0.0390625
9 0.87890625 0.35625 0.05625 0.04375
9 0.84375 0.25703125 0.0546875 0.04375
9 0.59140625 0.68046875 0.0328125 0.090625
9 0.30234375 0.5609375 0.053125 0.05
9 0.24296875 0.57109375 0.05625 0.046875
9 0.13203125 0.68828125 0.053125 0.040625
9 0.1984375 0.68984375 0.0609375 0.053125
9 0.26875 0.6796875 0.053125 0.0515625
9 0.3328125 0.67734375 0.059375 0.04375
9 0.325 0.628125 0.05625 0.04375
2 0.54140625 0.48203125 0.028125 0.075
2 0.44609375 0.103125 0.03125 0.0890625
2 0.39375 0.11875 0.0328125 0.090625
2 0.3546875 0.084375 0.03125 0.08125
2 0.33203125 0.13671875 0.028125 0.078125
2 0.30703125 0.046875 0.028125 0.0734375
2 0.63515625 0.328125 0.0453125 0.040625
2 0.6359375 0.3875 0.04375 0.04375
2 0.1578125 0.584375 0.04375 0.0390625
9 0.05 0.35625 0.0546875 0.06875
12 0.75390625 0.3578125 0.171875 0.0875
0 0.734375 0.26171875 0.0875 0.059375