0 0.33125 0.21328125 0.0984375 0.075
12 0.28515625 0.3046875 0.1859375 0.1125
9 0.5359375 0.2578125 0.059375 0.10625
9 0.4234375 0.54375 0.0578125 0.103125
9 0.73046875 0.628125 0.0609375 0.0578125
9 0.6734375 0.6078125 0.0640625 0.0671875
9 0.80703125 0.7734375 0.059375 0.053125
9 0.7453125 0.76015625 0.0703125 0.065625
9 0.67734375 0.72734375 0.0578125 0.05
9 0.6171875 0.70703125 0.0625 0.0546875
9 0.63828125 0.66875 0.071875 0.0671875
2 0.4234375 0.25078125 0.05625 0.046875
9 0.165625 0.265625 0.0640625 0.05625
9 0.23359375 0.18671875 0.0640625 0.05625
9 0.34296875 0.275 0.065625 0.0546875
2 0.40859375 0.3015625 0.0515625 0.05
2 0.39296875 0.36015625 0.053125 0.046875
2 0.52890625 0.353125 0.0484375 0.075
2 0.81015625 0.665625 0.0515625 0.05
2 0.69453125 0.15546875 0.0515625 0.09375
2 0.74140625 0.13515625 0.0484375 0.0890625
2 0.74921875 0.1890625 0.0421875 0.0734375
2 0.79375 0.109375 0.046875 0.08125
4 0.659375 0.2296875 0.0296875 0.0453125
4 0.7328125 0.2640625 0.025 0.04375
4 0.75 0.2328125 0.021875 0.0375
4 0.77734375 0.18515625 0.025 0.0421875
4 0.77109375 0.62109375 0.0296875 0.0296875
4 0.8671875 0.6625 0.0328125 0.0359375
4 0.1078125 0.10625 0.0390625 0.034375
4 0.375 0.2640625 0.028125 0.0328125