0 0.7328125 0.2625 0.0875 0.05625
12 0.75546875 0.3625 0.171875 0.0734375
9 0.5234375 0.25625 0.0359375 0.1
9 0.5640625 0.5609375 0.0359375 0.096875
9 0.2453125 0.56875 0.0515625 0.046875
9 0.30546875 0.5625 0.053125 0.05625
9 0.1359375 0.69140625 0.0515625 0.040625
9 0.19921875 0.69296875 0.059375 0.053125
9 0.27265625 0.67734375 0.05 0.0375
9 0.3359375 0.67265625 0.053125 0.04375
9 0.325 0.63046875 0.0609375 0.053125
2 0.634375 0.2765625 0.05 0.0375
9 0.88125 0.35390625 0.05625 0.04375
9 0.834375 0.26015625 0.0546875 0.04375
9 0.70703125 0.31953125 0.0578125 0.040625
2 0.63671875 0.3296875 0.04375 0.040625
2 0.6375 0.38984375 0.046875 0.0375
2 0.50703125 0.35078125 0.03125 0.06875
2 0.15859375 0.5859375 0.04375 0.040625
2 0.39453125 0.11875 0.03125 0.0875
2 0.35390625 0.0875 0.0296875 0.084375
2 0.33359375 0.13828125 0.025 0.06875
2 0.309375 0.05 0.028125 0.0765625
4 0.4109375 0.19921875 0.0203125 0.0421875
4 0.33125 0.21484375 0.015625 0.040625
4 0.321875 0.18046875 0.0140625 0.0359375
4 0.30703125 0.12734375 0.015625 0.0390625
4 0.2078125 0.55234375 0.025 0.025
4 0.1046875 0.56875 0.0265625 0.03125
4 0.97578125 0.2125 0.034375 0.0265625
4 0.678125 0.3015625 0.021875 0.028125