4 0.65234375 0.315625 0.01875 0.0421875
4 0.88984375 0.18359375 0.028125 0.0203125
4 0.38203125 0.20625 0.021875 0.0375
4 0.3078125 0.23125 0.021875 0.0453125
4 0.2921875 0.19453125 0.015625 0.0390625
4 0.27421875 0.14609375 0.0234375 0.0453125
4 0.21328125 0.58125 0.025 0.021875
4 0.12578125 0.603125 0.028125 0.028125
2 0.36171875 0.1265625 0.040625 0.0890625
2 0.31953125 0.1015625 0.040625 0.0890625
2 0.303125 0.1546875 0.034375 0.0734375
2 0.271875 0.06796875 0.0359375 0.084375
2 0.16796875 0.6109375 0.04375 0.04375
2 0.62109375 0.3171875 0.05 0.0421875
2 0.62734375 0.378125 0.0515625 0.0421875
2 0.44375 0.2140625 0.0375 0.0734375
9 0.45078125 0.10546875 0.0390625 0.1
9 0.31171875 0.5796875 0.0609375 0.053125
9 0.253125 0.59296875 0.059375 0.0453125
9 0.33828125 0.640625 0.0609375 0.0484375
9 0.3515625 0.68671875 0.059375 0.0453125
9 0.28984375 0.69375 0.0546875 0.05
9 0.21875 0.71796875 0.0625 0.0578125
9 0.15234375 0.725 0.05625 0.053125
2 0.61484375 0.2640625 0.0578125 0.05
9 0.69140625 0.30234375 0.0578125 0.0453125
9 0.80546875 0.22890625 0.0578125 0.046875
9 0.86640625 0.3203125 0.059375 0.0421875
9 0.94296875 0.12890625 0.05625 0.0453125
9 0.52421875 0.43515625 0.040625 0.09375
0 0.7125 0.2421875 0.0921875 0.0671875
12 0.74296875 0.3390625 0.1796875 0.0953125