4 0.33203125 0.3296875 0.015625 0.040625
4 0.084375 0.21875 0.0265625 0.01875
4 0.5921875 0.196875 0.01875 0.0375
4 0.66796875 0.215625 0.01875 0.04375
4 0.68046875 0.17734375 0.0125 0.0375
4 0.69375 0.128125 0.0203125 0.04375
4 0.79296875 0.55625 0.0234375 0.0203125
4 0.88203125 0.5703125 0.0265625 0.0265625
2 0.60546875 0.115625 0.0328125 0.0875
2 0.6453125 0.0875 0.034375 0.0859375
2 0.66640625 0.1390625 0.028125 0.071875
2 0.68984375 0.05 0.028125 0.0828125
2 0.840625 0.58125 0.040625 0.040625
2 0.36328125 0.328125 0.046875 0.0390625
2 0.3625 0.38984375 0.0484375 0.0390625
2 0.53125 0.21015625 0.03125 0.071875
9 0.51484375 0.10234375 0.03125 0.0984375
9 0.69453125 0.56328125 0.0578125 0.046875
9 0.75390625 0.57109375 0.05625 0.040625
9 0.6734375 0.62578125 0.0578125 0.04375
9 0.6640625 0.6734375 0.05625 0.040625
9 0.7265625 0.675 0.0515625 0.046875
9 0.79921875 0.69296875 0.0578125 0.053125
9 0.865625 0.69375 0.0515625 0.0484375
2 0.36484375 0.275 0.0546875 0.046875
9 0.2921875 0.31953125 0.0546875 0.0421875
9 0.171875 0.25625 0.0546875 0.04375
9 0.11953125 0.353125 0.0578125 0.0375
9 0.0265625 0.16875 0.053125 0.040625
9 0.4703125 0.4375 0.034375 0.090625
0 0.265625 0.26171875 0.0875 0.059375
12 0.24375 0.3609375 0.1734375 0.08125