4 0.6953125 0.36171875 0.021875 0.0421875
4 0.9578125 0.2953125 0.0296875 0.0234375
4 0.46171875 0.18515625 0.0234375 0.0390625
4 0.38359375 0.190625 0.025 0.046875
4 0.378125 0.15078125 0.01875 0.0390625
4 0.3734375 0.1 0.0265625 0.046875
4 0.2015625 0.5046875 0.025 0.0234375
4 0.11171875 0.503125 0.0296875 0.03125
2 0.4625 0.103125 0.046875 0.090625
2 0.42890625 0.06875 0.0484375 0.090625
2 0.3984375 0.115625 0.040625 0.075
2 0.39140625 0.03359375 0.0421875 0.0671875
2 0.15078125 0.52109375 0.046875 0.046875
2 0.66484375 0.3546875 0.0515625 0.0453125
2 0.6546875 0.415625 0.0546875 0.046875
2 0.51953125 0.209375 0.04375 0.075
9 0.5546875 0.10546875 0.0484375 0.1015625
9 0.29765625 0.52890625 0.0640625 0.05625
9 0.2375 0.52578125 0.0609375 0.05
9 0.30703125 0.59375 0.0640625 0.0515625
9 0.30859375 0.6421875 0.0609375 0.05
9 0.246875 0.6328125 0.059375 0.0546875
9 0.171875 0.63828125 0.065625 0.0625
9 0.10625 0.62734375 0.059375 0.05625
2 0.671875 0.3015625 0.0625 0.0546875
9 0.7359375 0.35859375 0.0609375 0.05
9 0.865625 0.3171875 0.0609375 0.0515625
9 0.9 0.42109375 0.0625 0.0453125
9 0.53984375 0.44375 0.0484375 0.0953125
0 0.771875 0.30625 0.096875 0.0734375
12 0.7765625 0.4078125 0.184375 0.109375