12 0.2609375 0.33671875 0.1828125 0.0921875
0 0.29296875 0.23984375 0.096875 0.0625
9 0.3140625 0.29921875 0.059375 0.0453125
2 0.39140625 0.265625 0.059375 0.0484375
9 0.525 0.3078125 0.046875 0.0921875
9 0.2 0.2234375 0.0609375 0.046875
9 0.13984375 0.31171875 0.0609375 0.046875
9 0.128125 0.12265625 0.059375 0.04375
9 0.6859375 0.58203125 0.0578125 0.053125
9 0.746875 0.59375 0.0578125 0.0515625
9 0.8453125 0.73046875 0.05625 0.04375
9 0.7796875 0.72421875 0.0625 0.0515625
9 0.70703125 0.7 0.05625 0.05
9 0.64765625 0.68984375 0.059375 0.05
9 0.66015625 0.64453125 0.059375 0.05
2 0.378125 0.37734375 0.0515625 0.04375
2 0.384375 0.3171875 0.0453125 0.0421875
2 0.61484375 0.06328125 0.034375 0.0828125
2 0.64609375 0.1296875 0.040625 0.0921875
2 0.68984375 0.1046875 0.0390625 0.0859375
2 0.703125 0.16171875 0.0359375 0.078125
2 0.73828125 0.07109375 0.0375 0.0765625
2 0.83125 0.6171875 0.0453125 0.05
4 0.16875 0.184375 0.028125 0.0265625
4 0.36640625 0.33828125 0.0234375 0.025
4 0.621875 0.20546875 0.021875 0.04375
4 0.6984375 0.23203125 0.0203125 0.0421875
4 0.71328125 0.20078125 0.0171875 0.0359375
4 0.73046875 0.1515625 0.0203125 0.0453125
4 0.7890625 0.584375 0.03125 0.028125
4 0.871875 0.6140625 0.028125 0.0359375