12 0.2453125 0.3625 0.1765625 0.0734375
0 0.2671875 0.2625 0.0921875 0.0546875
9 0.29375 0.31953125 0.0546875 0.0390625
2 0.3671875 0.278125 0.0546875 0.04375
9 0.5046875 0.30625 0.0390625 0.0890625
9 0.17265625 0.25625 0.05625 0.040625
9 0.121875 0.35078125 0.05625 0.040625
9 0.090625 0.16328125 0.05625 0.0375
9 0.69375 0.5625 0.053125 0.0484375
9 0.75546875 0.5671875 0.053125 0.046875
9 0.8671875 0.69296875 0.053125 0.0390625
9 0.8015625 0.69375 0.0578125 0.046875
9 0.7265625 0.67734375 0.0515625 0.04375
9 0.66640625 0.6734375 0.05625 0.04375
9 0.67421875 0.62734375 0.0546875 0.04375
2 0.365625 0.390625 0.046875 0.0390625
2 0.365625 0.33046875 0.0421875 0.0390625
2 0.56875 0.05390625 0.0265625 0.08125
2 0.60625 0.11640625 0.03125 0.090625
2 0.64765625 0.08671875 0.03125 0.0828125
2 0.66640625 0.1421875 0.028125 0.075
2 0.6921875 0.0484375 0.0296875 0.0734375
2 0.84140625 0.58203125 0.040625 0.046875
4 0.1375 0.22109375 0.0265625 0.0234375
4 0.35 0.353125 0.021875 0.0234375
4 0.590625 0.19453125 0.0171875 0.0421875
4 0.66953125 0.2125 0.0171875 0.040625
4 0.68125 0.18046875 0.0140625 0.0359375
4 0.69296875 0.1296875 0.015625 0.04375
4 0.79609375 0.55390625 0.028125 0.0265625
4 0.88203125 0.57421875 0.025 0.034375