4 0.40859375 0.19609375 0.015625 0.04375
4 0.3296875 0.2125 0.0171875 0.0390625
4 0.31875 0.18125 0.015625 0.040625
4 0.30625 0.13125 0.01875 0.040625
4 0.115625 0.57265625 0.025 0.025
4 0.20625 0.55625 0.0234375 0.03125
4 0.634375 0.35859375 0.0203125 0.025
4 0.81640625 0.22578125 0.025 0.01875
9 0.825 0.25625 0.05625 0.0515625
9 0.8796875 0.35625 0.05625 0.046875
9 0.853125 0.1546875 0.053125 0.040625
9 0.7046875 0.31796875 0.053125 0.046875
2 0.63203125 0.27734375 0.053125 0.0375
9 0.4609375 0.16015625 0.0375 0.0921875
9 0.303125 0.565625 0.053125 0.0484375
9 0.24375 0.56796875 0.053125 0.04375
9 0.32421875 0.62734375 0.05625 0.0375
9 0.33359375 0.67578125 0.053125 0.0515625
9 0.2703125 0.675 0.05 0.04375
9 0.13125 0.69375 0.0515625 0.046875
9 0.19921875 0.69140625 0.0625 0.05
9 0.0375 0.65546875 0.05625 0.053125
2 0.6359375 0.38984375 0.04375 0.0375
2 0.634375 0.3296875 0.053125 0.040625
2 0.39296875 0.11640625 0.03125 0.084375
2 0.353125 0.0875 0.03125 0.078125
2 0.334375 0.13984375 0.03125 0.06875
2 0.15859375 0.58203125 0.040625 0.0375
2 0.3078125 0.046875 0.0328125 0.0734375
0 0.734375 0.26015625 0.090625 0.05625
12 0.7546875 0.36171875 0.1734375 0.078125