12 0.24453125 0.365625 0.171875 0.071875
0 0.2640625 0.26015625 0.0921875 0.05625
9 0.28984375 0.075 0.0484375 0.059375
9 0.171875 0.26171875 0.0546875 0.0453125
9 0.11796875 0.35078125 0.059375 0.0453125
9 0.29296875 0.31875 0.053125 0.040625
2 0.365625 0.28125 0.053125 0.0484375
9 0.7546875 0.5703125 0.053125 0.0375
9 0.8203125 0.63671875 0.0546875 0.0546875
9 0.86484375 0.69140625 0.0546875 0.0453125
9 0.8 0.69140625 0.059375 0.0484375
9 0.72734375 0.67578125 0.053125 0.046875
9 0.6640625 0.67421875 0.05625 0.04375
9 0.67265625 0.628125 0.053125 0.04375
9 0.6953125 0.5640625 0.0546875 0.053125
2 0.3625 0.39140625 0.04375 0.0390625
2 0.3640625 0.33046875 0.046875 0.03125
2 0.60234375 0.13046875 0.03125 0.090625
2 0.63828125 0.11171875 0.034375 0.0890625
2 0.6609375 0.16328125 0.028125 0.0671875
2 0.690625 0.05703125 0.03125 0.08125
2 0.8390625 0.58359375 0.0421875 0.0390625
4 0.8796875 0.57265625 0.0265625 0.0265625
4 0.871875 0.7328125 0.0234375 0.025
4 0.790625 0.55625 0.0234375 0.0296875
4 0.65 0.2828125 0.0171875 0.0390625
4 0.66875 0.2140625 0.015625 0.0359375
4 0.68359375 0.16171875 0.015625 0.040625
4 0.55 0.296875 0.0234375 0.0328125
4 0.28828125 0.225 0.025 0.0265625
4 0.390625 0.396875 0.015625 0.040625