4 0.59921875 0.40703125 0.0234375 0.046875
4 0.65234375 0.209375 0.0234375 0.025
4 0.48125 0.3890625 0.025 0.0421875
4 0.35703125 0.3765625 0.0234375 0.0484375
4 0.32265625 0.28203125 0.01875 0.0375
4 0.30078125 0.221875 0.01875 0.034375
4 0.1984375 0.76796875 0.0296875 0.03125
4 0.13046875 0.6140625 0.025 0.0203125
4 0.21875 0.5859375 0.028125 0.03125
0 0.70859375 0.2390625 0.096875 0.0609375
12 0.7421875 0.3359375 0.1828125 0.096875
9 0.6890625 0.30078125 0.0578125 0.04375
9 0.80078125 0.22421875 0.0578125 0.0484375
9 0.86484375 0.31484375 0.0625 0.05
2 0.61328125 0.265625 0.059375 0.0484375
9 0.315625 0.58515625 0.05625 0.0546875
9 0.25703125 0.59375 0.0546875 0.0453125
9 0.16015625 0.73203125 0.05625 0.0484375
9 0.22578125 0.7234375 0.0625 0.05
9 0.2296875 0.66171875 0.059375 0.053125
9 0.2953125 0.70390625 0.059375 0.05
9 0.3421875 0.6421875 0.0640625 0.05
9 0.35703125 0.6921875 0.0546875 0.05
2 0.37421875 0.17734375 0.0390625 0.0890625
2 0.340625 0.17890625 0.0421875 0.0875
2 0.3203125 0.21171875 0.0359375 0.0640625
2 0.2734375 0.08984375 0.0375 0.071875
2 0.1734375 0.61953125 0.0453125 0.0453125
2 0.62734375 0.3734375 0.053125 0.0453125
2 0.61796875 0.31796875 0.0484375 0.0453125
9 0.6125 0.025 0.05 0.05
2 0.328125 0.0453125 0.0390625 0.0609375