2 0.61875 0.05078125 0.028125 0.075
2 0.653125 0.04375 0.0296875 0.0734375
2 0.67734375 0.10234375 0.0328125 0.0796875
2 0.63671875 0.24453125 0.028125 0.0640625
2 0.60390625 0.24140625 0.03125 0.0765625
2 0.57890625 0.21640625 0.034375 0.0890625
2 0.3609375 0.32890625 0.0453125 0.0390625
2 0.3609375 0.38984375 0.046875 0.0375
2 0.83671875 0.58125 0.04375 0.04375
2 0.3640625 0.275 0.0484375 0.04375
9 0.29140625 0.321875 0.053125 0.040625
9 0.11640625 0.35546875 0.0546875 0.040625
9 0.16953125 0.25703125 0.053125 0.0515625
9 0.75 0.56796875 0.0546875 0.0453125
9 0.7625 0.634375 0.0515625 0.040625
9 0.86171875 0.690625 0.053125 0.040625
9 0.79609375 0.69765625 0.0609375 0.05
9 0.725 0.6765625 0.0546875 0.0359375
9 0.671875 0.628125 0.0546875 0.0421875
9 0.6625 0.67578125 0.05 0.0390625
9 0.97109375 0.6578125 0.0578125 0.0515625
4 0.878125 0.57734375 0.028125 0.0234375
4 0.78828125 0.55625 0.0203125 0.0234375
4 0.60546875 0.446875 0.0125 0.0390625
4 0.44140625 0.48359375 0.025 0.0375
4 0.396875 0.42421875 0.0203125 0.0359375
4 0.34453125 0.22578125 0.0234375 0.01875
4 0.63671875 0.3375 0.0125 0.0328125
4 0.65625 0.2578125 0.0171875 0.040625
0 0.2625 0.259375 0.0875 0.0625
12 0.23984375 0.3625 0.175 0.0765625
12 0.03828125 0.309375 0.0765625 0.0734375