2 0.5015625 0.0375 0.046875 0.075
2 0.46953125 0.02890625 0.0484375 0.0578125
2 0.43125 0.0703125 0.0515625 0.084375
2 0.434375 0.21796875 0.0421875 0.06875
2 0.46640625 0.2234375 0.05 0.08125
2 0.496875 0.20546875 0.05625 0.0953125
2 0.67890625 0.37109375 0.053125 0.0484375
2 0.6625 0.4296875 0.0546875 0.0484375
2 0.15390625 0.49140625 0.053125 0.053125
2 0.68984375 0.31796875 0.0578125 0.0546875
9 0.74765625 0.38203125 0.0625 0.053125
9 0.9078125 0.459375 0.0640625 0.053125
9 0.88203125 0.35078125 0.0640625 0.0625
9 0.240625 0.50078125 0.0640625 0.0578125
9 0.21171875 0.56171875 0.0609375 0.053125
9 0.1015625 0.590625 0.0609375 0.053125
9 0.1625 0.6140625 0.071875 0.0640625
9 0.23671875 0.6125 0.0609375 0.05
9 0.30078125 0.57890625 0.0640625 0.0546875
9 0.29765625 0.62734375 0.0578125 0.05
9 0.01875 0.5296875 0.0375 0.065625
4 0.11484375 0.4765625 0.0328125 0.0296875
4 0.20703125 0.4796875 0.0265625 0.028125
4 0.41171875 0.42109375 0.021875 0.040625
4 0.5609375 0.49921875 0.0328125 0.0421875
4 0.61953125 0.453125 0.0296875 0.040625
4 0.72109375 0.275 0.0265625 0.0234375
4 0.41015625 0.3078125 0.0203125 0.0359375
4 0.41171875 0.22578125 0.0265625 0.04375
0 0.79140625 0.32890625 0.1 0.0828125
12 0.78671875 0.434375 0.1875 0.11875
12 0.97421875 0.434375 0.0515625 0.090625