10 0.42109375 0.78125 0.0859375 0.240625
0 0.278125 0.2625 0.0953125 0.0640625
12 0.25859375 0.35703125 0.171875 0.08125
9 0.39921875 0.74609375 0.0390625 0.0859375
9 0.34140625 0.8375 0.03125 0.0796875
9 0.35390625 0.90625 0.03125 0.0828125
9 0.67890625 0.67265625 0.0515625 0.0421875
9 0.75 0.67265625 0.05625 0.04375
9 0.7921875 0.56796875 0.0546875 0.046875
9 0.71015625 0.56015625 0.0546875 0.0515625
9 0.6875 0.621875 0.059375 0.0390625
2 0.37890625 0.275 0.0578125 0.0375
9 0.13359375 0.35 0.0578125 0.0421875
2 0.5015625 0.38046875 0.0296875 0.0828125
2 0.378125 0.3875 0.05 0.04375
2 0.3828125 0.696875 0.0296875 0.075
2 0.61875 0.1140625 0.0359375 0.0859375
2 0.65625 0.084375 0.0328125 0.0828125
2 0.67734375 0.13671875 0.028125 0.0734375
2 0.703125 0.04375 0.028125 0.0734375
4 0.60390625 0.19140625 0.01875 0.0359375
4 0.68359375 0.21328125 0.0125 0.0390625
4 0.703125 0.128125 0.015625 0.04375
4 0.46640625 0.325 0.015625 0.0296875
4 0.3890625 0.58828125 0.0140625 0.034375
4 0.359375 0.68828125 0.0125 0.0390625
4 0.33671875 0.7703125 0.0140625 0.0390625
4 0.3171875 0.85 0.0203125 0.05625
4 0.69296875 0.17265625 0.0125 0.025
4 0.69375 0.371875 0.03125 0.0234375
4 0.415625 0.53671875 0.0234375 0.0328125