12 0.95390625 0.42890625 0.0921875 0.1078125
12 0.78359375 0.434375 0.184375 0.1109375
0 0.790625 0.33125 0.1 0.0796875
9 0.74765625 0.3796875 0.0609375 0.046875
2 0.6875 0.32109375 0.0625 0.0546875
9 0.90703125 0.45390625 0.065625 0.059375
9 0.87890625 0.353125 0.0640625 0.0609375
9 0.23828125 0.5 0.0640625 0.05625
9 0.01953125 0.528125 0.0390625 0.05625
9 0.09921875 0.5953125 0.0609375 0.0484375
9 0.1234375 0.55234375 0.0734375 0.0625
9 0.1625 0.609375 0.065625 0.0578125
9 0.2328125 0.5609375 0.0609375 0.053125
9 0.234375 0.615625 0.0578125 0.053125
9 0.30234375 0.5796875 0.0703125 0.0609375
9 0.29765625 0.51171875 0.0609375 0.05625
9 0.2984375 0.62734375 0.0640625 0.05625
2 0.67734375 0.3703125 0.053125 0.04375
2 0.6609375 0.42734375 0.053125 0.04375
2 0.53046875 0.4296875 0.0578125 0.0765625
2 0.5015625 0.221875 0.04375 0.0734375
2 0.4703125 0.24140625 0.0484375 0.0796875
2 0.428125 0.2609375 0.046875 0.0796875
2 0.43984375 0.44140625 0.0515625 0.0796875
2 0.46875 0.590625 0.05 0.0828125
2 0.15 0.4953125 0.05 0.046875
2 0.49765625 0.02890625 0.0484375 0.0578125
2 0.0140625 0.5796875 0.028125 0.05
4 0.11640625 0.47109375 0.034375 0.0328125
4 0.2046875 0.4796875 0.028125 0.028125
4 0.2453125 0.65390625 0.0296875 0.0296875
4 0.41953125 0.7796875 0.028125 0.046875
4 0.41484375 0.6203125 0.0234375 0.0453125
4 0.40859375 0.5015625 0.028125 0.040625
4 0.61484375 0.45078125 0.028125 0.0359375
4 0.665625 0.26015625 0.03125 0.0328125
4 0.83203125 0.6703125 0.0359375 0.040625