4 0.39921875 0.421875 0.01875 0.025
4 0.40234375 0.228125 0.0265625 0.021875
4 0.0109375 0.5625 0.0203125 0.0328125
4 0.47265625 0.93359375 0.015625 0.0390625
4 0.51640625 0.7578125 0.015625 0.0359375
4 0.55234375 0.6453125 0.0171875 0.0390625
4 0.67890625 0.71015625 0.021875 0.0203125
4 0.790625 0.55625 0.025 0.0265625
4 0.88125 0.575 0.021875 0.021875
9 0.92890625 0.65 0.0515625 0.04375
9 0.8640625 0.69453125 0.0546875 0.0375
9 0.79921875 0.6953125 0.0609375 0.046875
9 0.82578125 0.6453125 0.059375 0.046875
9 0.74375 0.63203125 0.053125 0.04375
9 0.72734375 0.68046875 0.0546875 0.04375
9 0.7546875 0.56875 0.0515625 0.04375
9 0.69375 0.565625 0.05 0.05
9 0.6734375 0.62890625 0.05625 0.0421875
9 0.665625 0.67578125 0.053125 0.0421875
9 0.68984375 0.06328125 0.0359375 0.09375
2 0.36640625 0.27578125 0.0546875 0.0453125
9 0.29375 0.321875 0.053125 0.0390625
9 0.1203125 0.3546875 0.0546875 0.0421875
9 0.17265625 0.26015625 0.05625 0.0484375
2 0.36328125 0.328125 0.046875 0.0375
2 0.3625 0.38984375 0.0453125 0.040625
2 0.4421875 0.49375 0.04375 0.065625
2 0.46875 0.74375 0.0296875 0.0703125
2 0.54375 0.56875 0.0296875 0.075
2 0.83828125 0.5875 0.04375 0.0421875
2 0.9515625 0.703125 0.0453125 0.04375
2 0.5453125 0.3125 0.0296875 0.06875
2 0.56875 0.3609375 0.0328125 0.0703125
2 0.61171875 0.3765625 0.028125 0.075
2 0.61015625 0.10078125 0.03125 0.0890625
12 0.0640625 0.30703125 0.128125 0.0765625
12 0.24375 0.36484375 0.1703125 0.0734375
0 0.26640625 0.26171875 0.0875 0.0640625