12 0.26328125 0.334375 0.1828125 0.096875
12 0.1015625 0.26015625 0.1578125 0.0859375
0 0.296875 0.2375 0.0953125 0.071875
2 0.3953125 0.265625 0.059375 0.05
9 0.31796875 0.3 0.059375 0.0484375
9 0.2046875 0.2203125 0.059375 0.05625
9 0.1421875 0.31015625 0.065625 0.0484375
9 0.58828125 0.27421875 0.0453125 0.0921875
9 0.5875 0.378125 0.0453125 0.09375
9 0.6515625 0.3234375 0.0421875 0.09375
9 0.85390625 0.6890625 0.0546875 0.0453125
9 0.8375 0.740625 0.0578125 0.0484375
9 0.77421875 0.73046875 0.0625 0.0515625
9 0.79765625 0.68125 0.0640625 0.0515625
9 0.703125 0.70703125 0.05625 0.0515625
9 0.7265625 0.66015625 0.0625 0.05625
9 0.74375 0.59921875 0.0578125 0.05
9 0.684375 0.58984375 0.0546875 0.05625
9 0.6546875 0.64765625 0.0609375 0.046875
9 0.64140625 0.6984375 0.0578125 0.0484375
2 0.38515625 0.3171875 0.05 0.046875
2 0.37890625 0.37734375 0.05 0.040625
2 0.71171875 0.1625 0.040625 0.084375
2 0.8265625 0.62734375 0.046875 0.0390625
2 0.90859375 0.75390625 0.0484375 0.0390625
2 0.86015625 0.82734375 0.053125 0.053125
2 0.38671875 0.8578125 0.034375 0.0734375
2 0.4703125 0.77109375 0.0359375 0.078125
2 0.134375 0.5234375 0.0546875 0.0515625
2 0.33984375 0.559375 0.0484375 0.053125
2 0.5125 0.4078125 0.0515625 0.0796875
4 0.43671875 0.2171875 0.028125 0.0234375
4 0.59453125 0.7171875 0.0265625 0.028125
4 0.78203125 0.59609375 0.0265625 0.0265625
4 0.8703125 0.62109375 0.0265625 0.0234375
4 0.4125 0.4125 0.0265625 0.0328125
2 0.68359375 0.0484375 0.0375 0.0625