2 0.38828125 0.1140625 0.034375 0.078125
2 0.3421875 0.0734375 0.0328125 0.0859375
2 0.34765625 0.215625 0.0296875 0.0796875
2 0.546875 0.478125 0.0421875 0.0734375
2 0.7328125 0.5890625 0.04375 0.0390625
2 0.97109375 0.54765625 0.05 0.0421875
2 0.5390625 0.8921875 0.0296875 0.0703125
2 0.1640625 0.59375 0.040625 0.0421875
2 0.07109375 0.7109375 0.046875 0.0546875
2 0.209375 0.815625 0.046875 0.0484375
2 0.63359375 0.328125 0.046875 0.0390625
2 0.63828125 0.3875 0.0453125 0.0390625
9 0.7046875 0.3203125 0.0578125 0.0390625
2 0.6328125 0.27734375 0.05625 0.0421875
9 0.88203125 0.3484375 0.0578125 0.0359375
9 0.47109375 0.35078125 0.0421875 0.0890625
9 0.39375 0.384375 0.0328125 0.0890625
9 0.46015625 0.4828125 0.0359375 0.096875
9 0.309375 0.56875 0.053125 0.0546875
9 0.25078125 0.575 0.053125 0.0421875
9 0.13125 0.65 0.0515625 0.0421875
9 0.1421875 0.70234375 0.0546875 0.0484375
9 0.1890625 0.64921875 0.0609375 0.05
9 0.2078125 0.703125 0.0578125 0.04375
9 0.2796875 0.6828125 0.05625 0.0453125
9 0.2609375 0.6359375 0.053125 0.040625
9 0.34140625 0.678125 0.0515625 0.04375
9 0.33203125 0.63359375 0.05625 0.0453125
12 0.75625 0.36328125 0.1734375 0.0828125
0 0.73046875 0.2625 0.0875 0.0578125
9 0.8265625 0.25625 0.0546875 0.0421875
12 0.921875 0.3015625 0.1515625 0.0734375
4 0.12578125 0.58125 0.028125 0.0265625
4 0.21328125 0.56328125 0.0234375 0.0265625
4 0.38359375 0.70625 0.0265625 0.0234375
4 0.60078125 0.4234375 0.021875 0.0328125
4 0.5984375 0.22734375 0.0265625 0.0234375