2 0.6046875 0.1125 0.0328125 0.078125
2 0.65 0.07109375 0.03125 0.0859375
2 0.64765625 0.21328125 0.028125 0.0796875
2 0.453125 0.47890625 0.0421875 0.0734375
2 0.26875 0.59296875 0.04375 0.0390625
2 0.0296875 0.55625 0.05 0.0421875
2 0.46796875 0.89296875 0.0296875 0.0703125
2 0.8375 0.5875 0.040625 0.0421875
2 0.9328125 0.703125 0.0453125 0.053125
2 0.79609375 0.81015625 0.046875 0.0484375
2 0.36328125 0.33046875 0.046875 0.0390625
2 0.36015625 0.38984375 0.0453125 0.0375
9 0.2921875 0.32421875 0.0578125 0.0375
2 0.36328125 0.2796875 0.05625 0.040625
9 0.115625 0.35546875 0.0578125 0.034375
9 0.5265625 0.35 0.040625 0.0875
9 0.60390625 0.3828125 0.0328125 0.0890625
9 0.53984375 0.48203125 0.034375 0.096875
9 0.6921875 0.565625 0.0515625 0.0546875
9 0.75078125 0.5703125 0.0515625 0.0421875
9 0.87109375 0.64375 0.0515625 0.040625
9 0.8609375 0.69609375 0.053125 0.046875
9 0.81328125 0.64375 0.059375 0.0484375
9 0.7953125 0.69765625 0.0578125 0.04375
9 0.7234375 0.67890625 0.0546875 0.04375
9 0.74140625 0.63203125 0.053125 0.0390625
9 0.66171875 0.675 0.0515625 0.04375
9 0.6703125 0.63046875 0.05625 0.04375
12 0.24140625 0.36796875 0.1734375 0.0796875
0 0.265625 0.26640625 0.0875 0.0578125
9 0.16953125 0.26171875 0.0546875 0.040625
12 0.075 0.30859375 0.15 0.0703125
4 0.87578125 0.575 0.028125 0.0265625
4 0.7875 0.55859375 0.0234375 0.0265625
4 0.6203125 0.70390625 0.0265625 0.0234375
4 0.39765625 0.425 0.021875 0.0328125
4 0.396875 0.22890625 0.0265625 0.0234375