10 0.43359375 0.74375 0.0859375 0.2453125
0 0.2828125 0.265625 0.0921875 0.06875
12 0.2578125 0.3609375 0.1734375 0.06875
9 0.421875 0.659375 0.0328125 0.090625
9 0.35546875 0.784375 0.0359375 0.078125
9 0.36875 0.85625 0.03125 0.08125
9 0.6796875 0.66875 0.0515625 0.04375
9 0.74453125 0.67421875 0.0515625 0.0421875
9 0.7828125 0.5625 0.0515625 0.0453125
9 0.71015625 0.56015625 0.05625 0.0578125
9 0.68828125 0.6203125 0.0625 0.0421875
2 0.38125 0.27890625 0.0578125 0.04375
9 0.13515625 0.35078125 0.05625 0.040625
2 0.37734375 0.38203125 0.0484375 0.04375
2 0.53515625 0.24765625 0.03125 0.0828125
2 0.6171875 0.11328125 0.0328125 0.0875
2 0.66015625 0.08125 0.0296875 0.08125
2 0.6796875 0.13359375 0.0265625 0.0734375
2 0.7046875 0.04296875 0.0265625 0.0796875
2 0.95390625 0.778125 0.0546875 0.0390625
2 0.4046875 0.61875 0.03125 0.071875
4 0.3765625 0.6265625 0.015625 0.0359375
4 0.4125 0.5125 0.0140625 0.0375
4 0.353125 0.71171875 0.015625 0.0375
4 0.33125 0.79375 0.028125 0.05625
4 0.503125 0.1921875 0.015625 0.0328125
4 0.60546875 0.19453125 0.0203125 0.040625
4 0.6828125 0.21171875 0.0140625 0.04375
4 0.69296875 0.175 0.0109375 0.0328125
4 0.70625 0.1234375 0.0203125 0.034375
4 0.9484375 0.5875 0.0234375 0.0203125
4 0.775 0.3578125 0.028125 0.025
9 0.91484375 0.0625 0.0390625 0.0984375
4 0.43984375 0.45234375 0.0234375 0.040625