4 0.39765625 0.228125 0.021875 0.021875
4 0.3953125 0.42421875 0.021875 0.0421875
4 0.61953125 0.70703125 0.028125 0.0296875
4 0.78828125 0.55859375 0.025 0.0265625
4 0.8796875 0.57578125 0.0234375 0.028125
2 0.50546875 0.39375 0.0359375 0.065625
2 0.58203125 0.465625 0.0265625 0.071875
2 0.5625 0.39453125 0.0328125 0.075
2 0.6328125 0.13125 0.034375 0.0765625
2 0.83828125 0.5875 0.0421875 0.034375
2 0.93359375 0.70625 0.0421875 0.0390625
2 0.91328125 0.78125 0.053125 0.040625
2 0.253125 0.58671875 0.0515625 0.04375
2 0.05703125 0.7640625 0.040625 0.071875
2 0.0125 0.5671875 0.025 0.040625
2 0.359375 0.33125 0.0453125 0.0421875
2 0.3578125 0.390625 0.0484375 0.04375
2 0.36328125 0.27578125 0.0578125 0.040625
9 0.28828125 0.32109375 0.0515625 0.034375
9 0.11484375 0.353125 0.059375 0.04375
9 0.16796875 0.26171875 0.053125 0.040625
9 0.36015625 0.55625 0.053125 0.05625
9 0.43359375 0.859375 0.0296875 0.0859375
9 0.5390625 0.62265625 0.0359375 0.09375
9 0.69140625 0.56640625 0.05 0.05625
9 0.75078125 0.57265625 0.0515625 0.0484375
9 0.66875 0.63046875 0.0546875 0.040625
9 0.73984375 0.63125 0.05625 0.046875
9 0.8140625 0.64609375 0.059375 0.046875
9 0.87109375 0.640625 0.053125 0.0484375
9 0.8625 0.69375 0.05625 0.04375
9 0.7953125 0.69765625 0.0609375 0.0515625
9 0.72265625 0.67734375 0.053125 0.0375
9 0.66171875 0.6796875 0.05 0.0484375
9 0.64140625 0.23984375 0.0359375 0.0953125
12 0.2390625 0.35859375 0.175 0.078125
12 0.0734375 0.30703125 0.1453125 0.0671875
0 0.2609375 0.2609375 0.090625 0.0671875