12 0.08203125 0.29609375 0.1515625 0.0828125
12 0.24296875 0.3578125 0.175 0.084375
0 0.26953125 0.2546875 0.0953125 0.0671875
2 0.46171875 0.47265625 0.0359375 0.0671875
2 0.6046875 0.2703125 0.034375 0.0921875
2 0.69921875 0.06875 0.0328125 0.0921875
2 0.52578125 0.5234375 0.034375 0.078125
2 0.5546875 0.54921875 0.0328125 0.0734375
2 0.83359375 0.6 0.04375 0.0375
2 0.925 0.7234375 0.04375 0.034375
2 0.8203125 0.81171875 0.053125 0.0453125
2 0.36171875 0.3890625 0.046875 0.0328125
2 0.365625 0.32734375 0.0515625 0.0375
2 0.1671875 0.5671875 0.046875 0.0515625
9 0.175 0.24765625 0.0546875 0.0515625
2 0.36796875 0.27109375 0.053125 0.0421875
9 0.29296875 0.31484375 0.0546875 0.0390625
9 0.278125 0.57109375 0.059375 0.040625
9 0.5046875 0.71640625 0.0359375 0.090625
9 0.68828125 0.57109375 0.053125 0.0546875
9 0.7453125 0.584375 0.0546875 0.0515625
9 0.73515625 0.640625 0.053125 0.0453125
9 0.80546875 0.65546875 0.0625 0.0453125
9 0.86484375 0.65625 0.053125 0.0484375
9 0.85390625 0.71328125 0.0546875 0.04375
9 0.78828125 0.70625 0.065625 0.0484375
9 0.715625 0.68359375 0.0546875 0.046875
9 0.653125 0.6828125 0.053125 0.046875
9 0.66328125 0.63671875 0.05625 0.046875
9 0.621875 0.3296875 0.0421875 0.096875
4 0.39765625 0.42109375 0.0234375 0.046875
4 0.40546875 0.225 0.0265625 0.025
4 0.6109375 0.71015625 0.0234375 0.0296875
4 0.78515625 0.56875 0.021875 0.028125
4 0.875 0.58828125 0.0265625 0.0296875
9 0.38203125 0.96484375 0.0328125 0.0625
9 0.59609375 0.18984375 0.0390625 0.0921875