0 0.70390625 0.23125 0.096875 0.0796875
12 0.73828125 0.3296875 0.1828125 0.10625
12 0.8890625 0.240625 0.159375 0.0984375
9 0.32421875 0.1734375 0.0484375 0.0953125
9 0.440625 0.3359375 0.0546875 0.090625
2 0.6046875 0.26171875 0.0609375 0.05
9 0.6828125 0.290625 0.059375 0.046875
9 0.86171875 0.29609375 0.0609375 0.0421875
9 0.79453125 0.2109375 0.0609375 0.0515625
9 0.91796875 0.5234375 0.0625 0.0421875
9 0.609375 0.90546875 0.046875 0.090625
9 0.3703125 0.70234375 0.05625 0.053125
9 0.35546875 0.65625 0.0640625 0.0546875
9 0.325 0.59765625 0.0625 0.0671875
9 0.2671875 0.609375 0.0578125 0.0546875
9 0.284375 0.6671875 0.0578125 0.0515625
9 0.3109375 0.71328125 0.059375 0.053125
9 0.21640625 0.69140625 0.0625 0.053125
9 0.240625 0.7375 0.0640625 0.0515625
9 0.15859375 0.70078125 0.0578125 0.0515625
9 0.1765625 0.75390625 0.05625 0.0515625
2 0.62421875 0.36875 0.053125 0.0484375
2 0.61484375 0.3109375 0.0515625 0.0453125
2 0.65546875 0.54453125 0.0515625 0.0515625
2 0.5953125 0.78515625 0.0421875 0.0765625
2 0.534375 0.73515625 0.0390625 0.0671875
2 0.48671875 0.54375 0.0484375 0.0859375
2 0.35703125 0.17578125 0.040625 0.0796875
2 0.18515625 0.64140625 0.0453125 0.0453125
2 0.10703125 0.76953125 0.0546875 0.0578125
4 0.13984375 0.634375 0.03125 0.03125
4 0.228125 0.6046875 0.025 0.0265625
4 0.41640625 0.721875 0.0265625 0.0234375
4 0.5921875 0.41015625 0.028125 0.046875
4 0.5609375 0.21328125 0.0265625 0.03125
2 0.32890625 0.2734375 0.04375 0.0875
2 0.3953125 0.90859375 0.059375 0.0671875
2 0.9875 0.47421875 0.025 0.0421875
9 0.43515625 0.52109375 0.05 0.0953125