2 0.2171875 0.58203125 0.0453125 0.0390625
2 0.43828125 0.8359375 0.03125 0.078125
2 0.44765625 0.9375 0.028125 0.071875
2 0.3546875 0.3921875 0.0484375 0.0390625
2 0.35625 0.33046875 0.0453125 0.040625
2 0.5859375 0.4171875 0.0328125 0.078125
2 0.5453125 0.253125 0.0453125 0.0578125
2 0.62109375 0.13046875 0.028125 0.0828125
2 0.6625 0.12109375 0.0296875 0.08125
2 0.8328125 0.58828125 0.0390625 0.040625
2 0.9296875 0.70546875 0.0453125 0.0421875
9 0.86875 0.64609375 0.0515625 0.040625
9 0.859375 0.69921875 0.0515625 0.040625
9 0.81015625 0.640625 0.059375 0.05
9 0.790625 0.69765625 0.0609375 0.05
9 0.73828125 0.63203125 0.0515625 0.0390625
9 0.74765625 0.57265625 0.0515625 0.0421875
9 0.7203125 0.68203125 0.0515625 0.0375
9 0.6578125 0.67734375 0.05 0.0375
9 0.66640625 0.63046875 0.0515625 0.040625
9 0.6859375 0.565625 0.053125 0.046875
9 0.5515625 0.4171875 0.034375 0.090625
9 0.4609375 0.4609375 0.0390625 0.08125
9 0.503125 0.734375 0.0390625 0.103125
9 0.28359375 0.31953125 0.053125 0.04375
9 0.16171875 0.259375 0.05625 0.05
9 0.03046875 0.23671875 0.0578125 0.046875
9 0.11015625 0.35625 0.0578125 0.04375
12 0.234375 0.36015625 0.1765625 0.078125
12 0.07578125 0.3109375 0.1515625 0.078125
0 0.25625 0.2625 0.0921875 0.059375
4 0.39296875 0.2296875 0.0265625 0.0265625
4 0.390625 0.4203125 0.025 0.0359375
4 0.61484375 0.70625 0.0234375 0.0265625
4 0.78515625 0.55703125 0.021875 0.0234375
4 0.8734375 0.575 0.0234375 0.028125
4 0.70703125 0.034375 0.01875 0.0421875
2 0.3578125 0.28125 0.05625 0.05