2 0.221875 0.596875 0.046875 0.040625
2 0.45625 0.8390625 0.034375 0.0796875
2 0.4703125 0.93984375 0.03125 0.0734375
2 0.34921875 0.4 0.05 0.0421875
2 0.34765625 0.33828125 0.046875 0.04375
2 0.58125 0.4125 0.0359375 0.0796875
2 0.53203125 0.25078125 0.0484375 0.059375
2 0.6015625 0.125 0.03125 0.0828125
2 0.6421875 0.11328125 0.034375 0.0828125
2 0.83671875 0.57109375 0.040625 0.0421875
2 0.93984375 0.6828125 0.046875 0.04375
9 0.87578125 0.6265625 0.053125 0.0421875
9 0.86953125 0.68046875 0.053125 0.04375
9 0.8171875 0.62421875 0.0609375 0.0515625
9 0.80078125 0.68203125 0.0640625 0.0515625
9 0.74453125 0.61953125 0.053125 0.0421875
9 0.75078125 0.559375 0.053125 0.0453125
9 0.7296875 0.6703125 0.053125 0.040625
9 0.6671875 0.66875 0.0515625 0.040625
9 0.67265625 0.621875 0.0546875 0.0421875
9 0.6890625 0.55546875 0.05625 0.05
9 0.546875 0.41484375 0.0375 0.0921875
9 0.45859375 0.46328125 0.04375 0.0828125
9 0.515625 0.73359375 0.0453125 0.1046875
9 0.27421875 0.33125 0.0546875 0.0453125
9 0.14921875 0.27734375 0.0578125 0.053125
9 0.0234375 0.26171875 0.046875 0.0484375
9 0.103125 0.3765625 0.059375 0.046875
12 0.22734375 0.37421875 0.1796875 0.0875
12 0.071875 0.3328125 0.14375 0.084375
0 0.24453125 0.27578125 0.0953125 0.0640625
4 0.37890625 0.2359375 0.028125 0.028125
4 0.38671875 0.42578125 0.0265625 0.0359375
4 0.62578125 0.7 0.025 0.0265625
4 0.7875 0.5421875 0.021875 0.025
4 0.8765625 0.55546875 0.025 0.0296875
4 0.68203125 0.02421875 0.0203125 0.0421875
2 0.346875 0.2890625 0.059375 0.053125