4 0.66796875 0.26953125 0.0203125 0.0453125
4 0.41484375 0.221875 0.0265625 0.028125
4 0.39609375 0.415625 0.028125 0.03125
4 0.59296875 0.71328125 0.025 0.028125
4 0.86328125 0.6109375 0.0265625 0.0234375
4 0.7734375 0.58046875 0.025 0.03125
9 0.96015625 0.19375 0.05 0.0796875
9 0.84921875 0.6765625 0.05625 0.0484375
9 0.83515625 0.728125 0.053125 0.0484375
9 0.79296875 0.66640625 0.0609375 0.053125
9 0.7671875 0.72265625 0.0640625 0.053125
9 0.72109375 0.65 0.05625 0.0484375
9 0.7015625 0.7 0.0546875 0.05
9 0.73671875 0.5953125 0.0578125 0.0484375
9 0.678125 0.58125 0.053125 0.053125
9 0.65 0.6453125 0.0578125 0.0515625
9 0.6375 0.68984375 0.0546875 0.040625
9 0.4484375 0.70859375 0.040625 0.096875
9 0.36484375 0.54375 0.0546875 0.0609375
2 0.3765625 0.26484375 0.0546875 0.04375
9 0.2984375 0.30390625 0.05625 0.04375
9 0.18203125 0.2296875 0.059375 0.04375
9 0.1203125 0.31875 0.0609375 0.0453125
9 0.05703125 0.196875 0.059375 0.0484375
2 0.36953125 0.321875 0.05 0.0421875
2 0.3640625 0.378125 0.053125 0.053125
2 0.8203125 0.61484375 0.04375 0.04375
2 0.6171875 0.34453125 0.034375 0.065625
2 0.559375 0.4078125 0.040625 0.084375
2 0.521875 0.60546875 0.0359375 0.078125
2 0.04765625 0.51953125 0.04375 0.0453125
2 0.10546875 0.921875 0.04375 0.09375
2 0.51796875 0.20703125 0.0421875 0.075
2 0.90546875 0.7421875 0.046875 0.0390625
0 0.27734375 0.2453125 0.0953125 0.0671875
12 0.24453125 0.33984375 0.18125 0.09375
12 0.08984375 0.26796875 0.146875 0.0734375