12 0.12265625 0.221875 0.15625 0.096875
12 0.265625 0.31015625 0.1828125 0.1078125
0 0.30859375 0.2140625 0.1 0.0703125
9 0.09609375 0.1453125 0.065625 0.0515625
9 0.21953125 0.19375 0.065625 0.0578125
2 0.40234375 0.25546875 0.0609375 0.053125
9 0.3234375 0.2765625 0.0640625 0.0546875
9 0.1453125 0.2734375 0.065625 0.0515625
9 0.70703125 0.08046875 0.05 0.096875
9 0.7234375 0.61875 0.0671875 0.0546875
9 0.66484375 0.6046875 0.0609375 0.0609375
9 0.63125 0.66171875 0.0609375 0.05
9 0.70234375 0.6765625 0.059375 0.05625
9 0.76640625 0.703125 0.06875 0.0640625
9 0.82421875 0.715625 0.0609375 0.05625
9 0.803125 0.7671875 0.05625 0.0515625
9 0.7390625 0.74921875 0.06875 0.0625
9 0.671875 0.725 0.0640625 0.0546875
9 0.61328125 0.7078125 0.0609375 0.0640625
9 0.353125 0.84140625 0.053125 0.09375
9 0.30390625 0.5375 0.0609375 0.0578125
2 0.3921875 0.3015625 0.0546875 0.0453125
2 0.37890625 0.3640625 0.05625 0.059375
2 0.4625 0.69921875 0.05 0.0875
2 0.5 0.546875 0.046875 0.0796875
2 0.58515625 0.4546875 0.040625 0.06875
2 0.8046875 0.65390625 0.046875 0.04375
2 0.8734375 0.790625 0.0515625 0.0515625
2 0.7265625 0.17421875 0.053125 0.1015625
4 0.6484375 0.38828125 0.021875 0.0390625
4 0.846875 0.6546875 0.0265625 0.03125
4 0.7640625 0.615625 0.0265625 0.028125
4 0.56484375 0.72578125 0.0296875 0.0265625
4 0.40703125 0.40234375 0.028125 0.0328125
4 0.4484375 0.2109375 0.03125 0.034375
2 0.0453125 0.77421875 0.0609375 0.0984375
2 0.56484375 0.15234375 0.0390625 0.0859375