12 0.93984375 0.3984375 0.1203125 0.096875
12 0.79140625 0.421875 0.1828125 0.1078125
0 0.79140625 0.31640625 0.1 0.0703125
9 0.98984375 0.33984375 0.0203125 0.0515625
9 0.88125 0.334375 0.065625 0.0578125
2 0.68828125 0.31640625 0.0609375 0.053125
9 0.75234375 0.36796875 0.0640625 0.0546875
9 0.915625 0.4375 0.065625 0.0515625
9 0.48125 0.040625 0.05 0.08125
9 0.24765625 0.5171875 0.0671875 0.0546875
9 0.30703125 0.528125 0.0609375 0.0609375
9 0.31484375 0.59453125 0.0609375 0.05
9 0.24375 0.57890625 0.059375 0.05625
9 0.1734375 0.5765625 0.06875 0.0640625
9 0.11640625 0.565625 0.0609375 0.05625
9 0.1140625 0.62109375 0.05625 0.0515625
9 0.1796875 0.6296875 0.06875 0.0625
9 0.2515625 0.6359375 0.0640625 0.0546875
9 0.31171875 0.64375 0.0609375 0.0640625
9 0.4953125 0.871875 0.053125 0.09375
9 0.6640625 0.6140625 0.0609375 0.0578125
9 0.0796875 0.13828125 0.0390625 0.0703125
2 0.6796875 0.3625 0.0546875 0.0453125
2 0.66640625 0.425 0.05625 0.059375
2 0.453125 0.696875 0.05 0.0875
2 0.48046875 0.54296875 0.046875 0.0796875
2 0.440625 0.42421875 0.040625 0.06875
2 0.15859375 0.5171875 0.046875 0.04375
2 0.040625 0.61328125 0.0515625 0.0515625
2 0.42578125 0.11015625 0.053125 0.1015625
4 0.41015625 0.3375 0.021875 0.0390625
4 0.1203125 0.5 0.0265625 0.03125
4 0.21171875 0.4984375 0.0265625 0.028125
4 0.34921875 0.6796875 0.0296875 0.0265625
4 0.62421875 0.4484375 0.028125 0.0328125
4 0.6640625 0.25703125 0.03125 0.034375
2 0.80390625 0.93515625 0.0609375 0.0984375
2 0.58203125 0.15546875 0.0390625 0.0859375