0 0.25546875 0.2625 0.090625 0.0609375
12 0.23203125 0.35859375 0.171875 0.0765625
12 0.075 0.303125 0.15 0.0671875
2 0.5875 0.4125 0.0359375 0.0984375
2 0.35390625 0.33046875 0.04375 0.0359375
2 0.35234375 0.3921875 0.046875 0.0390625
2 0.02421875 0.7296875 0.0484375 0.0671875
2 0.43125 0.84296875 0.028125 0.08125
2 0.4453125 0.92109375 0.0296875 0.0796875
2 0.5140625 0.66484375 0.0265625 0.0703125
2 0.83203125 0.58828125 0.04375 0.04375
2 0.92734375 0.70703125 0.04375 0.04375
9 0.03125 0.2375 0.0578125 0.046875
9 0.1625 0.2578125 0.0546875 0.0390625
9 0.10703125 0.353125 0.05625 0.0359375
2 0.35703125 0.278125 0.05625 0.0390625
9 0.284375 0.31875 0.05625 0.0328125
9 0.2015625 0.58125 0.05625 0.0421875
9 0.565625 0.24453125 0.0390625 0.0890625
9 0.68515625 0.5703125 0.053125 0.046875
9 0.746875 0.56875 0.0515625 0.05
9 0.6625 0.6296875 0.0546875 0.0390625
9 0.65625 0.6796875 0.05 0.0515625
9 0.71796875 0.678125 0.0484375 0.04375
9 0.73515625 0.63125 0.0546875 0.0515625
9 0.80703125 0.64453125 0.059375 0.05
9 0.790625 0.696875 0.0578125 0.0515625
9 0.865625 0.64375 0.0546875 0.04375
9 0.85546875 0.6984375 0.053125 0.046875
13 0.62109375 0.04453125 0.034375 0.0890625
4 0.87265625 0.5765625 0.021875 0.0265625
4 0.7828125 0.55859375 0.025 0.0375
4 0.5703125 0.55703125 0.01875 0.0421875
4 0.6140625 0.70625 0.0234375 0.0203125
4 0.39296875 0.425 0.021875 0.0328125
4 0.39140625 0.228125 0.025 0.0296875