0 0.78828125 0.31875 0.1015625 0.078125
12 0.79140625 0.4171875 0.184375 0.1109375
12 0.93828125 0.3953125 0.1234375 0.096875
2 0.4328125 0.39609375 0.0546875 0.103125
2 0.678125 0.36484375 0.05 0.04375
2 0.6671875 0.425 0.053125 0.046875
2 0.91796875 0.8234375 0.0609375 0.075
2 0.49609375 0.85 0.04375 0.0859375
2 0.465625 0.9234375 0.0453125 0.0828125
2 0.45234375 0.65859375 0.040625 0.075
2 0.15703125 0.5171875 0.0515625 0.0515625
2 0.0390625 0.61328125 0.0515625 0.0515625
9 0.98984375 0.340625 0.0203125 0.059375
9 0.88046875 0.33359375 0.0609375 0.05
9 0.91484375 0.43828125 0.0625 0.046875
2 0.6859375 0.3125 0.0625 0.05
9 0.7484375 0.3671875 0.0625 0.0453125
9 0.775 0.64140625 0.0625 0.0515625
9 0.4890625 0.23671875 0.0578125 0.0953125
9 0.30390625 0.53046875 0.0609375 0.05625
9 0.24453125 0.515625 0.0609375 0.059375
9 0.3140625 0.59296875 0.0609375 0.0484375
9 0.31015625 0.64296875 0.059375 0.0609375
9 0.25 0.62890625 0.05625 0.0515625
9 0.24296875 0.5796875 0.0640625 0.0609375
9 0.16953125 0.57734375 0.0671875 0.0609375
9 0.175 0.63203125 0.0671875 0.0625
9 0.1125 0.56484375 0.0625 0.0546875
9 0.1109375 0.6203125 0.0609375 0.05625
13 0.47578125 0.03828125 0.0515625 0.0765625
4 0.11953125 0.49765625 0.0265625 0.0296875
4 0.2109375 0.4984375 0.03125 0.040625
4 0.41953125 0.54140625 0.0265625 0.04375
4 0.3453125 0.678125 0.0265625 0.025
4 0.6203125 0.44921875 0.028125 0.0359375
4 0.6625 0.25703125 0.03125 0.034375