0 0.30546875 0.2203125 0.1 0.0765625
12 0.2640625 0.31015625 0.1828125 0.1078125
12 0.1203125 0.22578125 0.159375 0.09375
2 0.60234375 0.43046875 0.0546875 0.103125
2 0.3890625 0.30546875 0.05 0.04375
2 0.37578125 0.365625 0.053125 0.046875
2 0.01484375 0.634375 0.0296875 0.075
2 0.3671875 0.8234375 0.0421875 0.084375
2 0.365625 0.903125 0.04375 0.0828125
2 0.48203125 0.66484375 0.0390625 0.075
2 0.809375 0.65 0.05 0.05
2 0.8796875 0.78515625 0.05 0.0515625
9 0.08984375 0.153125 0.065625 0.0578125
9 0.21484375 0.19765625 0.0609375 0.0484375
9 0.1421875 0.28046875 0.0625 0.0453125
2 0.40234375 0.2546875 0.0625 0.0484375
9 0.32265625 0.28125 0.0609375 0.04375
9 0.19140625 0.52265625 0.0625 0.0515625
9 0.61328125 0.26171875 0.05625 0.09375
9 0.66796875 0.6046875 0.0609375 0.05625
9 0.72890625 0.61484375 0.0609375 0.0578125
9 0.63515625 0.65859375 0.0609375 0.0484375
9 0.61875 0.70625 0.059375 0.059375
9 0.6796875 0.71640625 0.05625 0.0515625
9 0.70546875 0.6734375 0.0640625 0.0609375
9 0.7734375 0.70078125 0.0671875 0.0609375
9 0.74765625 0.7484375 0.0671875 0.0625
9 0.83125 0.7109375 0.0625 0.0546875
9 0.8109375 0.7625 0.0609375 0.0546875
13 0.70546875 0.07578125 0.05 0.09375
4 0.8515625 0.64609375 0.025 0.0296875
4 0.76640625 0.61171875 0.03125 0.040625
4 0.5578125 0.56953125 0.0265625 0.04375
4 0.57265625 0.72421875 0.0265625 0.025
4 0.409375 0.40625 0.028125 0.0359375
4 0.4453125 0.2125 0.0296875 0.034375