4 0.39296875 0.228125 0.025 0.034375
4 0.39296875 0.42421875 0.021875 0.03125
4 0.54609375 0.65546875 0.0203125 0.04375
4 0.6109375 0.703125 0.025 0.021875
4 0.7828125 0.55703125 0.025 0.0265625
4 0.8734375 0.5765625 0.0234375 0.0265625
2 0.359375 0.28046875 0.0515625 0.04375
9 0.28515625 0.31953125 0.0578125 0.04375
9 0.03515625 0.2375 0.0625 0.046875
9 0.16171875 0.26015625 0.0546875 0.0453125
9 0.10703125 0.35234375 0.059375 0.046875
9 0.14375 0.5765625 0.05625 0.046875
9 0.534375 0.33203125 0.0390625 0.0828125
9 0.6875 0.56640625 0.0546875 0.05625
9 0.746875 0.57265625 0.0484375 0.046875
9 0.665625 0.63046875 0.0546875 0.04375
9 0.7375 0.634375 0.0546875 0.0484375
9 0.65703125 0.678125 0.0515625 0.0421875
9 0.71875 0.6796875 0.053125 0.053125
9 0.790625 0.69375 0.0578125 0.0515625
9 0.8078125 0.64609375 0.0578125 0.0515625
9 0.86640625 0.64375 0.053125 0.0546875
9 0.8578125 0.6984375 0.05625 0.04375
2 0.35625 0.33046875 0.0453125 0.040625
2 0.35625 0.390625 0.0484375 0.034375
2 0.48359375 0.784375 0.025 0.0640625
2 0.390625 0.97734375 0.025 0.0453125
13 0.6015625 0.12890625 0.034375 0.09375
2 0.553125 0.53125 0.0359375 0.0921875
2 0.93125 0.70703125 0.0484375 0.0375
2 0.83125 0.5890625 0.0453125 0.0421875
12 0.2359375 0.359375 0.175 0.0796875
12 0.075 0.30625 0.15 0.06875
0 0.2546875 0.2625 0.0984375 0.05625