4 0.34765625 0.25078125 0.0296875 0.0375
4 0.38125 0.44375 0.0265625 0.034375
4 0.57265625 0.6453125 0.028125 0.046875
4 0.64453125 0.68046875 0.028125 0.025
4 0.78828125 0.50703125 0.028125 0.0296875
4 0.88125 0.5109375 0.028125 0.0296875
2 0.3234375 0.30859375 0.0578125 0.0515625
9 0.25703125 0.359375 0.0640625 0.053125
9 0.0171875 0.321875 0.034375 0.05625
9 0.125 0.32265625 0.0609375 0.053125
9 0.0875 0.42265625 0.0671875 0.0578125
9 0.1625 0.6375 0.0640625 0.0546875
9 0.5046875 0.32890625 0.053125 0.0875
9 0.69609375 0.5328125 0.0640625 0.065625
9 0.75546875 0.52890625 0.05625 0.0546875
9 0.6859375 0.6 0.0609375 0.053125
9 0.75703125 0.59140625 0.0625 0.0578125
9 0.6859375 0.6484375 0.0578125 0.05
9 0.746875 0.6390625 0.0609375 0.0609375
9 0.81953125 0.640625 0.065625 0.059375
9 0.828125 0.590625 0.065625 0.0609375
9 0.8859375 0.578125 0.0609375 0.0625
9 0.88671875 0.63359375 0.0625 0.053125
2 0.32890625 0.3578125 0.0515625 0.0484375
2 0.3390625 0.4171875 0.053125 0.0421875
2 0.53359375 0.7828125 0.034375 0.0671875
2 0.47421875 0.98203125 0.0328125 0.0359375
13 0.5359375 0.1171875 0.05 0.0984375
2 0.5578125 0.521875 0.0515625 0.096875
2 0.9609375 0.62890625 0.053125 0.04375
2 0.84140625 0.53046875 0.0515625 0.0484375
12 0.215625 0.40703125 0.1859375 0.1078125
12 0.06328125 0.3828125 0.1265625 0.09375
0 0.2171875 0.30859375 0.10625 0.071875