0 0.68515625 0.21796875 0.0984375 0.0765625
12 0.72890625 0.3109375 0.190625 0.115625
12 0.8765625 0.221875 0.1578125 0.0953125
9 0.896875 0.14609375 0.065625 0.053125
9 0.7796875 0.18828125 0.0640625 0.0578125
2 0.590625 0.25 0.065625 0.05625
9 0.67265625 0.278125 0.0609375 0.04375
9 0.853125 0.275 0.06875 0.0546875
9 0.92109375 0.48828125 0.0609375 0.046875
9 0.48515625 0.4140625 0.0609375 0.096875
9 0.33046875 0.60625 0.0609375 0.06875
9 0.275 0.62109375 0.0609375 0.05
9 0.365625 0.66171875 0.065625 0.0515625
9 0.38359375 0.70703125 0.0578125 0.059375
9 0.296875 0.67734375 0.0625 0.0546875
9 0.32109375 0.71953125 0.0578125 0.0484375
9 0.2296875 0.70625 0.0703125 0.065625
9 0.25546875 0.75390625 0.065625 0.0609375
9 0.16953125 0.7171875 0.0625 0.0546875
9 0.190625 0.76796875 0.0640625 0.0546875
2 0.6046875 0.30546875 0.0515625 0.0484375
2 0.61796875 0.36328125 0.0546875 0.0484375
2 0.296875 0.084375 0.0484375 0.0921875
2 0.63671875 0.88359375 0.040625 0.071875
2 0.5140625 0.65546875 0.053125 0.0921875
2 0.19375 0.65234375 0.05 0.0515625
2 0.12421875 0.790625 0.05 0.046875
13 0.3546875 0.22421875 0.0546875 0.1015625
4 0.23359375 0.61875 0.0296875 0.040625
4 0.15078125 0.6515625 0.028125 0.028125
4 0.43046875 0.725 0.028125 0.028125
4 0.53359375 0.74453125 0.0265625 0.0421875
4 0.590625 0.4015625 0.028125 0.0359375
4 0.54765625 0.209375 0.03125 0.0296875