12 0.865625 0.21015625 0.1609375 0.1015625
12 0.72421875 0.30078125 0.184375 0.109375
0 0.67578125 0.21171875 0.1015625 0.0859375
9 0.59296875 0.50859375 0.0625 0.075
2 0.5828125 0.25078125 0.059375 0.05
9 0.6640625 0.27578125 0.0578125 0.05
9 0.765625 0.18671875 0.06875 0.065625
9 0.8859375 0.1328125 0.0671875 0.0609375
9 0.8421875 0.2609375 0.0640625 0.0546875
9 0.33515625 0.6109375 0.0625 0.0578125
9 0.278125 0.62734375 0.0609375 0.0578125
9 0.3015625 0.68515625 0.0609375 0.0578125
9 0.3734375 0.6671875 0.0671875 0.0578125
9 0.38984375 0.7078125 0.05625 0.0546875
9 0.33046875 0.72734375 0.0640625 0.0625
9 0.265625 0.76171875 0.071875 0.065625
9 0.2328125 0.71484375 0.0671875 0.059375
9 0.17890625 0.72890625 0.0578125 0.053125
9 0.2015625 0.77421875 0.0671875 0.0609375
9 0.16015625 0.8765625 0.0625 0.053125
9 0.7828125 0.8328125 0.0578125 0.096875
2 0.59765625 0.3015625 0.05 0.04375
2 0.615625 0.36171875 0.05625 0.053125
2 0.64375 0.8640625 0.053125 0.0875
2 0.19921875 0.66875 0.05 0.05
2 0.134375 0.80546875 0.05 0.046875
2 0.3390625 0.20546875 0.0515625 0.084375
2 0.01953125 0.20078125 0.0390625 0.0984375
13 0.403125 0.2921875 0.065625 0.0765625
4 0.15390625 0.66640625 0.0296875 0.025
4 0.2375 0.62578125 0.028125 0.03125
4 0.44140625 0.7234375 0.03125 0.03125
4 0.58515625 0.403125 0.0265625 0.0359375
4 0.53515625 0.209375 0.03125 0.0328125
4 0.27421875 0.12578125 0.03125 0.053125
4 0.640625 0.9171875 0.0234375 0.0484375