9 0.97734375 0.54296875 0.0453125 0.0546875
9 0.88671875 0.590625 0.05625 0.0546875
9 0.8859375 0.64765625 0.0609375 0.046875
9 0.8125 0.78984375 0.05625 0.0484375
9 0.82109375 0.65703125 0.065625 0.059375
9 0.8296875 0.6015625 0.0625 0.0609375
9 0.7578125 0.5390625 0.05625 0.053125
9 0.7578125 0.59609375 0.059375 0.0609375
9 0.7453125 0.646875 0.059375 0.0640625
9 0.68671875 0.60625 0.0625 0.0515625
9 0.684375 0.65625 0.05625 0.0453125
9 0.69921875 0.540625 0.0578125 0.0625
9 0.58828125 0.0828125 0.0484375 0.1
9 0.37578125 0.84921875 0.0484375 0.1
9 0.31875 0.6203125 0.0640625 0.0484375
2 0.3328125 0.3 0.059375 0.05
9 0.265625 0.353125 0.059375 0.046875
9 0.0953125 0.40703125 0.0609375 0.0484375
9 0.140625 0.31015625 0.0640625 0.0671875
9 0.0203125 0.30078125 0.040625 0.0578125
2 0.84453125 0.53984375 0.046875 0.046875
2 0.95625 0.64375 0.05625 0.053125
2 0.3875 0.978125 0.0375 0.04375
2 0.5234375 0.27109375 0.0453125 0.078125
2 0.33984375 0.35234375 0.0546875 0.0515625
2 0.3453125 0.40703125 0.0484375 0.05
4 0.38671875 0.44140625 0.0296875 0.0453125
4 0.36015625 0.24453125 0.028125 0.0265625
4 0.6453125 0.6859375 0.028125 0.025
4 0.79296875 0.51328125 0.0296875 0.0265625
4 0.8875 0.52109375 0.0328125 0.0359375
4 0.54609375 0.2796875 0.021875 0.0359375
13 0.47109375 0.2484375 0.05625 0.0796875
0 0.2296875 0.30234375 0.0984375 0.078125
12 0.0671875 0.36328125 0.134375 0.0859375
12 0.2234375 0.403125 0.1875 0.1125
4 0.9953125 0.6828125 0.009375 0.034375