9 0.9734375 0.6109375 0.053125 0.0484375
9 0.8703125 0.64375 0.05 0.0484375
9 0.86171875 0.7 0.05625 0.0390625
9 0.76875 0.83046875 0.0515625 0.0421875
9 0.79609375 0.7 0.059375 0.0515625
9 0.8125 0.64609375 0.05625 0.0546875
9 0.75 0.57421875 0.0515625 0.046875
9 0.7421875 0.63125 0.0515625 0.0546875
9 0.72265625 0.6796875 0.053125 0.0578125
9 0.6703125 0.63125 0.05625 0.04375
9 0.6609375 0.68046875 0.0515625 0.0390625
9 0.69140625 0.56796875 0.0515625 0.05625
9 0.6453125 0.09921875 0.0359375 0.096875
9 0.328125 0.828125 0.0359375 0.096875
9 0.30390625 0.59375 0.059375 0.0421875
2 0.3625 0.27890625 0.0546875 0.04375
9 0.28828125 0.321875 0.0546875 0.0390625
9 0.1125 0.3515625 0.05625 0.0421875
9 0.1703125 0.26171875 0.05625 0.059375
9 0.0390625 0.23515625 0.0609375 0.05
2 0.8359375 0.5875 0.0421875 0.0421875
2 0.93203125 0.70625 0.0515625 0.046875
2 0.32109375 0.96875 0.0296875 0.0625
2 0.5546875 0.2765625 0.0359375 0.0734375
2 0.36171875 0.33125 0.0484375 0.0453125
2 0.359375 0.38671875 0.04375 0.04375
4 0.39609375 0.4265625 0.0234375 0.04375
4 0.396875 0.22734375 0.025 0.0234375
4 0.61796875 0.7046875 0.025 0.021875
4 0.78828125 0.55390625 0.028125 0.0234375
4 0.88046875 0.575 0.0296875 0.0328125
4 0.5765625 0.28828125 0.0171875 0.034375
13 0.50625 0.246875 0.046875 0.0734375
0 0.26015625 0.26640625 0.090625 0.065625
12 0.07734375 0.30234375 0.1546875 0.065625
12 0.23984375 0.365625 0.1765625 0.0890625
4 0.978125 0.75234375 0.0296875 0.03125