4 0.53046875 0.36875 0.021875 0.0390625
4 0.38984375 0.43359375 0.021875 0.034375
4 0.37734375 0.234375 0.025 0.0234375
4 0.6390625 0.69375 0.0296875 0.03125
4 0.8875 0.54375 0.0265625 0.0296875
4 0.7953125 0.53359375 0.0296875 0.0265625
4 0.94296875 0.70703125 0.0265625 0.025
2 0.34609375 0.2890625 0.059375 0.0515625
9 0.275 0.3375 0.059375 0.0515625
9 0.10390625 0.38984375 0.05625 0.046875
9 0.15 0.28828125 0.05625 0.05
9 0.025 0.27734375 0.05 0.0515625
9 0.58203125 0.27734375 0.046875 0.096875
9 0.36171875 0.82265625 0.046875 0.1
9 0.2421875 0.6203125 0.0578125 0.0484375
9 0.815625 0.67421875 0.0640625 0.0546875
9 0.88046875 0.66640625 0.05625 0.046875
9 0.884375 0.6125 0.0515625 0.05
9 0.825 0.61953125 0.06875 0.05
9 0.9765625 0.571875 0.046875 0.05625
9 0.75703125 0.55078125 0.0578125 0.0546875
9 0.696875 0.5484375 0.059375 0.05625
9 0.68125 0.61484375 0.0609375 0.0453125
9 0.67734375 0.66328125 0.053125 0.040625
9 0.73984375 0.659375 0.0546875 0.0578125
9 0.75234375 0.61015625 0.0609375 0.0484375
2 0.346875 0.34375 0.046875 0.0484375
2 0.3515625 0.4 0.0515625 0.0484375
2 0.37578125 0.92578125 0.0375 0.08125
2 0.95390625 0.66875 0.0453125 0.040625
2 0.8453125 0.5609375 0.0453125 0.040625
9 0.72890625 0.85 0.0578125 0.0578125
2 0.51640625 0.33359375 0.046875 0.075
13 0.4765625 0.2109375 0.0453125 0.1015625
13 0.01875 0.20859375 0.0375 0.0546875
12 0.22890625 0.38515625 0.1734375 0.08125
12 0.07109375 0.34375 0.1421875 0.078125
0 0.240625 0.28203125 0.09375 0.06875