4 0.54140625 0.371875 0.01875 0.0390625
4 0.39609375 0.42421875 0.01875 0.0328125
4 0.40078125 0.225 0.0234375 0.021875
4 0.621875 0.70546875 0.028125 0.028125
4 0.88203125 0.57734375 0.025 0.028125
4 0.79140625 0.559375 0.028125 0.0234375
4 0.9234375 0.74453125 0.025 0.0234375
2 0.36484375 0.2765625 0.05625 0.046875
9 0.28984375 0.31875 0.05625 0.046875
9 0.11484375 0.35546875 0.053125 0.04375
9 0.16953125 0.25859375 0.053125 0.0453125
9 0.040625 0.23671875 0.0578125 0.046875
9 0.60078125 0.28515625 0.0390625 0.09375
9 0.334375 0.809375 0.0390625 0.0984375
9 0.2328125 0.59765625 0.0546875 0.0453125
9 0.79921875 0.70078125 0.059375 0.05
9 0.86484375 0.69921875 0.053125 0.04375
9 0.8734375 0.6453125 0.0484375 0.046875
9 0.81328125 0.64765625 0.065625 0.04375
9 0.9734375 0.61328125 0.0515625 0.0515625
9 0.7515625 0.57265625 0.0546875 0.05
9 0.6921875 0.565625 0.0546875 0.0515625
9 0.6703125 0.63046875 0.0578125 0.040625
9 0.6625 0.678125 0.0515625 0.0359375
9 0.725 0.6796875 0.0515625 0.053125
9 0.74140625 0.63203125 0.0578125 0.04375
2 0.3609375 0.33125 0.04375 0.0453125
2 0.3609375 0.3875 0.046875 0.04375
2 0.3390625 0.91328125 0.03125 0.0796875
2 0.9375 0.7078125 0.04375 0.0375
2 0.8390625 0.590625 0.0421875 0.0375
9 0.69765625 0.86875 0.0546875 0.053125
2 0.53046875 0.3359375 0.040625 0.071875
13 0.5015625 0.21015625 0.0375 0.1
13 0.03671875 0.16796875 0.053125 0.05
12 0.23984375 0.36171875 0.16875 0.0671875
12 0.078125 0.30625 0.15625 0.0640625
0 0.2609375 0.26015625 0.0890625 0.0609375