0 0.74765625 0.275 0.090625 0.05625
12 0.9234375 0.33125 0.153125 0.071875
12 0.76484375 0.3765625 0.1734375 0.078125
9 0.446875 0.46171875 0.0421875 0.0921875
9 0.64609375 0.80625 0.0453125 0.103125
9 0.83515625 0.60859375 0.059375 0.05
9 0.3015625 0.5578125 0.0515625 0.0578125
9 0.24296875 0.55859375 0.0546875 0.0421875
9 0.3203125 0.62265625 0.05625 0.040625
9 0.32734375 0.66953125 0.0546875 0.04375
9 0.2625 0.665625 0.053125 0.0453125
9 0.24921875 0.61796875 0.0515625 0.053125
9 0.17734375 0.63125 0.0640625 0.05625
9 0.190625 0.68515625 0.0640625 0.05
9 0.121875 0.68046875 0.0546875 0.046875
9 0.11796875 0.62578125 0.0546875 0.0484375
9 0.025 0.58671875 0.05 0.0484375
9 0.33984375 0.05234375 0.040625 0.1015625
2 0.64609375 0.2875 0.0546875 0.040625
9 0.71875 0.33046875 0.05625 0.0421875
9 0.89140625 0.3765625 0.05625 0.0484375
9 0.9671875 0.2609375 0.065625 0.05625
9 0.84296875 0.2765625 0.05625 0.0484375
9 0.3515625 0.91796875 0.0515625 0.0625
2 0.5109375 0.4015625 0.04375 0.06875
2 0.6234375 0.875 0.0359375 0.0828125
2 0.64296875 0.40078125 0.0453125 0.0375
2 0.6453125 0.3359375 0.0484375 0.034375
2 0.15625 0.56953125 0.04375 0.046875
2 0.053125 0.68515625 0.05 0.0484375
13 0.51171875 0.16171875 0.034375 0.0953125
13 0.896875 0.178125 0.05625 0.0421875
4 0.11328125 0.5578125 0.025 0.028125
4 0.2078125 0.53828125 0.0265625 0.0265625
4 0.11875 0.7234375 0.0234375 0.028125
4 0.36875 0.6984375 0.028125 0.025
4 0.509375 0.4640625 0.021875 0.034375
4 0.60546875 0.42734375 0.025 0.0359375
4 0.615625 0.23359375 0.025 0.025