4 0.39765625 0.4265625 0.025 0.0328125
4 0.4359375 0.5453125 0.01875 0.0359375
4 0.4 0.228125 0.025 0.021875
4 0.79140625 0.56328125 0.0234375 0.03125
4 0.88203125 0.57890625 0.0265625 0.0234375
4 0.8265625 0.73671875 0.0296875 0.034375
4 0.6203125 0.7109375 0.0265625 0.0296875
9 0.625 0.2828125 0.0328125 0.0890625
9 0.50546875 0.64296875 0.0359375 0.090625
9 0.33515625 0.8015625 0.0375 0.0890625
2 0.365625 0.28046875 0.053125 0.04375
9 0.1703125 0.25625 0.0578125 0.040625
9 0.0421875 0.2375 0.05625 0.053125
9 0.11484375 0.35390625 0.0546875 0.0453125
9 0.0765625 0.5796875 0.05625 0.05
9 0.28984375 0.32109375 0.0578125 0.0390625
9 0.69453125 0.56796875 0.0515625 0.053125
9 0.75234375 0.57421875 0.0515625 0.0484375
9 0.6703125 0.634375 0.05625 0.040625
9 0.6625 0.678125 0.0484375 0.0421875
9 0.74375 0.63125 0.053125 0.04375
9 0.7265625 0.684375 0.05625 0.05
9 0.8140625 0.64609375 0.0625 0.053125
9 0.7984375 0.69453125 0.05625 0.0546875
9 0.865625 0.703125 0.0484375 0.04375
9 0.971875 0.609375 0.05625 0.0484375
2 0.9375 0.7078125 0.05 0.04375
2 0.4515625 0.46796875 0.0421875 0.0671875
2 0.36171875 0.3921875 0.04375 0.0359375
2 0.36171875 0.33046875 0.0453125 0.040625
2 0.365625 0.8375 0.03125 0.078125
2 0.8421875 0.5875 0.0453125 0.0390625
13 0.19375 0.13515625 0.0515625 0.053125
13 0.51875 0.103125 0.0328125 0.0890625
12 0.2390625 0.3625 0.1734375 0.08125
12 0.08125 0.30625 0.1625 0.0734375
0 0.2625 0.26328125 0.0875 0.06875