4 0.39375 0.43203125 0.0265625 0.034375
4 0.43828125 0.5484375 0.0203125 0.0375
4 0.3859375 0.23359375 0.0265625 0.0234375
4 0.79453125 0.54765625 0.025 0.0328125
4 0.8859375 0.55859375 0.028125 0.025
4 0.83828125 0.71953125 0.03125 0.034375
4 0.63125 0.7046875 0.0265625 0.0296875
9 0.61328125 0.2765625 0.0375 0.090625
9 0.51328125 0.6421875 0.040625 0.09375
9 0.35078125 0.81015625 0.0421875 0.090625
2 0.3546875 0.2875 0.0546875 0.046875
9 0.1578125 0.27421875 0.059375 0.04375
9 0.02890625 0.26171875 0.0578125 0.0546875
9 0.1078125 0.37421875 0.05625 0.046875
9 0.08125 0.6015625 0.059375 0.053125
9 0.28046875 0.33203125 0.059375 0.0421875
9 0.69765625 0.5578125 0.0546875 0.05625
9 0.75625 0.5609375 0.0546875 0.0515625
9 0.67734375 0.625 0.0578125 0.04375
9 0.671875 0.66953125 0.05 0.04375
9 0.75 0.61796875 0.0546875 0.046875
9 0.7359375 0.671875 0.0578125 0.0515625
9 0.82109375 0.6296875 0.065625 0.05625
9 0.80859375 0.67890625 0.059375 0.0578125
9 0.87578125 0.68359375 0.05 0.046875
9 0.9734375 0.58359375 0.053125 0.0515625
2 0.94765625 0.684375 0.0515625 0.0453125
2 0.45 0.4703125 0.0453125 0.06875
2 0.35625 0.39921875 0.0453125 0.0375
2 0.353125 0.33828125 0.046875 0.04375
2 0.38359375 0.84375 0.034375 0.078125
2 0.84609375 0.56953125 0.046875 0.040625
13 0.175 0.1515625 0.0546875 0.0546875
13 0.49765625 0.10234375 0.0375 0.090625
12 0.23203125 0.3765625 0.1765625 0.090625
12 0.07734375 0.328125 0.1546875 0.08125
0 0.25078125 0.27578125 0.090625 0.0734375