4 0.60625 0.43203125 0.0265625 0.034375
4 0.56171875 0.5484375 0.0203125 0.0375
4 0.6140625 0.23359375 0.0265625 0.0234375
4 0.20546875 0.54765625 0.025 0.0328125
4 0.1140625 0.55859375 0.028125 0.025
4 0.16171875 0.71953125 0.03125 0.034375
4 0.36875 0.7046875 0.0265625 0.0296875
9 0.38671875 0.2765625 0.0375 0.090625
9 0.48671875 0.6421875 0.040625 0.09375
9 0.64921875 0.81015625 0.0421875 0.090625
2 0.6453125 0.2875 0.0546875 0.046875
9 0.8421875 0.27421875 0.059375 0.04375
9 0.9703125 0.26171875 0.059375 0.0546875
9 0.8921875 0.37421875 0.05625 0.046875
9 0.91875 0.6015625 0.059375 0.053125
9 0.71953125 0.33203125 0.059375 0.0421875
9 0.30234375 0.5578125 0.0546875 0.05625
9 0.24375 0.5609375 0.0546875 0.0515625
9 0.32265625 0.625 0.0578125 0.04375
9 0.328125 0.66953125 0.05 0.04375
9 0.25 0.61796875 0.0546875 0.046875
9 0.2640625 0.671875 0.0578125 0.0515625
9 0.17890625 0.6296875 0.065625 0.05625
9 0.19140625 0.67890625 0.059375 0.0578125
9 0.12421875 0.68359375 0.05 0.046875
9 0.0265625 0.58359375 0.053125 0.0515625
2 0.05234375 0.684375 0.0515625 0.0453125
2 0.55 0.4703125 0.0453125 0.06875
2 0.64375 0.39921875 0.0453125 0.0375
2 0.646875 0.33828125 0.046875 0.04375
2 0.61640625 0.84375 0.034375 0.078125
2 0.15390625 0.56953125 0.046875 0.040625
13 0.825 0.1515625 0.0546875 0.0546875
13 0.50234375 0.10234375 0.0375 0.090625
12 0.76796875 0.3765625 0.1765625 0.090625
12 0.92265625 0.328125 0.1546875 0.08125
0 0.74921875 0.27578125 0.090625 0.0734375