4 0.41015625 0.4109375 0.021875 0.034375
4 0.3546875 0.57421875 0.021875 0.0328125
4 0.5875 0.72421875 0.0328125 0.0265625
4 0.74453125 0.77265625 0.0265625 0.025
4 0.44296875 0.215625 0.0265625 0.028125
4 0.77734375 0.60546875 0.0265625 0.028125
4 0.865625 0.6375 0.0265625 0.028125
9 0.56484375 0.509375 0.0484375 0.0921875
9 0.68125 0.59765625 0.0578125 0.0578125
9 0.73671875 0.61328125 0.05625 0.0484375
9 0.64765625 0.65625 0.0609375 0.04375
9 0.6328125 0.70234375 0.059375 0.0515625
9 0.7203125 0.671875 0.05625 0.05
9 0.69375 0.71484375 0.05625 0.0515625
9 0.76328125 0.74375 0.0640625 0.0484375
9 0.78828125 0.6953125 0.0671875 0.0609375
9 0.84765625 0.703125 0.0578125 0.0484375
9 0.82734375 0.7578125 0.05625 0.053125
9 0.94765625 0.68125 0.0640625 0.05625
2 0.4 0.2640625 0.0578125 0.046875
9 0.32109375 0.28984375 0.0546875 0.0453125
9 0.14140625 0.2921875 0.0640625 0.0515625
9 0.08671875 0.165625 0.0640625 0.0515625
9 0.21015625 0.20703125 0.0609375 0.0484375
9 0.29140625 0.7703125 0.0515625 0.1
9 0.40625 0.8078125 0.0421875 0.0875
2 0.82109375 0.63984375 0.0453125 0.0484375
2 0.896875 0.775 0.053125 0.0453125
2 0.37734375 0.36953125 0.046875 0.0421875
2 0.390625 0.309375 0.053125 0.0421875
2 0.31796875 0.80078125 0.040625 0.084375
2 0.4 0.509375 0.0546875 0.0703125
13 0.325 0.059375 0.0578125 0.0625
13 0.6078125 0.04609375 0.0453125 0.0734375
0 0.30078125 0.228125 0.09375 0.06875
12 0.265625 0.31953125 0.1828125 0.0984375
12 0.11484375 0.24375 0.1671875 0.0828125