4 0.39765625 0.42578125 0.01875 0.03125
4 0.36796875 0.59609375 0.0171875 0.03125
4 0.621875 0.7078125 0.0296875 0.021875
4 0.784375 0.73125 0.0234375 0.021875
4 0.39921875 0.228125 0.0234375 0.025
4 0.790625 0.5609375 0.0234375 0.025
4 0.8828125 0.57890625 0.0234375 0.0234375
9 0.565625 0.49921875 0.0359375 0.0875
9 0.69453125 0.56796875 0.0515625 0.05
9 0.7515625 0.575 0.0515625 0.040625
9 0.6703125 0.63125 0.05625 0.0359375
9 0.6625 0.67890625 0.053125 0.04375
9 0.74453125 0.63515625 0.0515625 0.04375
9 0.725 0.68203125 0.05 0.04375
9 0.7984375 0.69921875 0.0578125 0.040625
9 0.815625 0.64765625 0.059375 0.0515625
9 0.875 0.64609375 0.053125 0.0421875
9 0.86328125 0.703125 0.05 0.0453125
9 0.9703125 0.609375 0.0578125 0.0484375
2 0.3640625 0.2828125 0.0515625 0.0390625
9 0.290625 0.3203125 0.05 0.0375
9 0.11328125 0.35078125 0.059375 0.04375
9 0.03984375 0.234375 0.0578125 0.04375
9 0.16796875 0.25625 0.0546875 0.040625
9 0.3359375 0.8 0.0375 0.09375
9 0.45546875 0.81875 0.0296875 0.084375
2 0.8390625 0.5875 0.0390625 0.04375
2 0.93515625 0.709375 0.046875 0.0390625
2 0.35859375 0.390625 0.0421875 0.0375
2 0.3625 0.32890625 0.046875 0.0359375
2 0.3671875 0.82578125 0.028125 0.08125
2 0.40234375 0.525 0.0453125 0.0640625
13 0.25859375 0.0921875 0.05 0.05625
13 0.53515625 0.03515625 0.0359375 0.06875
0 0.2609375 0.2625 0.0859375 0.05625
12 0.240625 0.35859375 0.1734375 0.071875
12 0.0796875 0.30703125 0.159375 0.059375