4 0.6734375 0.728125 0.0234375 0.0296875
4 0.6203125 0.70546875 0.021875 0.0296875
4 0.790625 0.5625 0.0234375 0.028125
4 0.88125 0.58046875 0.025 0.0265625
4 0.3984375 0.42578125 0.01875 0.025
4 0.028125 0.6046875 0.021875 0.021875
4 0.3984375 0.23125 0.0234375 0.025
2 0.3640625 0.28203125 0.053125 0.04375
9 0.28984375 0.321875 0.0578125 0.0375
9 0.11484375 0.353125 0.059375 0.04375
9 0.04453125 0.23671875 0.065625 0.0375
9 0.1703125 0.25859375 0.05 0.0375
9 0.3359375 0.8 0.0359375 0.090625
9 0.6921875 0.56484375 0.0515625 0.053125
9 0.75234375 0.575 0.0484375 0.04375
9 0.66796875 0.63125 0.05625 0.040625
9 0.66171875 0.68046875 0.053125 0.046875
9 0.74375 0.63125 0.0546875 0.05
9 0.725 0.68203125 0.05 0.046875
9 0.8140625 0.6453125 0.0578125 0.05
9 0.79765625 0.6953125 0.059375 0.046875
9 0.875 0.65 0.053125 0.04375
9 0.8625 0.6984375 0.05 0.0375
9 0.96875 0.61171875 0.0546875 0.04375
2 0.36171875 0.33046875 0.046875 0.034375
2 0.359375 0.39296875 0.0453125 0.040625
2 0.13671875 0.58125 0.0484375 0.04375
2 0.365625 0.828125 0.0296875 0.08125
2 0.5609375 0.24375 0.03125 0.0765625
2 0.8390625 0.5875 0.0390625 0.03125
2 0.9359375 0.71015625 0.04375 0.0421875
10 0.7125 0.86875 0.1546875 0.128125
0 0.26640625 0.2625 0.0890625 0.0609375
12 0.23984375 0.3625 0.16875 0.075
12 0.0796875 0.3046875 0.1578125 0.0640625