4 0.39140625 0.765625 0.0296875 0.034375
4 0.43671875 0.7296875 0.0296875 0.034375
4 0.23515625 0.6359375 0.0296875 0.034375
4 0.15234375 0.6765625 0.03125 0.0328125
4 0.57890625 0.40234375 0.025 0.0296875
4 0.9828125 0.47890625 0.0265625 0.0265625
4 0.52890625 0.2140625 0.0296875 0.03125
2 0.575 0.25390625 0.0625 0.0546875
9 0.65703125 0.2734375 0.065625 0.05
9 0.834375 0.25859375 0.0671875 0.05625
9 0.871875 0.128125 0.071875 0.0515625
9 0.75625 0.18125 0.0578125 0.0484375
9 0.7359375 0.74765625 0.0578125 0.096875
9 0.33125 0.6125 0.0640625 0.0640625
9 0.27578125 0.6375 0.0578125 0.0546875
9 0.371875 0.6703125 0.065625 0.0546875
9 0.390625 0.71640625 0.0625 0.0578125
9 0.2984375 0.68984375 0.065625 0.0625
9 0.3296875 0.734375 0.0609375 0.0578125
9 0.234375 0.721875 0.06875 0.0625
9 0.26328125 0.765625 0.06875 0.0609375
9 0.1765625 0.7421875 0.0625 0.05625
9 0.2015625 0.78515625 0.0578125 0.0484375
9 0.07578125 0.72890625 0.0640625 0.05625
2 0.58984375 0.30078125 0.0546875 0.0453125
2 0.6078125 0.36015625 0.0546875 0.0515625
2 0.871875 0.484375 0.0578125 0.0546875
2 0.71484375 0.78203125 0.05 0.0859375
2 0.375 0.26796875 0.05 0.0828125
2 0.1953125 0.67265625 0.0453125 0.040625
2 0.13359375 0.815625 0.053125 0.0515625
10 0.38984375 0.9109375 0.1828125 0.1640625
0 0.6640625 0.21015625 0.1015625 0.08125
12 0.715625 0.3 0.1828125 0.1171875
12 0.85546875 0.20234375 0.16875 0.103125