12 0.13046875 0.22421875 0.1734375 0.103125
12 0.2765625 0.31015625 0.1796875 0.103125
0 0.32734375 0.21953125 0.1015625 0.0734375
10 0.53125 0.93359375 0.175 0.1328125
9 0.67578125 0.609375 0.0578125 0.05625
9 0.73203125 0.62421875 0.059375 0.053125
9 0.63984375 0.66328125 0.065625 0.0578125
9 0.621875 0.7078125 0.0546875 0.0546875
9 0.684375 0.7234375 0.0578125 0.0515625
9 0.709375 0.68203125 0.0578125 0.05
9 0.77734375 0.70859375 0.0671875 0.0625
9 0.7515625 0.75546875 0.0640625 0.0578125
9 0.83671875 0.71953125 0.0578125 0.0546875
9 0.81484375 0.77109375 0.0625 0.0546875
9 0.9359375 0.70234375 0.0625 0.053125
2 0.4140625 0.25546875 0.0578125 0.0515625
9 0.33359375 0.28515625 0.0578125 0.0453125
9 0.15703125 0.27734375 0.0671875 0.05625
9 0.22890625 0.196875 0.0625 0.0625
9 0.1078125 0.14921875 0.0609375 0.053125
9 0.278125 0.75703125 0.05625 0.1046875
2 0.403125 0.30078125 0.0515625 0.0453125
2 0.38671875 0.3625 0.05625 0.05
2 0.0453125 0.47421875 0.05625 0.0546875
2 0.30390625 0.7890625 0.046875 0.0875
2 0.546875 0.35859375 0.0515625 0.0796875
2 0.8140625 0.65703125 0.05 0.05
2 0.884375 0.796875 0.0546875 0.053125
4 0.85625 0.65625 0.028125 0.028125
4 0.77421875 0.615625 0.028125 0.0296875
4 0.4171875 0.4046875 0.0296875 0.0375
4 0.45859375 0.21015625 0.025 0.025
4 0.61171875 0.76015625 0.03125 0.034375
4 0.57734375 0.72734375 0.0328125 0.03125
4 0.046875 0.81796875 0.0234375 0.0375