12 0.8921875 0.2578125 0.16875 0.090625
12 0.7390625 0.33046875 0.1765625 0.0890625
0 0.696875 0.2359375 0.096875 0.065625
10 0.428125 0.934375 0.165625 0.13125
9 0.315625 0.59375 0.0546875 0.053125
9 0.2578125 0.60390625 0.05625 0.0484375
9 0.34609375 0.65 0.0625 0.053125
9 0.36015625 0.696875 0.0515625 0.0515625
9 0.296875 0.70703125 0.0546875 0.046875
9 0.275 0.66328125 0.0546875 0.046875
9 0.20546875 0.68359375 0.0640625 0.0578125
9 0.22734375 0.7328125 0.0609375 0.0546875
9 0.1453125 0.6890625 0.0546875 0.0515625
9 0.16328125 0.74296875 0.059375 0.05
9 0.04765625 0.66328125 0.059375 0.05
2 0.60703125 0.2640625 0.0546875 0.0484375
9 0.68515625 0.3 0.0546875 0.0421875
9 0.86171875 0.30859375 0.0640625 0.0515625
9 0.79609375 0.221875 0.059375 0.0578125
9 0.92109375 0.184375 0.0578125 0.05
9 0.6984375 0.77578125 0.0484375 0.103125
2 0.61328125 0.309375 0.05 0.0421875
2 0.62421875 0.37265625 0.053125 0.046875
2 0.95546875 0.5140625 0.053125 0.0515625
2 0.6703125 0.8046875 0.040625 0.0859375
2 0.465625 0.35546875 0.046875 0.078125
2 0.1734375 0.62890625 0.0484375 0.046875
2 0.09140625 0.76171875 0.0515625 0.05
4 0.13125 0.625 0.0265625 0.0265625
4 0.2171875 0.59140625 0.0265625 0.028125
4 0.590625 0.4125 0.0265625 0.0359375
4 0.56640625 0.21484375 0.0234375 0.0234375
4 0.36640625 0.74921875 0.028125 0.0328125
4 0.403125 0.71953125 0.03125 0.0296875
4 0.92421875 0.85625 0.0203125 0.0375