4 0.40234375 0.22734375 0.0234375 0.021875
4 0.40078125 0.425 0.01875 0.028125
4 0.0765625 0.80546875 0.0203125 0.040625
4 0.621875 0.70625 0.0234375 0.0234375
4 0.6640625 0.72890625 0.025 0.0265625
4 0.79296875 0.5609375 0.0234375 0.028125
4 0.88125 0.575 0.025 0.0265625
2 0.365625 0.2796875 0.053125 0.040625
9 0.2921875 0.31953125 0.0546875 0.0421875
9 0.1171875 0.3515625 0.05625 0.0453125
9 0.1703125 0.26015625 0.05625 0.0515625
9 0.04453125 0.2375 0.059375 0.0421875
9 0.33828125 0.8 0.0328125 0.0984375
9 0.6953125 0.56328125 0.0546875 0.04375
9 0.7546875 0.57421875 0.0484375 0.046875
9 0.67265625 0.6328125 0.05625 0.0484375
9 0.665625 0.6796875 0.0515625 0.040625
9 0.728125 0.68125 0.0515625 0.046875
9 0.7453125 0.63203125 0.0515625 0.0453125
9 0.81875 0.6453125 0.05625 0.0453125
9 0.80078125 0.69921875 0.05625 0.053125
9 0.875 0.64375 0.0515625 0.05
9 0.86640625 0.70234375 0.05625 0.046875
9 0.97109375 0.61171875 0.0578125 0.0515625
0 0.2765625 0.2625 0.0875 0.0578125
10 0.575 0.97265625 0.0703125 0.0546875
12 0.0828125 0.31015625 0.165625 0.0625
12 0.24453125 0.365625 0.16875 0.071875
2 0.3640625 0.328125 0.046875 0.0375
2 0.3625 0.3921875 0.046875 0.0359375
2 0.36875 0.82578125 0.028125 0.075
2 0.8421875 0.59296875 0.040625 0.04375
2 0.93828125 0.70703125 0.04375 0.0421875
2 0.46328125 0.4515625 0.0421875 0.0671875