4 0.64765625 0.25078125 0.0265625 0.025
4 0.61171875 0.4453125 0.0234375 0.03125
4 0.85703125 0.88046875 0.028125 0.04375
4 0.340625 0.67890625 0.028125 0.028125
4 0.2953125 0.69375 0.028125 0.03125
4 0.20078125 0.50390625 0.028125 0.0328125
4 0.11171875 0.50078125 0.0296875 0.0296875
2 0.67421875 0.309375 0.059375 0.05
9 0.73828125 0.3625 0.0609375 0.0515625
9 0.90390625 0.42734375 0.0625 0.0546875
9 0.86953125 0.32734375 0.065625 0.0609375
9 0.98203125 0.328125 0.0359375 0.053125
9 0.6015625 0.825 0.0515625 0.1015625
9 0.29609375 0.525 0.0625 0.0546875
9 0.2359375 0.52421875 0.05625 0.0546875
9 0.30546875 0.59765625 0.0640625 0.0578125
9 0.303125 0.64453125 0.0578125 0.0484375
9 0.24140625 0.634375 0.059375 0.0546875
9 0.234375 0.5828125 0.0578125 0.0546875
9 0.159375 0.58203125 0.0640625 0.0546875
9 0.16640625 0.63828125 0.0640625 0.0625
9 0.1046875 0.56953125 0.059375 0.059375
9 0.1015625 0.62890625 0.0640625 0.05625
9 0.02421875 0.51953125 0.0484375 0.0609375
0 0.76484375 0.309375 0.096875 0.0734375
10 0.3359375 0.95 0.078125 0.065625
12 0.92890625 0.3921875 0.1421875 0.09375
12 0.7765625 0.4171875 0.1796875 0.103125
2 0.66640625 0.35703125 0.053125 0.0453125
2 0.65546875 0.4203125 0.053125 0.04375
2 0.56640625 0.84453125 0.0421875 0.078125
2 0.14609375 0.52578125 0.0484375 0.05
2 0.03046875 0.61953125 0.05 0.0484375
2 0.5453125 0.459375 0.053125 0.0734375