2 0.403125 0.525 0.0421875 0.0703125
2 0.8390625 0.6078125 0.04375 0.0390625
2 0.928125 0.734375 0.05 0.04375
2 0.375 0.32421875 0.04375 0.0453125
2 0.36875 0.38515625 0.0484375 0.0421875
2 0.35 0.81484375 0.0390625 0.0828125
9 0.30234375 0.31015625 0.053125 0.0359375
2 0.37890625 0.27109375 0.0578125 0.04375
9 0.325 0.79140625 0.0421875 0.1078125
9 0.128125 0.33203125 0.059375 0.040625
9 0.18671875 0.23984375 0.05625 0.04375
9 0.0609375 0.2125 0.0578125 0.0453125
9 0.6921875 0.57890625 0.05625 0.05
9 0.75234375 0.58828125 0.0546875 0.046875
9 0.66953125 0.640625 0.059375 0.0484375
9 0.65625 0.68984375 0.053125 0.0484375
9 0.7390625 0.64921875 0.0546875 0.046875
9 0.71640625 0.69296875 0.0546875 0.046875
9 0.809375 0.665625 0.0609375 0.05
9 0.79140625 0.715625 0.0609375 0.046875
9 0.87109375 0.66796875 0.053125 0.0484375
9 0.85859375 0.71796875 0.0578125 0.046875
9 0.96640625 0.63125 0.05625 0.05
0 0.296875 0.2546875 0.090625 0.0671875
12 0.25078125 0.34609375 0.1734375 0.0828125
12 0.0921875 0.284375 0.165625 0.0765625
4 0.40390625 0.41875 0.0234375 0.040625
4 0.415625 0.22578125 0.025 0.025
4 0.61171875 0.71640625 0.025 0.0328125
4 0.65078125 0.73671875 0.0265625 0.025
4 0.790625 0.571875 0.021875 0.0359375
4 0.8796875 0.5984375 0.025 0.025
4 0.00703125 0.6953125 0.0140625 0.0375