12 0.07578125 0.3421875 0.1515625 0.0875
12 0.23515625 0.384375 0.1765625 0.0875
0 0.26640625 0.28671875 0.0921875 0.065625
9 0.3671875 0.8125 0.04375 0.09375
2 0.35078125 0.29375 0.0578125 0.05
9 0.28046875 0.33828125 0.05625 0.04375
9 0.10859375 0.38515625 0.0578125 0.04375
9 0.15546875 0.28984375 0.0578125 0.05
9 0.0296875 0.27734375 0.059375 0.0484375
9 0.70390625 0.553125 0.05625 0.05625
9 0.76484375 0.55390625 0.0546875 0.04375
9 0.7609375 0.61015625 0.0578125 0.05
9 0.6890625 0.615625 0.05625 0.04375
9 0.68359375 0.6625 0.053125 0.0453125
9 0.746875 0.6609375 0.0546875 0.0453125
9 0.83359375 0.61875 0.0609375 0.053125
9 0.82109375 0.6703125 0.059375 0.053125
9 0.89296875 0.61640625 0.0546875 0.0484375
9 0.88828125 0.66796875 0.0546875 0.046875
9 0.9765625 0.57109375 0.046875 0.0484375
2 0.353125 0.3453125 0.046875 0.040625
2 0.35703125 0.4046875 0.046875 0.0421875
2 0.34609375 0.5875 0.05 0.0484375
2 0.4 0.834375 0.0375 0.075
2 0.8515625 0.56015625 0.0453125 0.04375
2 0.96015625 0.6734375 0.0453125 0.040625
4 0.89296875 0.5421875 0.0296875 0.0296875
4 0.80078125 0.53359375 0.0296875 0.0328125
4 0.6859375 0.7125 0.0265625 0.0265625
4 0.646875 0.69609375 0.0265625 0.028125
4 0.39609375 0.4328125 0.021875 0.0296875
4 0.378125 0.2375 0.0296875 0.0296875