4 0.5765625 0.40546875 0.025 0.03125
4 0.52890625 0.21484375 0.03125 0.0296875
4 0.4203125 0.73046875 0.0296875 0.025
4 0.3859375 0.7625 0.03125 0.03125
4 0.21875 0.6265625 0.03125 0.0375
4 0.13671875 0.6609375 0.03125 0.0359375
9 0.31953125 0.61171875 0.0609375 0.0625
9 0.26171875 0.63125 0.0609375 0.05625
9 0.28671875 0.6875 0.0609375 0.059375
9 0.3546875 0.6703125 0.0625 0.0546875
9 0.375 0.71484375 0.0578125 0.059375
9 0.3140625 0.73125 0.0609375 0.059375
9 0.24765625 0.76328125 0.071875 0.065625
9 0.21875 0.715625 0.06875 0.0625
9 0.1609375 0.73203125 0.065625 0.0625
9 0.1828125 0.77890625 0.0640625 0.059375
9 0.06328125 0.7171875 0.0578125 0.0546875
2 0.57734375 0.2578125 0.05625 0.0515625
9 0.65703125 0.28359375 0.059375 0.0515625
9 0.8328125 0.275 0.065625 0.046875
9 0.76015625 0.190625 0.0640625 0.05
9 0.87890625 0.1453125 0.0640625 0.053125
9 0.71953125 0.7578125 0.05625 0.0984375
12 0.8625 0.21953125 0.178125 0.1015625
12 0.715625 0.31171875 0.184375 0.1171875
0 0.65390625 0.2265625 0.0953125 0.0765625
2 0.58828125 0.30625 0.0546875 0.05
2 0.60390625 0.36640625 0.05625 0.0515625
2 0.74921875 0.53515625 0.05625 0.0484375
2 0.696875 0.78828125 0.0453125 0.0796875
2 0.18125 0.66640625 0.0515625 0.046875
2 0.11328125 0.8046875 0.053125 0.0515625
4 0.12734375 0.853125 0.0390625 0.05