2 0.25390625 0.2828125 0.0890625 0.128125
2 0.29765625 0.19296875 0.0953125 0.1078125
9 0.1453125 0.26015625 0.0875 0.13125
9 0.02265625 0.178125 0.0453125 0.125
9 0.46953125 0.49609375 0.103125 0.1390625
4 0.52578125 0.46328125 0.0515625 0.0703125
2 0.4859375 0.6359375 0.096875 0.1265625
4 0.56328125 0.32890625 0.0359375 0.0640625
9 0.56796875 0.175 0.0859375 0.1765625
9 0.61640625 0.2125 0.084375 0.1578125
9 0.7734375 0.821875 0.1109375 0.159375
9 0.63515625 0.0671875 0.0796875 0.134375
2 0.5921875 0.0484375 0.078125 0.096875