9 0.06328125 0.10546875 0.0703125 0.121875
9 0.20703125 0.2140625 0.0734375 0.128125
2 0.30703125 0.25703125 0.065625 0.1078125
2 0.371875 0.16953125 0.0625 0.0796875
2 0.47578125 0.65546875 0.06875 0.10625
9 0.48046875 0.5109375 0.084375 0.121875
4 0.54453125 0.48515625 0.040625 0.0453125
4 0.59296875 0.34296875 0.028125 0.0625
9 0.72265625 0.89140625 0.0890625 0.1578125
9 0.62890625 0.19140625 0.0609375 0.14375
9 0.66640625 0.2296875 0.0625 0.1453125
2 0.67890625 0.06875 0.0515625 0.121875
9 0.71640625 0.09296875 0.0578125 0.11875