9 0.97890625 0.2375 0.0421875 0.13125
9 0.84140625 0.3109375 0.0984375 0.1375
2 0.7390625 0.32421875 0.090625 0.1234375
2 0.7015625 0.22109375 0.0859375 0.10625
9 0.5046875 0.52265625 0.103125 0.1421875
4 0.44140625 0.490625 0.046875 0.0546875
2 0.46328125 0.67890625 0.0984375 0.125
9 0.165625 0.82734375 0.1234375 0.171875
4 0.44921875 0.32421875 0.040625 0.059375
9 0.45390625 0.16328125 0.0984375 0.15625
9 0.4078125 0.19375 0.096875 0.15625
9 0.39609375 0.06015625 0.0921875 0.1203125
2 0.4390625 0.04765625 0.084375 0.0953125