9 0.88984375 0.10234375 0.084375 0.1296875
9 0.75390625 0.22421875 0.078125 0.115625
2 0.65859375 0.27421875 0.0765625 0.109375
2 0.5890625 0.17421875 0.075 0.09375
2 0.51640625 0.703125 0.075 0.1046875
9 0.50078125 0.54453125 0.0859375 0.13125
4 0.43203125 0.53125 0.034375 0.059375
9 0.2828125 0.9328125 0.09375 0.134375
4 0.39609375 0.35 0.0296875 0.053125
9 0.34921875 0.203125 0.0671875 0.14375
9 0.3171875 0.2484375 0.071875 0.146875
2 0.28984375 0.078125 0.0625 0.1078125
9 0.25859375 0.11015625 0.0671875 0.14375