9 0.09375 0.14296875 0.075 0.121875
9 0.23671875 0.25546875 0.071875 0.115625
2 0.3359375 0.2953125 0.0640625 0.1171875
2 0.39765625 0.19296875 0.0671875 0.0890625
9 0.51640625 0.5640625 0.078125 0.13125
2 0.5171875 0.72421875 0.065625 0.1296875
4 0.58515625 0.5484375 0.034375 0.05625
4 0.59140625 0.346875 0.028125 0.0546875
9 0.66640625 0.23828125 0.0625 0.14375
9 0.63203125 0.18671875 0.0625 0.1296875
2 0.68203125 0.06875 0.05625 0.115625
9 0.71796875 0.09921875 0.059375 0.13125
9 0.7609375 0.93046875 0.0890625 0.1390625