9 0.92421875 0.16484375 0.08125 0.125
9 0.77578125 0.26953125 0.0765625 0.11875
2 0.67421875 0.30390625 0.06875 0.1203125
2 0.61796875 0.1984375 0.0703125 0.0921875
9 0.48046875 0.56328125 0.084375 0.1359375
2 0.47109375 0.72265625 0.071875 0.1328125
4 0.4125 0.54375 0.0359375 0.0578125
4 0.41640625 0.3421875 0.03125 0.0546875
9 0.34765625 0.2296875 0.06875 0.1453125
9 0.384375 0.18046875 0.0703125 0.1328125
2 0.340625 0.06015625 0.0609375 0.1171875
9 0.303125 0.08828125 0.065625 0.134375
9 0.2171875 0.91640625 0.0953125 0.14375