9 0.95234375 0.278125 0.0953125 0.1375
9 0.78671875 0.3609375 0.103125 0.1390625
2 0.68671875 0.36796875 0.1 0.1484375
2 0.65546875 0.2234375 0.0859375 0.09375
2 0.39140625 0.759375 0.09375 0.128125
9 0.43984375 0.58984375 0.115625 0.15625
4 0.3765625 0.5515625 0.04375 0.0609375
4 0.45 0.321875 0.0453125 0.075
9 0.44609375 0.17109375 0.0984375 0.1578125
9 0.40546875 0.1984375 0.084375 0.14375
2 0.428125 0.04375 0.075 0.0875
9 0.38984375 0.05703125 0.0828125 0.1140625
9 0.12109375 0.875 0.096875 0.1046875