9 0.16796875 0.13046875 0.09375 0.1375
9 0.29453125 0.275 0.090625 0.134375
2 0.38671875 0.32578125 0.0875 0.13125
2 0.4671875 0.18515625 0.0859375 0.090625
9 0.534375 0.6171875 0.0984375 0.1390625
4 0.6078125 0.61328125 0.040625 0.0609375
2 0.5140625 0.809375 0.0875 0.1328125
4 0.6125 0.35703125 0.0328125 0.0484375
9 0.715625 0.9796875 0.08125 0.040625
9 0.671875 0.20078125 0.0765625 0.1328125
9 0.70234375 0.25546875 0.084375 0.1515625
2 0.734375 0.09765625 0.0765625 0.121875
9 0.76875 0.12734375 0.075 0.134375