9 0.1359375 0.21328125 0.0765625 0.121875
2 0.08828125 0.04140625 0.059375 0.0796875
9 0.28203125 0.34296875 0.0734375 0.1296875
2 0.37890625 0.3796875 0.0671875 0.11875
2 0.4421875 0.190625 0.0765625 0.0671875
9 0.56875 0.653125 0.0828125 0.14375
2 0.59140625 0.8546875 0.071875 0.13125
4 0.64609375 0.63828125 0.034375 0.0578125
4 0.5953125 0.3390625 0.03125 0.0484375
9 0.62890625 0.19296875 0.065625 0.1453125
9 0.66484375 0.2296875 0.065625 0.1375
2 0.67890625 0.06796875 0.0546875 0.1140625
9 0.71328125 0.09140625 0.065625 0.13125