2 0.9109375 0.05546875 0.0625 0.09375
9 0.859375 0.234375 0.078125 0.1265625
9 0.7015625 0.359375 0.071875 0.121875
2 0.609375 0.39453125 0.071875 0.1203125
2 0.5546875 0.19453125 0.075 0.0703125
4 0.40859375 0.34140625 0.0328125 0.0515625
4 0.3375 0.65390625 0.040625 0.0515625
9 0.41484375 0.6671875 0.0890625 0.13125
2 0.38828125 0.87890625 0.084375 0.1171875
9 0.378125 0.1828125 0.0671875 0.1375
9 0.33828125 0.22578125 0.0671875 0.140625
2 0.32890625 0.05859375 0.0546875 0.1171875
9 0.290625 0.08671875 0.0640625 0.13125