9 0.86640625 0.26796875 0.084375 0.134375
2 0.92890625 0.08828125 0.06875 0.096875
9 0.86015625 0.07734375 0.0765625 0.10625
9 0.70234375 0.390625 0.0859375 0.1296875
2 0.60234375 0.4171875 0.071875 0.125
2 0.559375 0.196875 0.0828125 0.065625
9 0.39375 0.68359375 0.09375 0.1421875
2 0.34609375 0.89921875 0.090625 0.134375
4 0.31171875 0.671875 0.034375 0.05625
4 0.41953125 0.33515625 0.028125 0.0515625
9 0.39296875 0.178125 0.075 0.1484375
9 0.35234375 0.21875 0.075 0.1453125
2 0.353125 0.05703125 0.0609375 0.1125
9 0.315625 0.08125 0.06875 0.128125