2 0.96640625 0.175 0.0671875 0.109375
9 0.91171875 0.1390625 0.0953125 0.1171875
9 0.88515625 0.33671875 0.10625 0.1359375
9 0.70078125 0.43203125 0.0953125 0.1265625
2 0.6015625 0.44609375 0.09375 0.128125
2 0.59921875 0.2046875 0.0859375 0.0796875
4 0.44296875 0.32578125 0.0359375 0.053125
9 0.35546875 0.6765625 0.1109375 0.140625
4 0.271875 0.65078125 0.0390625 0.053125
2 0.2640625 0.89296875 0.09375 0.1390625
9 0.4453125 0.16484375 0.09375 0.1421875
9 0.4 0.19921875 0.0859375 0.1453125
2 0.42265625 0.05078125 0.0796875 0.1015625
9 0.38125 0.06171875 0.084375 0.1234375