2 0.1859375 0.0640625 0.06875 0.1125
9 0.25703125 0.06015625 0.0796875 0.1203125
9 0.2140625 0.25625 0.0875 0.1375
9 0.35859375 0.42578125 0.090625 0.1515625
2 0.44765625 0.471875 0.0828125 0.121875
2 0.53828125 0.18203125 0.0859375 0.0796875
4 0.6125 0.35625 0.034375 0.05625
9 0.60703125 0.77578125 0.103125 0.14375
9 0.665625 0.2109375 0.0765625 0.146875
9 0.69375 0.25234375 0.0796875 0.1453125
2 0.73046875 0.09296875 0.065625 0.121875
9 0.7640625 0.1234375 0.078125 0.134375
4 0.69609375 0.7921875 0.0390625 0.059375