2 0.15078125 0.30234375 0.090625 0.1421875
9 0.18046875 0.221875 0.115625 0.1734375
4 0.16953125 0.14296875 0.0375 0.053125
9 0.346875 0.478125 0.109375 0.1625
9 0.44453125 0.47578125 0.1125 0.15
2 0.38671875 0.85234375 0.075 0.1484375
9 0.6875 0.6140625 0.11875 0.15625
2 0.7140625 0.8546875 0.1046875 0.159375
9 0.55546875 0.1671875 0.09375 0.153125
4 0.559375 0.32265625 0.0390625 0.05625
9 0.6015625 0.2125 0.0921875 0.1609375
2 0.5765625 0.05390625 0.084375 0.1078125
9 0.61953125 0.06484375 0.0828125 0.1296875