2 0.175 0.29140625 0.0875 0.15
9 0.2109375 0.209375 0.1078125 0.1765625
4 0.20859375 0.13828125 0.0484375 0.0734375
9 0.36640625 0.4890625 0.109375 0.146875
9 0.4578125 0.48671875 0.0984375 0.15
2 0.36875 0.86796875 0.071875 0.146875
9 0.690625 0.640625 0.09375 0.15
2 0.703125 0.878125 0.103125 0.1546875
9 0.578125 0.16875 0.08125 0.1515625
9 0.621875 0.20703125 0.084375 0.153125
2 0.6109375 0.05546875 0.06875 0.1109375
9 0.64921875 0.0671875 0.0828125 0.134375
4 0.5703125 0.33046875 0.040625 0.065625