2 0.72890625 0.209375 0.09375 0.1359375
9 0.6671875 0.1421875 0.109375 0.1734375
4 0.64375 0.06640625 0.0453125 0.065625
2 0.7578125 0.83125 0.06875 0.1640625
9 0.61328125 0.46484375 0.109375 0.16875
9 0.53125 0.48671875 0.1078125 0.15
4 0.37890625 0.365625 0.0359375 0.0609375
2 0.43203125 0.94140625 0.1046875 0.1171875
9 0.3546875 0.7265625 0.1109375 0.1625
9 0.31484375 0.22421875 0.090625 0.1703125
9 0.284375 0.2703125 0.0921875 0.1578125
2 0.24140625 0.10703125 0.0765625 0.1203125
9 0.2109375 0.14140625 0.0890625 0.153125