2 0.77890625 0.27734375 0.078125 0.1265625
9 0.73671875 0.19609375 0.0875 0.153125
4 0.721875 0.12734375 0.040625 0.0578125
9 0.60546875 0.51328125 0.084375 0.1515625
9 0.51640625 0.51015625 0.0921875 0.146875
9 0.38359375 0.18203125 0.0671875 0.1328125
9 0.34609375 0.23359375 0.0609375 0.15
4 0.409375 0.3375 0.025 0.0671875
2 0.68125 0.9 0.0578125 0.1484375
9 0.2875 0.71328125 0.0953125 0.1546875
2 0.31484375 0.93984375 0.090625 0.109375
2 0.33515625 0.06015625 0.0515625 0.1203125
9 0.2984375 0.08125 0.0578125 0.1328125
2 0.859375 0.04375 0.0546875 0.0609375