2 0.22890625 0.26796875 0.075 0.125
9 0.27421875 0.18828125 0.0828125 0.15
4 0.29140625 0.11953125 0.0390625 0.0578125
9 0.39375 0.509375 0.0796875 0.1484375
9 0.48359375 0.509375 0.0875 0.1453125
9 0.62734375 0.1859375 0.0640625 0.13125
9 0.66328125 0.2390625 0.0546875 0.1484375
4 0.59609375 0.340625 0.0234375 0.0671875
2 0.3046875 0.89375 0.053125 0.146875
9 0.7046875 0.7203125 0.090625 0.1515625
2 0.66953125 0.94609375 0.0875 0.1078125
2 0.68046875 0.065625 0.046875 0.1203125
9 0.71640625 0.08828125 0.053125 0.13125
2 0.15703125 0.03125 0.053125 0.059375