12 0.709375 0.35078125 0.3484375 0.3140625
9 0.15078125 0.509375 0.1515625 0.109375
9 0.0953125 0.6234375 0.125 0.115625
9 0.92265625 0.6671875 0.1546875 0.11875
9 0.88671875 0.5625 0.134375 0.1109375
9 0.46875 0.090625 0.0609375 0.125
4 0.78046875 0.48046875 0.071875 0.0625
4 0.17890625 0.61875 0.04375 0.05
2 0.903125 0.45703125 0.1265625 0.115625
2 0.51953125 0.05390625 0.0609375 0.1078125
0 0.1125 0.4390625 0.1515625 0.1109375
0 0.58203125 0.9015625 0.125 0.19375
4 0.890625 0.7703125 0.065625 0.059375
4 0.5828125 0.1890625 0.0421875 0.08125