2 0.384375 0.10546875 0.034375 0.1140625
2 0.3734375 0.65546875 0.04375 0.15625
9 0.478125 0.28671875 0.0625 0.134375
9 0.9171875 0.53671875 0.103125 0.08125
9 0.8359375 0.44453125 0.13125 0.075
9 0.134375 0.63359375 0.115625 0.078125
9 0.1140625 0.75859375 0.1546875 0.0890625
2 0.096875 0.54453125 0.103125 0.084375
0 0.86484375 0.36171875 0.1375 0.0875
4 0.2203125 0.540625 0.04375 0.053125
4 0.16796875 0.84765625 0.0375 0.04375
4 0.459375 0.103125 0.025 0.05625
4 0.4625 0.16796875 0.01875 0.0640625
4 0.83828125 0.55546875 0.0421875 0.04375