12 0.603125 0.24453125 0.059375 0.409375
12 0.66796875 0.80859375 0.1140625 0.3828125
0 0.5859375 0.85859375 0.078125 0.2828125
13 0.1484375 0.440625 0.1171875 0.0890625
9 0.1171875 0.51796875 0.121875 0.0953125
9 0.12734375 0.359375 0.109375 0.0765625
9 0.2265625 0.08046875 0.08125 0.096875
9 0.815625 0.52421875 0.10625 0.0765625
2 0.84609375 0.61796875 0.109375 0.090625
9 0.9171875 0.71640625 0.109375 0.0890625
2 0.93671875 0.51796875 0.1046875 0.078125
2 0.03046875 0.709375 0.059375 0.0828125
4 0.5359375 0.3203125 0.0203125 0.0765625
4 0.8625 0.80546875 0.040625 0.0453125
4 0.22421875 0.30546875 0.04375 0.053125
4 0.8125 0.778125 0.05 0.071875