1 0.59765625 0.33046875 0.0953125 0.3421875
1 0.5765625 0.871875 0.1 0.25625
9 0.84765625 0.4609375 0.1453125 0.0890625
9 0.47578125 0.0828125 0.04375 0.1359375
9 0.20625 0.0421875 0.090625 0.084375
9 0.12890625 0.6046875 0.1203125 0.1015625
9 0.08984375 0.72109375 0.171875 0.0984375
2 0.096875 0.50390625 0.1125 0.09375
2 0.42109375 0.06015625 0.0421875 0.1109375
2 0.31953125 0.9375 0.10625 0.103125
4 0.4890625 0.88046875 0.040625 0.0984375
4 0.46796875 0.71640625 0.0453125 0.09375
4 0.83984375 0.5734375 0.059375 0.0609375
4 0.2125 0.51015625 0.0578125 0.0734375
0 0.8796875 0.37578125 0.146875 0.10625
4 0.1515625 0.81953125 0.046875 0.04375