4 0.50625 0.3234375 0.046875 0.05
9 0.42890625 0.09140625 0.0453125 0.1359375
9 0.2546875 0.36015625 0.1015625 0.084375
9 0.17265625 0.43515625 0.10625 0.115625
9 0.02421875 0.36484375 0.0484375 0.0953125
9 0.15234375 0.64453125 0.1359375 0.09375
9 0.1265625 0.77578125 0.1609375 0.1
9 0.69140625 0.3578125 0.1078125 0.090625
12 0.9171875 0.4953125 0.165625 0.146875
2 0.95078125 0.42421875 0.0921875 0.05
2 0.36953125 0.0796875 0.0453125 0.1078125
2 0.1046875 0.56171875 0.1078125 0.0953125
4 0.0390625 0.84453125 0.046875 0.05