13 0.65546875 0.4671875 0.1328125 0.1421875
13 0.86015625 0.465625 0.15625 0.134375
2 0.6390625 0.72734375 0.1203125 0.115625
2 0.36953125 0.0921875 0.05625 0.1015625
9 0.89453125 0.66015625 0.15 0.109375
2 0.95703125 0.54609375 0.0859375 0.0984375
9 0.09765625 0.6265625 0.1296875 0.10625
9 0.15 0.51796875 0.1515625 0.1140625
0 0.1046875 0.44453125 0.1515625 0.1203125
9 0.44921875 0.284375 0.0859375 0.128125
4 0.23359375 0.58046875 0.0546875 0.065625
4 0.1796875 0.628125 0.053125 0.0546875
9 0.3328125 0.81171875 0.1484375 0.1296875