9 0.8359375 0.71640625 0.125 0.0984375
9 0.8703125 0.5828125 0.140625 0.1109375
9 0.884375 0.4140625 0.11875 0.090625
9 0.1109375 0.4953125 0.1171875 0.1046875
9 0.10078125 0.59453125 0.125 0.0890625
9 0.49921875 0.39609375 0.109375 0.1296875
9 0.51171875 0.078125 0.0546875 0.1234375
13 0.85390625 0.4984375 0.13125 0.1078125
13 0.60625 0.68828125 0.134375 0.125
2 0.34140625 0.48359375 0.0921875 0.09375
2 0.60234375 0.05078125 0.0515625 0.0828125
4 0.7921875 0.35546875 0.0515625 0.05625
4 0.7640625 0.56484375 0.0484375 0.0640625
2 0.28046875 0.71640625 0.125 0.1046875