1 0.375 0.2296875 0.146875 0.3265625
2 0.61875 0.50625 0.0890625 0.1171875
2 0.51796875 0.04921875 0.0546875 0.0984375
2 0.90078125 0.45546875 0.1203125 0.1078125
9 0.8828125 0.55234375 0.1265625 0.1171875
9 0.92421875 0.66171875 0.1515625 0.1265625
0 0.103125 0.434375 0.165625 0.1375
9 0.14921875 0.51015625 0.15 0.1140625
9 0.4609375 0.0765625 0.0640625 0.121875
9 0.57734375 0.80390625 0.125 0.2140625
4 0.89296875 0.75625 0.046875 0.053125
4 0.7828125 0.47109375 0.0578125 0.0625
4 0.74296875 0.33515625 0.059375 0.046875
4 0.8125 0.28125 0.053125 0.0515625
4 0.171875 0.62421875 0.0546875 0.05625