1 0.4015625 0.76796875 0.0796875 0.45625
9 0.14921875 0.43828125 0.1328125 0.0765625
9 0.5515625 0.08515625 0.0390625 0.1265625
9 0.4171875 0.08671875 0.040625 0.11875
9 0.73125 0.42734375 0.090625 0.090625
9 0.8609375 0.63515625 0.121875 0.090625
9 0.8859375 0.7578125 0.171875 0.1015625
2 0.9 0.53515625 0.103125 0.0828125
2 0.60859375 0.06328125 0.0375 0.1125
2 0.48359375 0.43828125 0.05625 0.14375
0 0.12421875 0.36015625 0.1484375 0.1046875
4 0.1359375 0.55625 0.0484375 0.0625
4 0.83046875 0.83671875 0.046875 0.046875
4 0.78046875 0.53828125 0.04375 0.0546875