9 0.92265625 0.47734375 0.1234375 0.096875
9 0.82421875 0.403125 0.15625 0.1015625
9 0.390625 0.1046875 0.0546875 0.1234375
9 0.15625 0.6828125 0.134375 0.103125
9 0.146875 0.80625 0.171875 0.1125
9 0.62578125 0.76015625 0.0875 0.20625
0 0.84765625 0.31171875 0.1515625 0.1109375
0 0.31875 0.4890625 0.1953125 0.2703125
2 0.11171875 0.59765625 0.1046875 0.1015625
2 0.3296875 0.09375 0.05 0.115625
4 0.228125 0.575 0.0515625 0.0546875
4 0.2265625 0.89140625 0.0640625 0.0703125
4 0.84609375 0.5140625 0.0546875 0.0625
4 0.3140625 0.2453125 0.0421875 0.0765625