2 0.37421875 0.38125 0.08125 0.0890625
2 0.396875 0.6015625 0.078125 0.1234375
4 0.58203125 0.4375 0.0265625 0.0625
2 0.4234375 0.0640625 0.040625 0.1109375
2 0.09609375 0.5015625 0.1109375 0.0796875
9 0.84296875 0.47109375 0.14375 0.0953125
0 0.8859375 0.3890625 0.1515625 0.1015625
4 0.2203125 0.51015625 0.04375 0.05
4 0.8375 0.58515625 0.0546875 0.0453125
9 0.128125 0.60234375 0.125 0.103125
9 0.08671875 0.7203125 0.1640625 0.109375
9 0.48125 0.08828125 0.05 0.125
2 0.7578125 0.06796875 0.084375 0.096875
0 0.20625 0.32265625 0.15625 0.1546875
4 0.38203125 0.18125 0.028125 0.06875
4 0.14609375 0.81171875 0.0546875 0.0484375