2 0.6359375 0.39296875 0.075 0.084375
2 0.59375 0.61015625 0.06875 0.1171875
4 0.4234375 0.43046875 0.021875 0.0609375
2 0.6140625 0.07265625 0.03125 0.109375
2 0.90234375 0.53671875 0.1046875 0.071875
9 0.1609375 0.44140625 0.1375 0.084375
0 0.125 0.35546875 0.1453125 0.0890625
4 0.778125 0.534375 0.040625 0.046875
4 0.15625 0.55546875 0.0515625 0.0421875
9 0.86171875 0.634375 0.1171875 0.09375
9 0.8921875 0.75546875 0.15625 0.096875
9 0.5546875 0.09140625 0.040625 0.121875
2 0.28046875 0.046875 0.0765625 0.090625
0 0.8078125 0.34921875 0.14375 0.1421875
4 0.6453125 0.19296875 0.0234375 0.0671875
4 0.825 0.84140625 0.0515625 0.0453125