9 0.0625 0.45390625 0.1109375 0.084375
9 0.06640625 0.375 0.1 0.075
9 0.36484375 0.565625 0.10625 0.1046875
9 0.3859375 0.440625 0.103125 0.090625
9 0.53125 0.35078125 0.1078125 0.084375
9 0.5515625 0.08203125 0.0375 0.13125
9 0.8640625 0.62578125 0.1171875 0.09375
9 0.8875 0.74921875 0.16875 0.09375
13 0.79375 0.42109375 0.115625 0.0953125
2 0.24375 0.375 0.1 0.08125
2 0.8953125 0.5296875 0.0953125 0.090625
2 0.6078125 0.06796875 0.04375 0.1109375
4 0.9390625 0.33671875 0.040625 0.0546875
4 0.3765625 0.31640625 0.0546875 0.059375