4 0.5734375 0.30390625 0.04375 0.0421875
9 0.153125 0.44453125 0.1109375 0.08125
9 0.15 0.37265625 0.1015625 0.0828125
9 0.45625 0.63828125 0.109375 0.1484375
9 0.53984375 0.43828125 0.1046875 0.09375
9 0.6421875 0.34609375 0.1 0.096875
9 0.86484375 0.628125 0.125 0.09375
9 0.8890625 0.74921875 0.1640625 0.09375
9 0.55 0.0828125 0.0421875 0.1265625
2 0.6109375 0.06015625 0.0421875 0.115625
2 0.346875 0.3671875 0.0859375 0.0734375
13 0.934375 0.41484375 0.103125 0.0984375
2 0.9015625 0.53046875 0.1078125 0.0859375