2 0.271875 0.565625 0.1109375 0.140625
2 0.9359375 0.565625 0.1046875 0.090625
12 0.64453125 0.14296875 0.0921875 0.259375
9 0.809375 0.56015625 0.11875 0.0953125
2 0.82890625 0.653125 0.11875 0.0953125
9 0.88359375 0.76015625 0.134375 0.1046875
9 0.58515625 0.11640625 0.0515625 0.13125
9 0.14921875 0.315625 0.121875 0.0890625
9 0.11640625 0.46953125 0.1296875 0.1109375
13 0.15546875 0.39375 0.1203125 0.103125
4 0.24921875 0.27109375 0.04375 0.0578125
4 0.821875 0.84296875 0.04375 0.0546875
4 0.7765625 0.8078125 0.0640625 0.084375