2 0.07265625 0.5546875 0.103125 0.0921875
2 0.09609375 0.46328125 0.1046875 0.096875
2 0.47734375 0.36328125 0.0953125 0.0890625
2 0.55859375 0.43046875 0.1109375 0.1015625
2 0.88046875 0.69453125 0.11875 0.13125
2 0.45625 0.1171875 0.0625 0.109375
2 0.9390625 0.44140625 0.1109375 0.1015625
9 0.6375 0.3171875 0.1265625 0.1
9 0.27265625 0.4078125 0.1203125 0.103125
9 0.82578125 0.275 0.1109375 0.1046875
9 0.8875 0.34921875 0.11875 0.1140625
0 0.50859375 0.07734375 0.0828125 0.1546875
12 0.8921875 0.54453125 0.215625 0.1921875
4 0.21484375 0.3703125 0.05 0.0546875
4 0.19765625 0.60234375 0.0578125 0.0703125
9 0.96953125 0.66796875 0.0609375 0.1109375