2 0.60625 0.4828125 0.1125 0.1265625
2 0.7546875 0.6 0.1140625 0.0921875
2 0.86640625 0.83046875 0.1265625 0.115625
13 0.7953125 0.7015625 0.1453125 0.128125
13 0.17421875 0.35859375 0.1328125 0.11875
2 0.33515625 0.590625 0.134375 0.115625
9 0.615625 0.76953125 0.1359375 0.11875
9 0.12265625 0.42421875 0.1421875 0.1234375
9 0.5640625 0.10859375 0.0796875 0.128125
9 0.64921875 0.10546875 0.0640625 0.125
9 0.18515625 0.27109375 0.1234375 0.10625
4 0.2796875 0.7234375 0.065625 0.08125
4 0.390625 0.78671875 0.059375 0.0578125
4 0.50078125 0.83203125 0.0625 0.0734375
4 0.28125 0.246875 0.053125 0.053125
4 0.83828125 0.9046875 0.059375 0.0578125
9 0.89609375 0.1390625 0.09375 0.109375