12 0.41328125 0.5765625 0.240625 0.4765625
2 0.09765625 0.51484375 0.10625 0.1015625
9 0.12421875 0.609375 0.125 0.090625
9 0.0890625 0.72734375 0.165625 0.1078125
2 0.41953125 0.059375 0.0421875 0.1078125
9 0.92265625 0.5625 0.109375 0.096875
9 0.8453125 0.4625 0.1375 0.0828125
0 0.8828125 0.38203125 0.140625 0.10625
4 0.21953125 0.5171875 0.04375 0.05625
4 0.37578125 0.19609375 0.0296875 0.071875
4 0.14609375 0.8171875 0.046875 0.04375
4 0.84140625 0.5734375 0.04375 0.059375
9 0.47421875 0.0859375 0.0484375 0.11875