2 0.13046875 0.47890625 0.115625 0.0890625
13 0.8546875 0.4921875 0.1296875 0.1046875
9 0.8765625 0.58359375 0.140625 0.125
9 0.88203125 0.4203125 0.11875 0.0953125
9 0.3125 0.48515625 0.1203125 0.1171875
2 0.17265625 0.584375 0.1265625 0.0984375
9 0.0859375 0.66796875 0.128125 0.103125
9 0.5171875 0.0484375 0.046875 0.096875
4 0.796875 0.35625 0.0515625 0.0609375
4 0.07265625 0.7546875 0.0625 0.059375
4 0.1578125 0.77265625 0.059375 0.053125
4 0.23359375 0.74609375 0.0671875 0.0875
4 0.86953125 0.15859375 0.05 0.059375