2 0.85859375 0.1984375 0.1 0.0984375
2 0.51875 0.33125 0.084375 0.1203125
2 0.5796875 0.66953125 0.1125 0.096875
2 0.61640625 0.79453125 0.1078125 0.0859375
2 0.08046875 0.47578125 0.090625 0.084375
9 0.228125 0.49921875 0.121875 0.1015625
9 0.32109375 0.625 0.1265625 0.096875
9 0.525 0.0890625 0.0546875 0.1203125
9 0.609375 0.16484375 0.0578125 0.1125
9 0.88828125 0.428125 0.125 0.1
9 0.8703125 0.59453125 0.1328125 0.1140625
13 0.85078125 0.50234375 0.1265625 0.1125
13 0.15 0.59375 0.1375 0.1171875
4 0.803125 0.55625 0.0484375 0.0578125
4 0.79765625 0.36328125 0.05 0.053125