12 0.39140625 0.82109375 0.1765625 0.3578125
4 0.73828125 0.26484375 0.053125 0.0609375
4 0.13515625 0.88125 0.0578125 0.059375
4 0.196875 0.8703125 0.04375 0.0484375
4 0.2390625 0.83046875 0.065625 0.0828125
13 0.83515625 0.384375 0.125 0.1015625
9 0.84140625 0.29296875 0.134375 0.115625
9 0.88125 0.45703125 0.1390625 0.1125
9 0.19140625 0.58515625 0.1296875 0.1
2 0.178125 0.6828125 0.1265625 0.1109375
9 0.12734375 0.79609375 0.1234375 0.10625
2 0.06875 0.60078125 0.10625 0.09375
9 0.01640625 0.284375 0.0328125 0.1