12 0.89453125 0.53828125 0.2109375 0.1765625
0 0.509375 0.07734375 0.084375 0.1546875
2 0.45625 0.11875 0.0578125 0.1109375
2 0.41328125 0.46953125 0.1078125 0.109375
2 0.27265625 0.4203125 0.1078125 0.115625
2 0.03984375 0.4734375 0.0796875 0.0875
2 0.64609375 0.31484375 0.0984375 0.0953125
2 0.86796875 0.45859375 0.109375 0.0921875
2 0.884375 0.69296875 0.1171875 0.115625
2 0.94609375 0.32265625 0.0671875 0.090625
9 0.44140625 0.36328125 0.115625 0.1
9 0.83125 0.25546875 0.10625 0.0984375
9 0.97109375 0.65859375 0.0578125 0.1203125
4 0.134375 0.390625 0.0578125 0.05625
4 0.39453125 0.665625 0.0515625 0.0625
4 0.41328125 0.31484375 0.046875 0.0484375