4 0.775 0.53671875 0.04375 0.0671875
4 0.840625 0.5671875 0.046875 0.053125
9 0.9203125 0.53984375 0.10625 0.0890625
9 0.84375 0.453125 0.1484375 0.0890625
9 0.5625 0.7640625 0.1234375 0.0984375
9 0.4625 0.37421875 0.075 0.1171875
2 0.89765625 0.7890625 0.10625 0.1
2 0.26171875 0.74375 0.1046875 0.0921875
2 0.0375 0.721875 0.075 0.1
13 0.0515625 0.52578125 0.103125 0.1015625
13 0.25 0.528125 0.1296875 0.109375
2 0.5359375 0.1796875 0.04375 0.1078125
9 0.575 0.03359375 0.034375 0.059375
0 0.87734375 0.3703125 0.140625 0.1046875