4 0.28828125 0.1109375 0.0328125 0.06875
4 0.23203125 0.578125 0.053125 0.0515625
4 0.23984375 0.8859375 0.0625 0.059375
4 0.8484375 0.5 0.059375 0.0515625
9 0.82890625 0.384375 0.153125 0.103125
9 0.37734375 0.10078125 0.0609375 0.1265625
9 0.16484375 0.69140625 0.125 0.1171875
9 0.1609375 0.81796875 0.16875 0.1203125
9 0.021875 0.4328125 0.04375 0.109375
2 0.315625 0.09375 0.0578125 0.125
2 0.7625 0.09140625 0.1078125 0.109375
2 0.5296875 0.58671875 0.078125 0.1296875
2 0.1109375 0.60625 0.1203125 0.1078125
2 0.57109375 0.92109375 0.078125 0.1515625
0 0.4078125 0.55390625 0.1609375 0.2203125
0 0.8390625 0.2921875 0.1578125 0.11875