2 0.49375 0.759375 0.1203125 0.1171875
2 0.4734375 0.6515625 0.1078125 0.09375
2 0.425 0.4203125 0.09375 0.121875
9 0.50859375 0.26328125 0.0734375 0.128125
9 0.403125 0.09375 0.053125 0.121875
9 0.2234375 0.6828125 0.128125 0.10625
9 0.1515625 0.59453125 0.1109375 0.0984375
9 0.88125 0.48671875 0.1359375 0.103125
9 0.8453125 0.32421875 0.115625 0.090625
2 0.85 0.1515625 0.1046875 0.0953125
13 0.06640625 0.7015625 0.1 0.103125
13 0.840625 0.40546875 0.1296875 0.109375
4 0.83828125 0.45390625 0.053125 0.04375
4 0.74375 0.28203125 0.0515625 0.0515625