2 0.0890625 0.56328125 0.1046875 0.1
2 0.11171875 0.45390625 0.103125 0.1078125
2 0.3859375 0.40546875 0.1109375 0.1140625
2 0.5953125 0.41953125 0.1 0.09375
2 0.7359375 0.2921875 0.0984375 0.1
2 0.85703125 0.46171875 0.1171875 0.103125
2 0.878125 0.68671875 0.1140625 0.103125
9 0.5359375 0.334375 0.1203125 0.1046875
9 0.91484375 0.2390625 0.0859375 0.0953125
9 0.97265625 0.66328125 0.0546875 0.1109375
2 0.4546875 0.1109375 0.0578125 0.10625
12 0.8921875 0.53515625 0.215625 0.1828125
4 0.49375 0.7453125 0.0609375 0.08125
4 0.27265625 0.35 0.0453125 0.05625
4 0.50390625 0.2859375 0.05 0.0546875
0 0.50859375 0.07734375 0.0859375 0.1546875