4 0.24921875 0.2859375 0.05 0.071875
4 0.20546875 0.80078125 0.053125 0.053125
9 0.35859375 0.625 0.1265625 0.103125
9 0.546875 0.76953125 0.121875 0.125
9 0.5953125 0.09296875 0.053125 0.121875
9 0.15 0.32265625 0.11875 0.090625
9 0.11953125 0.48203125 0.1359375 0.1140625
9 0.0296875 0.70546875 0.059375 0.0953125
2 0.30390625 0.725 0.1171875 0.096875
2 0.525 0.30703125 0.0703125 0.1015625
2 0.83515625 0.66953125 0.103125 0.0921875
2 0.796875 0.79140625 0.11875 0.10625
1 0.94609375 0.571875 0.1078125 0.165625
13 0.1578125 0.4046875 0.1296875 0.115625