2 0.42421875 0.22734375 0.0625 0.1359375
2 0.615625 0.92109375 0.1046875 0.1421875
0 0.10625 0.43203125 0.1515625 0.109375
1 0.42421875 0.63515625 0.1515625 0.4125
9 0.8828125 0.56328125 0.1375 0.1171875
9 0.92265625 0.671875 0.1546875 0.13125
2 0.90078125 0.46328125 0.1171875 0.1125
2 0.52734375 0.0546875 0.0609375 0.109375
9 0.4703125 0.08125 0.0609375 0.1296875
9 0.81953125 0.32578125 0.11875 0.0953125
9 0.14921875 0.50390625 0.1515625 0.1171875
4 0.165625 0.61015625 0.06875 0.06875
4 0.88984375 0.771875 0.05625 0.0578125
4 0.7796875 0.4828125 0.0625 0.065625
9 0.33125 0.0734375 0.0578125 0.1015625