12 0.825 0.32578125 0.3265625 0.2328125
0 0.54765625 0.82734375 0.1515625 0.3359375
0 0.11484375 0.40390625 0.15 0.1171875
9 0.0859375 0.5890625 0.1125 0.096875
9 0.15859375 0.4953125 0.140625 0.10625
9 0.50078125 0.08203125 0.0546875 0.121875
9 0.87421875 0.58515625 0.125 0.1
9 0.91796875 0.7046875 0.1640625 0.1
2 0.9015625 0.4875 0.109375 0.090625
2 0.56015625 0.0671875 0.0546875 0.1125
4 0.78203125 0.49921875 0.0453125 0.0484375
4 0.6078125 0.19609375 0.0328125 0.06875
4 0.86875 0.7953125 0.05 0.059375
4 0.17109375 0.59609375 0.0515625 0.0515625