4 0.2234375 0.52265625 0.040625 0.065625
4 0.15625 0.54921875 0.0453125 0.0515625
9 0.078125 0.51796875 0.103125 0.0828125
9 0.159375 0.43515625 0.14375 0.0828125
9 0.4234375 0.76015625 0.1171875 0.09375
9 0.54375 0.3765625 0.0703125 0.1140625
2 0.0875 0.76796875 0.1015625 0.0953125
2 0.725 0.75625 0.1015625 0.0875
2 0.95703125 0.746875 0.084375 0.096875
13 0.9484375 0.54921875 0.103125 0.096875
13 0.7484375 0.54140625 0.125 0.103125
2 0.48125 0.178125 0.0390625 0.10625
9 0.44921875 0.03046875 0.03125 0.059375
0 0.1296875 0.35078125 0.1359375 0.0984375