9 0.54296875 0.06875 0.0375 0.121875
9 0.615625 0.46171875 0.096875 0.109375
2 0.74921875 0.62578125 0.1125 0.09375
9 0.840625 0.72890625 0.1328125 0.0890625
9 0.1171875 0.528125 0.11875 0.084375
9 0.1296875 0.36171875 0.11875 0.0828125
4 0.228125 0.309375 0.040625 0.0546875
4 0.7578125 0.81171875 0.0484375 0.0484375
4 0.8453125 0.80546875 0.0625 0.0390625
4 0.6515625 0.76796875 0.053125 0.08125
4 0.278125 0.0203125 0.03125 0.0375
13 0.1484375 0.44453125 0.1140625 0.0890625
2 0.8171875 0.53515625 0.1015625 0.0828125