1 0.434375 0.209375 0.084375 0.315625
2 0.61484375 0.53046875 0.06875 0.10625
2 0.6125 0.06015625 0.034375 0.1015625
2 0.9015625 0.53984375 0.1046875 0.0875
9 0.86328125 0.63046875 0.109375 0.096875
9 0.8921875 0.74921875 0.1578125 0.096875
0 0.12578125 0.353125 0.146875 0.109375
9 0.1546875 0.43671875 0.134375 0.0875
9 0.55 0.078125 0.040625 0.1171875
9 0.5125 0.81328125 0.084375 0.2015625
4 0.83125 0.83203125 0.0390625 0.046875
4 0.7828125 0.53046875 0.0484375 0.053125
4 0.771875 0.3890625 0.053125 0.0359375
4 0.8515625 0.35078125 0.0453125 0.04375
4 0.153125 0.553125 0.0453125 0.0484375