0 0.5640625 0.6140625 0.06875 0.275
12 0.6 0.17890625 0.0671875 0.35625
9 0.10390625 0.178125 0.0953125 0.0859375
9 0.125 0.35546875 0.121875 0.084375
9 0.1125 0.51796875 0.121875 0.090625
9 0.815625 0.52421875 0.109375 0.0828125
2 0.846875 0.61796875 0.1125 0.08125
9 0.9171875 0.71171875 0.115625 0.0875
2 0.9390625 0.51796875 0.1 0.08125
2 0.13515625 0.6765625 0.096875 0.103125
13 0.1453125 0.440625 0.1234375 0.0890625
12 0.659375 0.74296875 0.115625 0.5140625
4 0.225 0.30546875 0.04375 0.0453125
4 0.8625 0.80546875 0.04375 0.05625
4 0.8078125 0.77890625 0.059375 0.0703125
4 0.5328125 0.14453125 0.025 0.0671875