9 0.340625 0.38359375 0.1296875 0.128125
9 0.22109375 0.2828125 0.115625 0.1
9 0.87265625 0.865625 0.121875 0.109375
9 0.89765625 0.42421875 0.109375 0.0953125
12 0.84609375 0.7203125 0.25 0.1796875
2 0.521875 0.453125 0.09375 0.09375
2 0.471875 0.3515625 0.0890625 0.0828125
2 0.75625 0.840625 0.109375 0.103125
2 0.8296875 0.621875 0.115625 0.09375
2 0.9296875 0.52109375 0.103125 0.1
2 0.63359375 0.13671875 0.0546875 0.1015625
0 0.7015625 0.12109375 0.08125 0.1734375
4 0.721875 0.3453125 0.0609375 0.0640625
4 0.9 0.378125 0.04375 0.0484375
2 0.07734375 0.2453125 0.075 0.084375