2 0.45078125 0.4078125 0.1015625 0.1171875
2 0.63359375 0.10078125 0.0640625 0.1078125
2 0.0390625 0.5078125 0.078125 0.1
2 0.034375 0.63046875 0.06875 0.1171875
2 0.48671875 0.746875 0.1234375 0.109375
9 0.24453125 0.703125 0.134375 0.125
9 0.4546875 0.6296875 0.121875 0.1046875
9 0.775 0.83828125 0.1375 0.1171875
9 0.86328125 0.61875 0.1453125 0.1203125
9 0.8859375 0.46484375 0.1265625 0.0984375
13 0.85390625 0.53359375 0.134375 0.11875
13 0.80625 0.73671875 0.134375 0.1140625
9 0.559375 0.0890625 0.0671875 0.13125
4 0.540625 0.8484375 0.0578125 0.0625
4 0.80859375 0.38125 0.05625 0.0625