1 0.4140625 0.32421875 0.0734375 0.3375
1 0.396875 0.86953125 0.0828125 0.259375
9 0.15625 0.43671875 0.140625 0.0796875
9 0.553125 0.08515625 0.034375 0.134375
9 0.82578125 0.05546875 0.084375 0.096875
9 0.8625 0.63046875 0.1140625 0.0953125
9 0.89375 0.74921875 0.165625 0.0875
2 0.9015625 0.53203125 0.10625 0.0859375
2 0.609375 0.06640625 0.034375 0.109375
2 0.64921875 0.94921875 0.1 0.096875
4 0.484375 0.88046875 0.034375 0.096875
4 0.5171875 0.71796875 0.0390625 0.090625
4 0.15625 0.54921875 0.05625 0.0578125
4 0.7859375 0.53046875 0.053125 0.0703125
0 0.1296875 0.34921875 0.140625 0.0953125
4 0.825 0.84296875 0.04375 0.0421875