2 0.878125 0.41171875 0.0953125 0.084375
2 0.4078125 0.1328125 0.0453125 0.096875
9 0.6875 0.33359375 0.10625 0.0953125
9 0.5921875 0.425 0.10625 0.09375
9 0.62890625 0.56484375 0.13125 0.14375
9 0.871875 0.32109375 0.1078125 0.08125
10 0.42890625 0.3421875 0.240625 0.1828125
2 0.15859375 0.821875 0.1140625 0.0921875
12 0.13359375 0.6859375 0.2421875 0.175
4 0.81875 0.50859375 0.065625 0.0640625
4 0.6046875 0.3015625 0.0453125 0.0515625
10 0.4546875 0.85625 0.196875 0.2875
9 0.09921875 0.47890625 0.1125 0.125