12 0.7359375 0.39765625 0.3015625 0.2578125
9 0.15625 0.43671875 0.1375 0.0828125
9 0.078125 0.53671875 0.1078125 0.096875
9 0.8921875 0.75546875 0.16875 0.0859375
9 0.865625 0.64140625 0.11875 0.0890625
9 0.5546875 0.09296875 0.0375 0.1203125
4 0.778125 0.5390625 0.0640625 0.05
4 0.1609375 0.54921875 0.0359375 0.04375
2 0.903125 0.54140625 0.109375 0.0953125
2 0.6125 0.065625 0.0390625 0.109375
0 0.13359375 0.36015625 0.1375 0.084375
0 0.496875 0.91015625 0.090625 0.1796875
4 0.82578125 0.8453125 0.05625 0.0484375
4 0.6453125 0.21328125 0.028125 0.0765625