2 0.9203125 0.7046875 0.1109375 0.0953125
2 0.80078125 0.61015625 0.1140625 0.084375
2 0.18046875 0.60078125 0.1015625 0.0859375
2 0.48046875 0.23671875 0.06875 0.1140625
2 0.134375 0.09609375 0.071875 0.0921875
2 0.6546875 0.04453125 0.0875 0.0890625
9 0.87890625 0.46640625 0.1375 0.1140625
9 0.84375 0.30546875 0.11875 0.0984375
13 0.8375 0.3921875 0.128125 0.10625
13 0.346875 0.68125 0.1375 0.10625
9 0.3328125 0.55078125 0.11875 0.1109375
9 0.52421875 0.6484375 0.125 0.1046875
9 0.4734375 0.05234375 0.05625 0.1046875
9 0.3890625 0.09765625 0.0546875 0.121875
4 0.7796875 0.4671875 0.053125 0.071875
4 0.73828125 0.27578125 0.046875 0.046875