2 0.93046875 0.5171875 0.0984375 0.0859375
2 0.89921875 0.428125 0.1 0.090625
2 0.5109375 0.36171875 0.090625 0.0828125
2 0.4359375 0.4359375 0.1046875 0.0953125
2 0.13828125 0.7265625 0.1109375 0.125
2 0.51015625 0.11484375 0.0546875 0.1078125
2 0.05703125 0.4796875 0.1046875 0.0953125
9 0.34765625 0.3296875 0.121875 0.0921875
9 0.71875 0.38828125 0.115625 0.0953125
9 0.15625 0.30390625 0.1046875 0.0984375
9 0.10078125 0.38359375 0.1140625 0.1078125
0 0.45390625 0.078125 0.0703125 0.15625
12 0.1078125 0.5796875 0.215625 0.175
4 0.77265625 0.34609375 0.046875 0.053125
4 0.81015625 0.57578125 0.053125 0.0671875
9 0.0375 0.7109375 0.075 0.103125