9 0.54375 0.08671875 0.0390625 0.1296875
9 0.1296875 0.3640625 0.1109375 0.078125
9 0.11328125 0.53046875 0.128125 0.09375
2 0.18359375 0.64140625 0.1203125 0.08125
9 0.6015625 0.73046875 0.121875 0.109375
9 0.89375 0.13671875 0.0875 0.115625
2 0.5375 0.37421875 0.0828125 0.1125
2 0.6796875 0.51171875 0.0953125 0.084375
2 0.9296875 0.534375 0.090625 0.0765625
2 0.86796875 0.72421875 0.1125 0.090625
13 0.1484375 0.446875 0.11875 0.0953125
4 0.2296875 0.31015625 0.04375 0.05625
4 0.35625 0.79921875 0.046875 0.065625
4 0.48125 0.83046875 0.0390625 0.046875
4 0.8359375 0.81171875 0.046875 0.04375
4 0.221875 0.78203125 0.05 0.0609375
13 0.73515625 0.621875 0.121875 0.1015625