9 0.4359375 0.2078125 0.059375 0.1296875
9 0.5578125 0.7625 0.0921875 0.19375
9 0.88359375 0.578125 0.1234375 0.0953125
9 0.91796875 0.70234375 0.1640625 0.1234375
9 0.4921875 0.07578125 0.05625 0.1234375
9 0.3859375 0.32578125 0.0609375 0.1421875
2 0.90078125 0.48046875 0.1125 0.1015625
2 0.5484375 0.053125 0.046875 0.10625
4 0.78515625 0.49453125 0.0453125 0.0609375
4 0.70546875 0.4328125 0.046875 0.0515625
4 0.87421875 0.7875 0.05 0.046875
0 0.0625 0.4171875 0.125 0.10625
9 0.04296875 0.50703125 0.0859375 0.1015625