9 0.58125 0.48125 0.059375 0.1578125
9 0.15234375 0.67421875 0.128125 0.1140625
9 0.14296875 0.79921875 0.171875 0.109375
9 0.403125 0.10078125 0.0515625 0.1421875
9 0.8296875 0.4078125 0.1453125 0.103125
9 0.9234375 0.496875 0.1171875 0.1015625
4 0.83984375 0.521875 0.0546875 0.05
4 0.22578125 0.5703125 0.05 0.0546875
4 0.21328125 0.87890625 0.05 0.0609375
4 0.3296875 0.2421875 0.0328125 0.075
2 0.34375 0.08828125 0.05 0.125
2 0.646875 0.8640625 0.078125 0.165625
2 0.103125 0.58359375 0.1046875 0.0953125
0 0.23359375 0.43125 0.1796875 0.2
0 0.85546875 0.32421875 0.1453125 0.1171875