4 0.6453125 0.21171875 0.028125 0.06875
4 0.778125 0.528125 0.04375 0.0515625
4 0.8265625 0.84140625 0.0515625 0.053125
4 0.15625 0.546875 0.0484375 0.0515625
0 0.125 0.353125 0.140625 0.096875
9 0.890625 0.74921875 0.159375 0.1015625
9 0.15625 0.43828125 0.134375 0.09375
9 0.0515625 0.53359375 0.1015625 0.0890625
9 0.5546875 0.08515625 0.0421875 0.121875
9 0.865625 0.63046875 0.121875 0.0953125
2 0.9015625 0.540625 0.103125 0.08125
2 0.6125 0.06796875 0.034375 0.1203125
12 0.528125 0.71796875 0.1640625 0.5640625