9 0.1125 0.51796875 0.128125 0.10625
9 0.1265625 0.3625 0.10625 0.075
9 0.4484375 0.42890625 0.0734375 0.1453125
9 0.809375 0.5265625 0.1171875 0.075
2 0.84375 0.6203125 0.1125 0.0875
9 0.9140625 0.71796875 0.1234375 0.0890625
4 0.50703125 0.2203125 0.034375 0.0515625
4 0.8109375 0.77421875 0.05 0.0734375
4 0.85703125 0.80546875 0.040625 0.046875
4 0.2234375 0.31171875 0.04375 0.0546875
12 0.6078125 0.2015625 0.0671875 0.4
2 0.546875 0.046875 0.034375 0.090625
2 0.9375 0.51640625 0.103125 0.08125
13 0.146875 0.4375 0.1171875 0.0921875