12 0.15234375 0.40859375 0.3046875 0.2328125
0 0.5328125 0.82890625 0.1515625 0.3359375
0 0.85 0.3140625 0.15 0.1171875
9 0.9234375 0.48671875 0.1125 0.096875
9 0.83046875 0.41328125 0.140625 0.10625
9 0.3984375 0.09453125 0.0546875 0.121875
9 0.1578125 0.6734375 0.125 0.1
9 0.1421875 0.8015625 0.16875 0.1
2 0.1078125 0.58515625 0.109375 0.090625
2 0.33671875 0.0953125 0.0546875 0.1125
4 0.2265625 0.5671875 0.0453125 0.0484375
4 0.321875 0.23125 0.0328125 0.06875
4 0.2140625 0.87578125 0.05 0.059375
4 0.8421875 0.5140625 0.0515625 0.0515625