2 0.88203125 0.53359375 0.1078125 0.1046875
2 0.44453125 0.34375 0.1015625 0.10625
2 0.1015625 0.44140625 0.1390625 0.1171875
2 0.4890625 0.0625 0.06875 0.125
9 0.6890625 0.4046875 0.1171875 0.0890625
9 0.65625 0.475 0.1375 0.1140625
9 0.9546875 0.4703125 0.090625 0.090625
9 0.11796875 0.54375 0.134375 0.11875
9 0.16484375 0.33359375 0.1203125 0.1140625
9 0.17265625 0.25625 0.134375 0.1203125
9 0.54453125 0.0796875 0.0703125 0.1359375
9 0.08203125 0.65078125 0.1640625 0.1484375
9 0.3015625 0.9125 0.0921875 0.11875