12 0.575 0.58828125 0.240625 0.4765625
2 0.89609375 0.57109375 0.10625 0.1015625
9 0.85703125 0.66015625 0.125 0.090625
9 0.875 0.78203125 0.165625 0.1078125
2 0.640625 0.075 0.0421875 0.1078125
9 0.07265625 0.503125 0.109375 0.096875
9 0.16328125 0.41484375 0.1375 0.0828125
0 0.1375 0.3296875 0.140625 0.10625
4 0.77578125 0.55625 0.04375 0.05625
4 0.665625 0.21640625 0.0296875 0.071875
4 0.80625 0.8640625 0.046875 0.04375
4 0.15234375 0.525 0.04375 0.059375
9 0.58359375 0.09375 0.0484375 0.11875