4 0.2859375 0.04921875 0.0375 0.059375
4 0.1625 0.56015625 0.04375 0.0578125
4 0.709375 0.96640625 0.034375 0.059375
4 0.8296875 0.846875 0.04375 0.0484375
4 0.7796875 0.54140625 0.0421875 0.04375
4 0.5421875 0.09921875 0.015625 0.05625
4 0.5421875 0.04921875 0.0203125 0.0578125
2 0.6203125 0.46171875 0.0390625 0.140625
2 0.61484375 0.04140625 0.040625 0.08125
2 0.9015625 0.54140625 0.1 0.078125
9 0.8671875 0.63671875 0.121875 0.096875
9 0.8890625 0.76171875 0.15625 0.0828125
9 0.5421875 0.2203125 0.04375 0.1375
9 0.1625 0.44921875 0.1359375 0.0734375
9 0.08125 0.53515625 0.103125 0.0828125
0 0.1296875 0.35546875 0.140625 0.0953125