0 0.85546875 0.4 0.16875 0.1671875
2 0.39375 0.590625 0.053125 0.1453125
2 0.9 0.56328125 0.1109375 0.08125
2 0.6421875 0.084375 0.0421875 0.109375
9 0.08125 0.50625 0.1046875 0.0828125
9 0.1640625 0.42578125 0.1421875 0.0890625
0 0.1421875 0.3328125 0.140625 0.096875
9 0.4484375 0.2453125 0.0578125 0.1375
9 0.85234375 0.66328125 0.1296875 0.0875
9 0.8703125 0.78828125 0.171875 0.1046875
4 0.7765625 0.559375 0.0546875 0.0515625
4 0.7984375 0.86484375 0.0484375 0.05625
4 0.1578125 0.53203125 0.040625 0.05
4 0.6640625 0.23515625 0.0265625 0.075