9 0.8546875 0.37109375 0.125 0.10625
9 0.4671875 0.378125 0.1140625 0.1046875
9 0.63203125 0.32734375 0.1296875 0.10625
9 0.38359375 0.4703125 0.11875 0.1109375
9 0.315625 0.403125 0.1125 0.1046875
9 0.12578125 0.87421875 0.1203125 0.1125
2 0.0640625 0.55 0.09375 0.0921875
2 0.253125 0.85546875 0.121875 0.103125
2 0.36640625 0.1515625 0.05625 0.1078125
2 0.80625 0.30234375 0.1015625 0.0890625
4 0.2203125 0.378125 0.0484375 0.046875
4 0.5546875 0.92265625 0.053125 0.090625
10 0.059375 0.4359375 0.11875 0.171875
12 0.15625 0.72578125 0.253125 0.1921875