2 0.05859375 0.26640625 0.0625 0.08125
2 0.69296875 0.39375 0.0921875 0.0734375
2 0.6375 0.47734375 0.096875 0.09375
2 0.29296875 0.38046875 0.1125 0.1015625
2 0.1453125 0.4875 0.1171875 0.0859375
2 0.1328125 0.71875 0.1125 0.096875
2 0.5171875 0.11328125 0.059375 0.1140625
9 0.840625 0.4859375 0.1390625 0.13125
9 0.9296875 0.42265625 0.115625 0.09375
9 0.2640625 0.29921875 0.1125 0.09375
12 0.11015625 0.56796875 0.2203125 0.1859375
9 0.03125 0.69140625 0.0625 0.1140625
0 0.46015625 0.084375 0.0765625 0.16875
4 0.47734375 0.2859375 0.0484375 0.0640625
4 0.2859375 0.25390625 0.05625 0.0625