2 0.1453125 0.28046875 0.0921875 0.0859375
2 0.109375 0.36953125 0.1109375 0.09375
2 0.58046875 0.37578125 0.0890625 0.084375
2 0.675 0.478125 0.084375 0.0875
2 0.6171875 0.1328125 0.0546875 0.1046875
2 0.8359375 0.61015625 0.1125 0.090625
2 0.7734375 0.8296875 0.1109375 0.1
12 0.859375 0.70625 0.2421875 0.178125
9 0.48125 0.42578125 0.1203125 0.1265625
9 0.31171875 0.325 0.1078125 0.096875
9 0.9765625 0.4359375 0.046875 0.1
0 0.68203125 0.11328125 0.0703125 0.1765625
4 0.8359375 0.359375 0.0515625 0.06875
4 0.98828125 0.3859375 0.0234375 0.05