2 0.19765625 0.4609375 0.0890625 0.084375
2 0.32890625 0.371875 0.0890625 0.0890625
2 0.83046875 0.0984375 0.071875 0.109375
2 0.5421875 0.125 0.0421875 0.1015625
2 0.828125 0.78125 0.1046875 0.0859375
9 0.134375 0.37109375 0.1015625 0.08125
9 0.49765625 0.36015625 0.1015625 0.08125
9 0.48828125 0.45546875 0.0984375 0.1046875
9 0.67421875 0.36484375 0.096875 0.096875
9 0.84453125 0.3515625 0.0921875 0.103125
9 0.94921875 0.775 0.1015625 0.090625
12 0.88671875 0.63203125 0.2265625 0.1578125
4 0.0453125 0.32578125 0.0421875 0.046875
4 0.95 0.31640625 0.04375 0.0578125