9 0.12109375 0.53046875 0.1265625 0.1
9 0.13125 0.36640625 0.109375 0.08125
9 0.7171875 0.52890625 0.10625 0.0953125
9 0.4390625 0.203125 0.046875 0.1203125
9 0.54375 0.084375 0.0390625 0.11875
9 0.465625 0.67265625 0.1125 0.0828125
2 0.259375 0.76796875 0.115625 0.0953125
13 0.153125 0.446875 0.11875 0.0875
2 0.50625 0.3703125 0.0625 0.0984375
2 0.7640625 0.64765625 0.10625 0.0828125
2 0.90859375 0.54765625 0.096875 0.09375
4 0.22890625 0.52421875 0.0375 0.0484375
4 0.23046875 0.31640625 0.0453125 0.046875
13 0.03125 0.68125 0.0625 0.109375