9 0.04609375 0.68515625 0.090625 0.090625
9 0.559375 0.41015625 0.0859375 0.1078125
9 0.1234375 0.53046875 0.125 0.0921875
9 0.1328125 0.36171875 0.1109375 0.0796875
9 0.5484375 0.1015625 0.034375 0.15
2 0.7359375 0.53046875 0.1046875 0.0921875
2 0.4734375 0.72421875 0.1 0.084375
2 0.2828125 0.659375 0.1109375 0.084375
2 0.434375 0.165625 0.040625 0.103125
4 0.22890625 0.53046875 0.046875 0.059375
4 0.228125 0.321875 0.0484375 0.0515625
4 0.778125 0.02890625 0.03125 0.05625
13 0.1484375 0.44921875 0.1140625 0.1046875
1 0.9484375 0.53046875 0.103125 0.1390625