12 0.890625 0.62890625 0.21875 0.1296875
0 0.60625 0.0828125 0.0484375 0.165625
2 0.54296875 0.11875 0.0359375 0.10625
2 0.42265625 0.45078125 0.090625 0.0921875
2 0.29609375 0.371875 0.0890625 0.0984375
2 0.04765625 0.36796875 0.0875 0.06875
2 0.684375 0.35234375 0.0828125 0.0796875
2 0.86796875 0.54296875 0.0953125 0.0734375
2 0.83125 0.775 0.0984375 0.096875
2 0.97421875 0.42734375 0.05 0.0828125
9 0.47421875 0.35390625 0.1015625 0.0796875
9 0.87734375 0.33671875 0.0921875 0.0796875
9 0.9515625 0.7671875 0.096875 0.1
4 0.16875 0.3109375 0.0484375 0.0484375
4 0.36015625 0.6375 0.040625 0.0546875
4 0.4578125 0.3 0.0375 0.040625