9 0.878125 0.70546875 0.11875 0.1109375
9 0.8875 0.51796875 0.125 0.090625
9 0.8734375 0.35078125 0.109375 0.0875
9 0.18828125 0.5265625 0.1140625 0.075
2 0.15625 0.61875 0.121875 0.0875
9 0.0875 0.71171875 0.121875 0.096875
2 0.51875 0.33671875 0.05625 0.115625
2 0.06640625 0.51171875 0.096875 0.084375
13 0.8546875 0.43671875 0.11875 0.09375
4 0.66875 0.53046875 0.040625 0.059375
4 0.1953125 0.77421875 0.046875 0.078125
4 0.140625 0.80546875 0.04375 0.04375
4 0.778125 0.30703125 0.040625 0.05
12 0.3796875 0.38046875 0.090625 0.5140625