2 0.459375 0.04140625 0.034375 0.08125
2 0.05234375 0.753125 0.103125 0.0765625
2 0.575 0.6390625 0.1046875 0.0828125
2 0.81875 0.6421875 0.10625 0.0875
2 0.575 0.74921875 0.1015625 0.090625
9 0.54375 0.08359375 0.0359375 0.1203125
9 0.30625 0.78203125 0.1109375 0.0953125
9 0.0484375 0.659375 0.096875 0.078125
9 0.11953125 0.52734375 0.125 0.09375
9 0.13203125 0.365625 0.11875 0.084375
13 0.14921875 0.446875 0.1125 0.0875
1 0.87734375 0.515625 0.2421875 0.146875
4 0.2296875 0.3125 0.0453125 0.05