2 0.0640625 0.6671875 0.1171875 0.1015625
2 0.190625 0.5828125 0.1171875 0.0921875
2 0.809375 0.628125 0.10625 0.09375
2 0.5421875 0.2390625 0.078125 0.1171875
2 0.89921875 0.1296875 0.078125 0.096875
2 0.38671875 0.03984375 0.0953125 0.0796875
9 0.125 0.4328125 0.14375 0.1234375
9 0.17421875 0.2765625 0.1234375 0.10625
13 0.1734375 0.36328125 0.1328125 0.1140625
13 0.63671875 0.69375 0.1421875 0.115625
9 0.6625 0.565625 0.125 0.11875
9 0.4625 0.64609375 0.1296875 0.1125
9 0.565625 0.05546875 0.0640625 0.109375
9 0.64609375 0.10859375 0.0640625 0.1234375
4 0.22421875 0.44296875 0.0578125 0.075
4 0.28203125 0.25546875 0.05 0.05