2 0.9421875 0.4640625 0.0875 0.1078125
2 0.696875 0.103125 0.0546875 0.1203125
2 0.32265625 0.91015625 0.0703125 0.128125
2 0.88359375 0.6203125 0.128125 0.10625
2 0.10859375 0.1390625 0.1 0.1125
0 0.16796875 0.2796875 0.1453125 0.121875
9 0.17890625 0.3734375 0.15625 0.1109375
9 0.75546875 0.4703125 0.1140625 0.128125
9 0.63984375 0.10390625 0.059375 0.121875
9 0.82890625 0.70078125 0.134375 0.1125
9 0.8265625 0.83046875 0.171875 0.125
0 0.42265625 0.86484375 0.121875 0.2625
4 0.15390625 0.47421875 0.0515625 0.05625
4 0.765625 0.5875 0.0484375 0.0515625
4 0.7484375 0.9015625 0.0484375 0.05625