2 0.4671875 0.12578125 0.040625 0.109375
2 0.52890625 0.36171875 0.065625 0.1078125
2 0.75625 0.53671875 0.096875 0.071875
2 0.68125 0.73046875 0.1046875 0.0859375
13 0.153125 0.44453125 0.1140625 0.096875
13 0.48984375 0.6328125 0.1140625 0.0984375
9 0.1203125 0.52578125 0.1171875 0.096875
9 0.13125 0.36484375 0.10625 0.0875
9 0.403125 0.74921875 0.1203125 0.09375
9 0.775 0.62890625 0.1125 0.084375
9 0.9109375 0.74765625 0.1125 0.0796875
9 0.5421875 0.084375 0.0359375 0.121875
4 0.23046875 0.31171875 0.04375 0.046875
4 0.11328125 0.80859375 0.0484375 0.053125
4 0.6140625 0.8140625 0.05 0.046875
4 0.23125 0.83515625 0.0390625 0.0546875