4 0.22890625 0.58984375 0.0484375 0.053125
4 0.2390625 0.8984375 0.053125 0.0453125
4 0.36484375 0.72421875 0.04375 0.08125
4 0.83984375 0.49453125 0.0484375 0.0609375
4 0.38203125 0.07421875 0.0328125 0.059375
9 0.39375 0.175 0.059375 0.1328125
9 0.1625 0.70234375 0.13125 0.1046875
9 0.159375 0.82578125 0.165625 0.1015625
9 0.821875 0.38515625 0.15 0.10625
9 0.91875 0.46171875 0.121875 0.096875
0 0.83515625 0.2921875 0.15 0.1140625
2 0.1125 0.615625 0.115625 0.0984375
2 0.35703125 0.340625 0.065625 0.1390625
4 0.7515625 0.08046875 0.0453125 0.0640625