2 0.4359375 0.4703125 0.1 0.0921875
2 0.46328125 0.12578125 0.059375 0.109375
9 0.11328125 0.53359375 0.1359375 0.1140625
9 0.07578125 0.4609375 0.125 0.1125
9 0.23984375 0.41796875 0.109375 0.1015625
9 0.40703125 0.384375 0.115625 0.1046875
9 0.66484375 0.390625 0.11875 0.1
9 0.6203125 0.8046875 0.1421875 0.23125
12 0.88828125 0.5453125 0.2234375 0.21875
10 0.65546875 0.28515625 0.2484375 0.196875
4 0.48515625 0.31796875 0.053125 0.0546875
4 0.3734375 0.63125 0.059375 0.06875
2 0.8796875 0.7078125 0.1140625 0.1015625