2 0.47734375 0.21796875 0.0390625 0.13125
2 0.5328125 0.93515625 0.08125 0.1296875
0 0.1265625 0.3578125 0.1375 0.084375
1 0.4 0.61796875 0.075 0.40625
9 0.8640625 0.63515625 0.121875 0.096875
9 0.89375 0.75234375 0.1625 0.1015625
2 0.9 0.540625 0.1015625 0.0953125
2 0.6125 0.06796875 0.0421875 0.10625
9 0.55078125 0.08359375 0.0375 0.125
9 0.846875 0.38984375 0.10625 0.0765625
9 0.1546875 0.43671875 0.1359375 0.09375
4 0.15078125 0.54453125 0.059375 0.059375
4 0.83046875 0.84140625 0.046875 0.05
4 0.778125 0.53671875 0.053125 0.0578125
9 0.415625 0.04921875 0.040625 0.096875