2 0.20546875 0.35546875 0.078125 0.075
2 0.24375 0.4390625 0.0953125 0.0890625
2 0.6859375 0.35703125 0.08125 0.0859375
2 0.0359375 0.35859375 0.0703125 0.071875
2 0.8375 0.44765625 0.0640625 0.0828125
2 0.85 0.553125 0.0984375 0.078125
2 0.8234375 0.78671875 0.1 0.09375
2 0.55 0.12265625 0.0359375 0.0984375
9 0.3875 0.35703125 0.10625 0.0921875
9 0.6140625 0.43046875 0.109375 0.1203125
9 0.94453125 0.784375 0.1 0.0984375
12 0.8859375 0.63828125 0.2265625 0.1453125
0 0.6109375 0.08671875 0.0515625 0.1703125
4 0.93125 0.31640625 0.0421875 0.05