2 0.56875 0.42109375 0.08125 0.103125
2 0.46015625 0.08125 0.04375 0.1
2 0.9578125 0.61328125 0.084375 0.0828125
2 0.9484375 0.7375 0.103125 0.096875
2 0.45703125 0.74375 0.10625 0.0875
9 0.703125 0.75546875 0.115625 0.1015625
9 0.51484375 0.63671875 0.10625 0.084375
9 0.15625 0.76796875 0.121875 0.0921875
9 0.11953125 0.534375 0.128125 0.0953125
9 0.13203125 0.37890625 0.1140625 0.075
13 0.14765625 0.453125 0.1171875 0.0953125
13 0.1484375 0.66171875 0.1171875 0.090625
9 0.53515625 0.0859375 0.0390625 0.1265625
4 0.38203125 0.83046875 0.046875 0.0546875
4 0.2265625 0.31484375 0.0453125 0.0546875