2 0.86875 0.53046875 0.10625 0.075
13 0.15 0.44296875 0.11875 0.0890625
9 0.115625 0.53046875 0.128125 0.109375
9 0.1328125 0.36796875 0.109375 0.08125
9 0.6875 0.51171875 0.10625 0.1046875
2 0.8125 0.62890625 0.115625 0.084375
9 0.88671875 0.72421875 0.1171875 0.0875
9 0.54609375 0.04921875 0.034375 0.096875
4 0.22578125 0.31640625 0.04375 0.05625
4 0.8875 0.81171875 0.05625 0.0515625
4 0.80078125 0.81796875 0.053125 0.046875
4 0.7296875 0.78046875 0.05625 0.08125
4 0.18125 0.11015625 0.04375 0.0546875