2 0.21015625 0.709375 0.1171875 0.121875
2 0.93359375 0.4375 0.1046875 0.090625
9 0.9390625 0.6359375 0.121875 0.109375
2 0.8546875 0.55703125 0.1296875 0.103125
9 0.80859375 0.4703125 0.1234375 0.0953125
9 0.47578125 0.19921875 0.0671875 0.1375
9 0.10859375 0.4203125 0.125 0.0984375
9 0.12421875 0.58203125 0.1328125 0.11875
13 0.13984375 0.5015625 0.1265625 0.1046875
12 0.5375 0.14296875 0.1125 0.2859375
4 0.85234375 0.71484375 0.0625 0.075
4 0.90625 0.73203125 0.046875 0.04375
4 0.19375 0.3578125 0.0578125 0.0578125
4 0.453125 0.0359375 0.0484375 0.06875