9 0.865625 0.63515625 0.128125 0.10625
9 0.8875 0.75390625 0.15625 0.0921875
9 0.5546875 0.09296875 0.0328125 0.1390625
9 0.1609375 0.44296875 0.13125 0.084375
9 0.0765625 0.53046875 0.10625 0.078125
4 0.159375 0.55546875 0.040625 0.046875
4 0.64609375 0.21796875 0.028125 0.0703125
4 0.83125 0.84140625 0.0515625 0.0453125
4 0.7796875 0.53515625 0.05 0.0484375
0 0.1359375 0.35703125 0.15 0.0921875
2 0.615625 0.07421875 0.0390625 0.121875
2 0.9015625 0.540625 0.10625 0.08125
12 0.6515625 0.47421875 0.2765625 0.3484375