1 0.09765625 0.5796875 0.1953125 0.165625
2 0.35234375 0.5125 0.1078125 0.1140625
2 0.82578125 0.70234375 0.1140625 0.10625
2 0.94921875 0.6140625 0.1015625 0.103125
2 0.51953125 0.05390625 0.05 0.0921875
2 0.340625 0.06328125 0.04375 0.09375
9 0.47421875 0.31796875 0.0828125 0.1265625
9 0.8765625 0.48203125 0.13125 0.1140625
9 0.8484375 0.32265625 0.1140625 0.0953125
9 0.40234375 0.1 0.053125 0.1234375
13 0.834375 0.4046875 0.1234375 0.1125
4 0.7703125 0.4953125 0.0453125 0.06875
4 0.74453125 0.290625 0.04375 0.0640625
4 0.0921875 0.15078125 0.04375 0.0734375