4 0.61875 0.32734375 0.053125 0.05
9 0.1765625 0.3625 0.1265625 0.1046875
9 0.19140625 0.29140625 0.1171875 0.1046875
9 0.42421875 0.6234375 0.140625 0.1703125
9 0.55390625 0.45 0.1234375 0.115625
9 0.675 0.38515625 0.1203125 0.11875
9 0.82265625 0.7125 0.14375 0.121875
9 0.8171875 0.8359375 0.18125 0.1296875
9 0.64921875 0.10703125 0.0703125 0.1328125
2 0.7140625 0.1 0.06875 0.121875
2 0.38359375 0.334375 0.1015625 0.0921875
13 0.93984375 0.52265625 0.1203125 0.1203125
2 0.88203125 0.6265625 0.125 0.109375