2 0.03984375 0.54765625 0.0796875 0.1046875
13 0.48984375 0.6578125 0.1390625 0.1234375
2 0.73046875 0.5953125 0.1 0.1
2 0.55234375 0.1359375 0.065625 0.1140625
2 0.96484375 0.2359375 0.0703125 0.09375
9 0.59453125 0.5015625 0.1203125 0.1296875
9 0.29296875 0.60703125 0.1265625 0.1078125
2 0.8328125 0.83203125 0.1296875 0.11875
9 0.93125 0.65390625 0.10625 0.103125
9 0.64453125 0.10390625 0.0625 0.1265625
9 0.17578125 0.2765625 0.121875 0.1
9 0.12734375 0.43203125 0.1390625 0.1171875
4 0.23359375 0.45703125 0.046875 0.0640625
4 0.28203125 0.25390625 0.0515625 0.0578125
13 0.1734375 0.3578125 0.13125 0.11875