0 0.8625 0.43203125 0.1796875 0.1796875
2 0.3859375 0.58046875 0.0640625 0.1484375
2 0.89296875 0.59765625 0.1171875 0.0890625
2 0.67734375 0.0984375 0.05 0.1109375
9 0.0828125 0.46953125 0.109375 0.090625
9 0.171875 0.396875 0.1484375 0.1
0 0.1578125 0.3015625 0.146875 0.1078125
9 0.4703125 0.24140625 0.06875 0.140625
9 0.83671875 0.69296875 0.134375 0.096875
9 0.84375 0.81953125 0.178125 0.1171875
4 0.7703125 0.5828125 0.0578125 0.05625
4 0.765625 0.8890625 0.0515625 0.059375
4 0.15625 0.5015625 0.04375 0.0515625
4 0.68671875 0.25 0.0328125 0.0765625