9 0.2859375 0.58984375 0.134375 0.1234375
9 0.23984375 0.509375 0.1234375 0.10625
9 0.40390625 0.375 0.1203125 0.1078125
9 0.44375 0.0796875 0.071875 0.1453125
9 0.87734375 0.53359375 0.134375 0.11875
9 0.91796875 0.63984375 0.1640625 0.1421875
2 0.13515625 0.45546875 0.1078125 0.0984375
13 0.64921875 0.38828125 0.125 0.1234375
2 0.49765625 0.053125 0.0640625 0.10625
4 0.6734375 0.2796875 0.0546875 0.0578125
4 0.83984375 0.21640625 0.05625 0.05625
4 0.16328125 0.39140625 0.05 0.0546875
2 0.8890625 0.434375 0.13125 0.115625