9 0.2609375 0.63671875 0.1015625 0.1265625
9 0.1171875 0.51796875 0.121875 0.0890625
9 0.125 0.36171875 0.1125 0.06875
9 0.8140625 0.52265625 0.109375 0.084375
9 0.9171875 0.71171875 0.1125 0.0875
2 0.8453125 0.61796875 0.1078125 0.0828125
12 0.6140625 0.29921875 0.075 0.4734375
2 0.5171875 0.23671875 0.0453125 0.109375
2 0.9359375 0.51640625 0.0984375 0.08125
4 0.41875 0.43046875 0.0375 0.0609375
4 0.8109375 0.775 0.04375 0.075
4 0.859375 0.79921875 0.046875 0.0375
4 0.2234375 0.30546875 0.046875 0.0453125
13 0.146875 0.43828125 0.1125 0.09375