9 0.31875 0.42265625 0.109375 0.1078125
9 0.1796875 0.35078125 0.1 0.078125
9 0.9453125 0.77265625 0.10625 0.0875
9 0.8703125 0.33671875 0.0953125 0.0765625
12 0.88671875 0.63671875 0.2265625 0.1328125
2 0.5109375 0.44921875 0.078125 0.0796875
2 0.4390625 0.36171875 0.075 0.06875
2 0.8265625 0.77421875 0.09375 0.084375
2 0.8484375 0.54453125 0.103125 0.071875
2 0.9234375 0.42421875 0.0875 0.0828125
2 0.5484375 0.115625 0.034375 0.096875
0 0.6109375 0.08515625 0.04375 0.16875
4 0.68125 0.29921875 0.05 0.0546875
4 0.8625 0.29140625 0.0359375 0.040625
2 0.03125 0.346875 0.0609375 0.0734375