13 0.3421875 0.48359375 0.1234375 0.1328125
13 0.13828125 0.50390625 0.1484375 0.1234375
2 0.3859375 0.740625 0.1125 0.1078125
2 0.5875 0.08046875 0.046875 0.1
9 0.125 0.70078125 0.14375 0.096875
2 0.04453125 0.59453125 0.0890625 0.0921875
9 0.91328125 0.584375 0.1234375 0.096875
9 0.85 0.48125 0.1453125 0.1015625
0 0.8875 0.40390625 0.1453125 0.1078125
9 0.52734375 0.28046875 0.075 0.1234375
4 0.7734375 0.5515625 0.0484375 0.0625
4 0.83203125 0.59375 0.05 0.0515625
9 0.6984375 0.7921875 0.140625 0.11875