2 0.07890625 0.73046875 0.1078125 0.0984375
13 0.55234375 0.64921875 0.1328125 0.1140625
2 0.74921875 0.49765625 0.09375 0.09375
2 0.40546875 0.14453125 0.05625 0.1125
2 0.83125 0.0734375 0.078125 0.0890625
9 0.5875 0.46484375 0.1140625 0.121875
9 0.3515625 0.6796875 0.121875 0.1
2 0.9359375 0.675 0.1234375 0.1109375
9 0.953125 0.4734375 0.09375 0.096875
9 0.478125 0.07890625 0.053125 0.125
9 0.1140625 0.42109375 0.1171875 0.0921875
9 0.13046875 0.5828125 0.134375 0.1078125
4 0.23828125 0.5640625 0.0421875 0.0609375
4 0.203125 0.35859375 0.0484375 0.05625
13 0.14375 0.496875 0.1265625 0.1109375