2 0.86953125 0.48515625 0.1140625 0.0875
13 0.1453125 0.4859375 0.128125 0.103125
9 0.121875 0.57734375 0.1390625 0.1234375
9 0.11953125 0.4140625 0.1171875 0.09375
9 0.6875 0.4890625 0.11875 0.115625
2 0.82578125 0.58984375 0.125 0.096875
9 0.9109375 0.67578125 0.1265625 0.1015625
9 0.48984375 0.0484375 0.0453125 0.096875
4 0.20546875 0.3515625 0.05 0.0609375
4 0.92265625 0.7625 0.0625 0.0578125
4 0.8375 0.77890625 0.0578125 0.053125
4 0.7625 0.75 0.065625 0.0875
4 0.1359375 0.1515625 0.0484375 0.059375