2 0.30703125 0.3359375 0.0921875 0.0890625
2 0.603125 0.4546875 0.090625 0.0828125
2 0.665625 0.08359375 0.05 0.1125
2 0.88671875 0.58671875 0.125 0.109375
9 0.84296875 0.67578125 0.1375 0.0921875
9 0.846875 0.8015625 0.16875 0.11875
9 0.93359375 0.490625 0.1125 0.109375
9 0.89609375 0.3984375 0.1125 0.0890625
9 0.60546875 0.09765625 0.0546875 0.1328125
9 0.4953125 0.353125 0.1046875 0.0921875
9 0.35625 0.421875 0.1140625 0.1
9 0.07578125 0.39921875 0.1203125 0.1015625
9 0.075 0.30078125 0.115625 0.1171875