12 0.61328125 0.3453125 0.08125 0.4546875
12 0.67265625 0.8875 0.0984375 0.225
13 0.15078125 0.43046875 0.1125 0.0953125
2 0.84296875 0.628125 0.1140625 0.084375
9 0.1171875 0.51328125 0.1265625 0.1
9 0.13203125 0.3515625 0.1140625 0.078125
9 0.9140625 0.71875 0.1125 0.0890625
9 0.81484375 0.53203125 0.1140625 0.0765625
2 0.940625 0.52421875 0.0953125 0.0828125
4 0.54140625 0.5234375 0.0234375 0.071875
4 0.85703125 0.81171875 0.04375 0.0359375
4 0.809375 0.7796875 0.05625 0.075
4 0.228125 0.30546875 0.0390625 0.0546875