2 0.81640625 0.4140625 0.090625 0.0890625
2 0.76328125 0.4890625 0.109375 0.1046875
2 0.34453125 0.32421875 0.096875 0.1
2 0.97109375 0.45 0.0578125 0.084375
2 0.17890625 0.384375 0.078125 0.0921875
2 0.14609375 0.48515625 0.1109375 0.0953125
2 0.128125 0.71953125 0.115625 0.1109375
2 0.52265625 0.1203125 0.053125 0.103125
9 0.6375 0.38125 0.121875 0.109375
9 0.4015625 0.41015625 0.13125 0.1390625
9 0.03359375 0.69375 0.0671875 0.115625
12 0.11015625 0.5609375 0.2203125 0.1875
0 0.46953125 0.08125 0.0828125 0.1625
4 0.11171875 0.2375 0.05 0.05625