2 0.8234375 0.54765625 0.10625 0.078125
2 0.7671875 0.71015625 0.1125 0.0875
2 0.5265625 0.653125 0.1015625 0.090625
2 0.4640625 0.278125 0.0609375 0.0953125
9 0.259375 0.67421875 0.1140625 0.0828125
9 0.11796875 0.528125 0.128125 0.103125
9 0.13125 0.36796875 0.109375 0.084375
9 0.6328125 0.490625 0.1078125 0.1203125
9 0.54453125 0.08671875 0.0375 0.1296875
2 0.0515625 0.76953125 0.1015625 0.1
4 0.2265625 0.528125 0.0390625 0.059375
4 0.2265625 0.32265625 0.0390625 0.0515625
9 0.428125 0.096875 0.0375 0.1078125
13 0.15078125 0.45078125 0.1140625 0.09375