9 0.8296875 0.70859375 0.146875 0.13125
9 0.8265625 0.82890625 0.1703125 0.121875
9 0.63828125 0.11328125 0.0609375 0.1421875
9 0.18046875 0.3734375 0.1453125 0.109375
9 0.0796875 0.44140625 0.11875 0.0984375
4 0.15546875 0.48359375 0.05 0.0546875
4 0.7015625 0.2546875 0.0421875 0.0734375
4 0.753125 0.903125 0.059375 0.0546875
4 0.76640625 0.5921875 0.059375 0.0578125
0 0.1734375 0.284375 0.165625 0.1203125
2 0.7015625 0.1078125 0.0625 0.1265625
2 0.884375 0.6234375 0.1203125 0.1
12 0.65390625 0.50625 0.3421875 0.3984375