4 0.15625 0.54921875 0.05 0.046875
4 0.7796875 0.53046875 0.04375 0.05
4 0.6421875 0.20859375 0.028125 0.071875
4 0.828125 0.840625 0.05 0.0453125
9 0.15625 0.43046875 0.1328125 0.096875
9 0.553125 0.09296875 0.0359375 0.13125
9 0.8625 0.62421875 0.1140625 0.1015625
2 0.896875 0.53046875 0.10625 0.084375
2 0.7671875 0.43046875 0.08125 0.084375
2 0.859375 0.3328125 0.0828125 0.0734375
2 0.61171875 0.06171875 0.0328125 0.1046875
0 0.128125 0.35546875 0.134375 0.0890625
9 0.8875 0.75546875 0.165625 0.1