1 0.4109375 0.77109375 0.0953125 0.4578125
9 0.14765625 0.45078125 0.1359375 0.08125
9 0.53671875 0.08359375 0.0421875 0.128125
9 0.403125 0.08984375 0.04375 0.11875
9 0.72890625 0.41953125 0.0921875 0.09375
9 0.865625 0.62265625 0.1234375 0.0953125
9 0.89453125 0.74453125 0.175 0.1078125
2 0.90078125 0.52109375 0.10625 0.0859375
2 0.59296875 0.059375 0.040625 0.1140625
2 0.48125 0.4390625 0.0609375 0.1453125
0 0.11953125 0.3734375 0.1515625 0.109375
4 0.13828125 0.56875 0.05 0.0640625
4 0.8421875 0.825 0.0484375 0.0484375
4 0.78125 0.528125 0.0453125 0.0546875