0 0.1109375 0.35703125 0.15 0.0921875
9 0.125 0.44296875 0.140625 0.08125
9 0.55625 0.08046875 0.046875 0.134375
9 0.41875 0.159375 0.0375 0.1234375
9 0.865625 0.63046875 0.1171875 0.0859375
9 0.890625 0.7515625 0.1640625 0.096875
9 0.63671875 0.51015625 0.09375 0.1328125
4 0.828125 0.840625 0.040625 0.0453125
4 0.77734375 0.53046875 0.0484375 0.046875
4 0.909375 0.36328125 0.046875 0.0625
4 0.0921875 0.546875 0.053125 0.046875
2 0.4796875 0.68046875 0.05 0.1890625
2 0.6140625 0.06953125 0.0359375 0.1140625
2 0.9015625 0.53828125 0.109375 0.090625
1 0.40078125 0.83046875 0.0875 0.334375