0 0.94453125 0.39453125 0.1109375 0.1578125
0 0.15703125 0.29921875 0.1578125 0.1109375
9 0.1765625 0.384375 0.1421875 0.115625
9 0.615625 0.1015625 0.0609375 0.134375
9 0.83984375 0.690625 0.1296875 0.1
9 0.83828125 0.8125 0.1765625 0.1140625
2 0.8890625 0.5890625 0.11875 0.1078125
2 0.7609375 0.38046875 0.084375 0.0796875
2 0.66640625 0.52578125 0.0890625 0.103125
2 0.67734375 0.0890625 0.05625 0.1109375
4 0.1546875 0.5015625 0.0625 0.071875
4 0.7703125 0.5796875 0.065625 0.0515625
4 0.77421875 0.88828125 0.05625 0.0484375
4 0.48671875 0.17265625 0.0359375 0.071875
4 0.68671875 0.2375 0.0359375 0.0625