2 0.1953125 0.4875 0.096875 0.0921875
2 0.31875 0.38671875 0.096875 0.096875
2 0.79453125 0.07109375 0.08125 0.115625
2 0.509375 0.12265625 0.0515625 0.1046875
2 0.8515625 0.7515625 0.1125 0.0953125
9 0.12421875 0.40390625 0.1078125 0.0890625
9 0.48515625 0.3609375 0.1078125 0.0890625
9 0.484375 0.45703125 0.1078125 0.1125
9 0.66171875 0.35 0.103125 0.103125
9 0.83046875 0.32265625 0.1 0.1109375
9 0.95859375 0.734375 0.0828125 0.1
12 0.88828125 0.59765625 0.2234375 0.1765625
4 0.03203125 0.36640625 0.0453125 0.0515625
4 0.93203125 0.278125 0.0484375 0.0609375