9 0.1859375 0.34375 0.1515625 0.121875
9 0.0875 0.4078125 0.1203125 0.1125
9 0.059375 0.640625 0.11875 0.134375
9 0.61796875 0.78984375 0.140625 0.11875
9 0.91953125 0.67265625 0.1125 0.10625
13 0.7453125 0.61015625 0.1484375 0.134375
13 0.59375 0.4640625 0.1328125 0.1578125
4 0.15546875 0.45078125 0.0609375 0.0828125
4 0.228125 0.4328125 0.0671875 0.065625
0 0.1765625 0.25703125 0.153125 0.1296875
9 0.56796875 0.16328125 0.065625 0.1078125
2 0.3578125 0.725 0.1171875 0.1140625
2 0.59609375 0.6734375 0.103125 0.0953125