9 0.075 0.3859375 0.121875 0.1
9 0.09140625 0.30859375 0.1109375 0.0890625
9 0.35625 0.54375 0.121875 0.11875
9 0.396875 0.4234375 0.115625 0.10625
9 0.55390625 0.3578125 0.11875 0.1
9 0.61640625 0.0953125 0.0578125 0.134375
9 0.83984375 0.68125 0.1296875 0.109375
9 0.84375 0.80703125 0.1796875 0.11875
13 0.80234375 0.46796875 0.128125 0.1109375
2 0.26640625 0.33671875 0.1109375 0.0953125
2 0.8859375 0.59140625 0.1078125 0.1046875
2 0.67421875 0.08984375 0.059375 0.115625
4 0.959375 0.40703125 0.0484375 0.059375
4 0.40703125 0.29921875 0.0625 0.065625