2 0.553125 0.46796875 0.059375 0.1
2 0.5390625 0.75546875 0.059375 0.153125
2 0.23125 0.09296875 0.0796875 0.1
2 0.6109375 0.06796875 0.034375 0.1109375
2 0.9015625 0.53671875 0.103125 0.0828125
9 0.8671875 0.63671875 0.1140625 0.09375
9 0.8875 0.74921875 0.165625 0.09375
9 0.5546875 0.09296875 0.04375 0.121875
9 0.16484375 0.4453125 0.140625 0.084375
0 0.1234375 0.35546875 0.1484375 0.103125
4 0.4109375 0.76796875 0.028125 0.08125
4 0.778125 0.53671875 0.04375 0.04375
4 0.640625 0.14921875 0.01875 0.0578125
4 0.828125 0.846875 0.040625 0.0484375
0 0.69375 0.41796875 0.1421875 0.159375
4 0.1578125 0.55546875 0.053125 0.046875