9 0.5640625 0.64140625 0.084375 0.175
9 0.8625 0.62421875 0.115625 0.0828125
9 0.5546875 0.07421875 0.0453125 0.1265625
9 0.8921875 0.74921875 0.165625 0.084375
9 0.1546875 0.43671875 0.14375 0.0796875
0 0.1234375 0.35546875 0.1375 0.0921875
2 0.9015625 0.53359375 0.1015625 0.078125
2 0.7 0.44921875 0.078125 0.096875
2 0.6109375 0.07421875 0.04375 0.121875
4 0.7765625 0.52421875 0.046875 0.046875
4 0.9046875 0.36171875 0.0421875 0.034375
4 0.9640625 0.33046875 0.040625 0.05
1 0.45 0.096875 0.06875 0.190625
4 0.83046875 0.83671875 0.046875 0.0515625
4 0.15625 0.54921875 0.04375 0.0546875