4 0.23125 0.3109375 0.05 0.0453125
4 0.49140625 0.815625 0.05 0.0546875
4 0.08984375 0.8171875 0.05 0.04375
9 0.8078125 0.7609375 0.1171875 0.090625
9 0.63984375 0.63671875 0.1203125 0.0953125
9 0.275 0.7515625 0.121875 0.096875
9 0.11640625 0.51875 0.121875 0.103125
9 0.13359375 0.35546875 0.1109375 0.0921875
9 0.55234375 0.08515625 0.0484375 0.11875
2 0.490625 0.23046875 0.053125 0.10625
2 0.6578125 0.50703125 0.090625 0.0953125
2 0.56796875 0.73671875 0.1015625 0.0890625
13 0.32890625 0.6359375 0.1171875 0.1015625
13 0.153125 0.440625 0.115625 0.084375