2 0.4421875 0.4765625 0.075 0.1078125
2 0.5015625 0.75859375 0.08125 0.1609375
2 0.7015625 0.05625 0.09375 0.1109375
2 0.32265625 0.090625 0.05 0.1140625
2 0.109375 0.59921875 0.1140625 0.096875
9 0.15859375 0.6921875 0.1265625 0.109375
9 0.15625 0.80703125 0.178125 0.1171875
9 0.38203125 0.10625 0.0625 0.1265625
9 0.82265625 0.39375 0.1515625 0.1046875
0 0.84921875 0.2984375 0.1625 0.125
4 0.6296875 0.75078125 0.040625 0.084375
4 0.23125 0.5796875 0.05 0.05
4 0.30625 0.17578125 0.028125 0.059375
4 0.23046875 0.89375 0.0484375 0.0546875
0 0.29609375 0.44921875 0.1640625 0.178125
4 0.846875 0.5015625 0.059375 0.0546875