2 0.265625 0.5375 0.125 0.15
2 0.925 0.61796875 0.1125 0.1
12 0.68671875 0.16328125 0.121875 0.2609375
9 0.79921875 0.596875 0.1265625 0.10625
2 0.8078125 0.6921875 0.1265625 0.10625
9 0.84921875 0.80546875 0.1421875 0.11875
9 0.63125 0.12890625 0.0671875 0.1328125
9 0.175 0.27421875 0.128125 0.1015625
9 0.1234375 0.42265625 0.1390625 0.1234375
13 0.17109375 0.353125 0.128125 0.1140625
4 0.27890625 0.2421875 0.05 0.0609375
4 0.77734375 0.8796875 0.05 0.0578125
4 0.73671875 0.8390625 0.071875 0.0890625