2 0.77890625 0.72421875 0.121875 0.125
2 0.0703125 0.415625 0.1078125 0.09375
9 0.05859375 0.61328125 0.1171875 0.1140625
2 0.14296875 0.5390625 0.1328125 0.1078125
9 0.19296875 0.45390625 0.1265625 0.1
9 0.540625 0.20078125 0.0734375 0.1390625
9 0.8953125 0.440625 0.128125 0.103125
9 0.87109375 0.6015625 0.1375 0.1234375
13 0.859375 0.5203125 0.1296875 0.109375
12 0.48203125 0.1421875 0.1265625 0.284375
4 0.1375 0.69609375 0.0640625 0.078125
4 0.0828125 0.7109375 0.0484375 0.0453125
4 0.8125 0.37421875 0.059375 0.059375
4 0.57109375 0.0390625 0.05 0.06875