2 0.81953125 0.42578125 0.09375 0.090625
2 0.76328125 0.4984375 0.1125 0.1078125
2 0.35078125 0.31875 0.0984375 0.1015625
2 0.9703125 0.46640625 0.059375 0.0859375
2 0.1828125 0.3734375 0.0796875 0.09375
2 0.146875 0.47265625 0.1125 0.0984375
2 0.1203125 0.70625 0.11875 0.1125
2 0.5359375 0.12109375 0.05625 0.103125
9 0.64140625 0.3859375 0.1234375 0.1125
9 0.4046875 0.40625 0.134375 0.140625
9 0.03125 0.6765625 0.0625 0.11875
12 0.11015625 0.546875 0.2203125 0.19375
0 0.484375 0.08046875 0.0875 0.1609375
4 0.12109375 0.22421875 0.0515625 0.0578125