2 0.178125 0.65546875 0.1 0.10625
2 0.9375 0.5140625 0.09375 0.075
9 0.9125 0.71171875 0.115625 0.090625
2 0.8390625 0.61796875 0.1171875 0.0828125
9 0.809375 0.52421875 0.1125 0.0765625
9 0.528125 0.19921875 0.04375 0.1328125
9 0.128125 0.353125 0.1140625 0.0796875
9 0.115625 0.515625 0.11875 0.1
13 0.1453125 0.4390625 0.1140625 0.0859375
12 0.6 0.14765625 0.0625 0.29375
4 0.809375 0.77265625 0.0515625 0.0671875
4 0.859375 0.79921875 0.040625 0.0375
4 0.2234375 0.30703125 0.05 0.05
4 0.534375 0.03515625 0.0375 0.0625