9 0.2375 0.584375 0.1265625 0.1453125
9 0.121875 0.43828125 0.1375 0.1125
9 0.16171875 0.28671875 0.1234375 0.090625
9 0.80234375 0.5875 0.125 0.1046875
9 0.8640625 0.79375 0.128125 0.109375
2 0.81328125 0.6875 0.1234375 0.1046875
12 0.653125 0.32734375 0.1703125 0.478125
2 0.571875 0.24609375 0.0671875 0.115625
2 0.92265625 0.60703125 0.1125 0.0984375
4 0.43515625 0.41484375 0.0484375 0.0671875
4 0.746875 0.83359375 0.0578125 0.0828125
4 0.7890625 0.8671875 0.053125 0.046875
4 0.2703125 0.25234375 0.0546875 0.053125
13 0.1671875 0.36640625 0.1296875 0.1140625