9 0.1375 0.66796875 0.115625 0.084375
9 0.121875 0.53046875 0.1296875 0.09375
9 0.13125 0.36171875 0.109375 0.0765625
9 0.8859375 0.54921875 0.10625 0.090625
9 0.88203125 0.64921875 0.115625 0.0734375
9 0.515625 0.396875 0.09375 0.11875
9 0.546875 0.08046875 0.0390625 0.1203125
13 0.15 0.44921875 0.11875 0.09375
13 0.36875 0.671875 0.121875 0.109375
2 0.659375 0.50546875 0.0828125 0.084375
2 0.4609375 0.040625 0.0421875 0.078125
4 0.23046875 0.31640625 0.0453125 0.05
4 0.2296875 0.52734375 0.040625 0.059375
2 0.6875 0.74453125 0.1140625 0.0890625