2 0.925 0.37265625 0.0703125 0.0953125
2 0.61015625 0.07109375 0.03125 0.1171875
2 0.41171875 0.93828125 0.046875 0.121875
2 0.9 0.53828125 0.1140625 0.084375
2 0.0421875 0.228125 0.0828125 0.096875
0 0.1296875 0.353125 0.128125 0.096875
9 0.159375 0.44296875 0.1421875 0.084375
9 0.74375 0.41796875 0.09375 0.1109375
9 0.5546875 0.08359375 0.0375 0.1171875
9 0.86328125 0.628125 0.11875 0.0890625
9 0.88828125 0.75546875 0.15625 0.0953125
0 0.5 0.87265625 0.071875 0.2546875
4 0.15625 0.546875 0.04375 0.0484375
4 0.778125 0.53046875 0.040625 0.04375
4 0.8265625 0.84140625 0.0390625 0.05