4 0.19140625 0.384375 0.05625 0.075
4 0.3265625 0.88359375 0.05625 0.0578125
9 0.41015625 0.665625 0.1328125 0.1125
9 0.63671875 0.73671875 0.13125 0.134375
9 0.45078125 0.08515625 0.0640625 0.1234375
9 0.1109375 0.453125 0.125 0.1015625
9 0.13671875 0.6125 0.14375 0.125
9 0.11328125 0.86015625 0.1 0.1015625
2 0.39296875 0.778125 0.1234375 0.10625
2 0.4578125 0.31015625 0.0796875 0.1046875
2 0.87265625 0.54453125 0.109375 0.1015625
2 0.87890625 0.67265625 0.1265625 0.115625
1 0.94140625 0.41484375 0.1171875 0.1734375
13 0.1453125 0.52734375 0.1375 0.125