4 0.77734375 0.534375 0.0453125 0.040625
4 0.828125 0.84296875 0.0453125 0.0390625
4 0.15625 0.56015625 0.046875 0.0546875
9 0.1578125 0.44296875 0.1359375 0.09375
9 0.8671875 0.63515625 0.1203125 0.090625
9 0.89296875 0.75546875 0.1609375 0.078125
9 0.865625 0.371875 0.096875 0.1171875
9 0.54921875 0.09140625 0.040625 0.134375
2 0.10078125 0.18671875 0.103125 0.090625
2 0.44375 0.73671875 0.059375 0.1484375
2 0.6109375 0.07890625 0.034375 0.1109375
2 0.8984375 0.54140625 0.103125 0.0953125
0 0.53125 0.68671875 0.1078125 0.2734375
0 0.1296875 0.35546875 0.146875 0.084375
4 0.6375 0.0265625 0.0234375 0.05