9 0.88671875 0.4703125 0.1390625 0.1203125
9 0.85390625 0.31796875 0.1140625 0.0875
9 0.5421875 0.4234375 0.0890625 0.1515625
9 0.19609375 0.5640625 0.125 0.0890625
2 0.1734375 0.6609375 0.121875 0.1
9 0.115625 0.7671875 0.1328125 0.103125
4 0.45859375 0.2234375 0.040625 0.0546875
4 0.225 0.81015625 0.0578125 0.078125
4 0.1828125 0.846875 0.0453125 0.0515625
4 0.7515625 0.2796875 0.05 0.059375
12 0.35625 0.2171875 0.1140625 0.4046875
2 0.3984375 0.05625 0.0453125 0.09375
2 0.06796875 0.56953125 0.1125 0.0921875
13 0.84296875 0.3953125 0.128125 0.1046875