4 0.22265625 0.5078125 0.04375 0.0671875
4 0.15390625 0.53125 0.046875 0.053125
9 0.078125 0.49609375 0.10625 0.0890625
9 0.16328125 0.4171875 0.1484375 0.0890625
9 0.41015625 0.75546875 0.1234375 0.0984375
9 0.55 0.37890625 0.075 0.1171875
2 0.07421875 0.74609375 0.10625 0.1
2 0.7109375 0.76796875 0.1046875 0.0921875
2 0.94375 0.7703125 0.0890625 0.1
13 0.9453125 0.57265625 0.1078125 0.1015625
13 0.74609375 0.5546875 0.1296875 0.109375
2 0.4984375 0.17734375 0.04375 0.1078125
9 0.4734375 0.02890625 0.034375 0.0578125
0 0.13828125 0.33125 0.140625 0.1046875