4 0.8265625 0.83828125 0.053125 0.0578125
4 0.78046875 0.53828125 0.0453125 0.04375
4 0.64296875 0.22265625 0.025 0.06875
4 0.159375 0.559375 0.0453125 0.0515625
9 0.08203125 0.53515625 0.1140625 0.0828125
9 0.1625 0.44296875 0.13125 0.084375
9 0.5546875 0.08828125 0.0484375 0.1296875
9 0.86328125 0.63828125 0.11875 0.0828125
9 0.89375 0.75390625 0.159375 0.0859375
2 0.9 0.54296875 0.103125 0.078125
2 0.6109375 0.0765625 0.034375 0.1140625
0 0.5546875 0.6765625 0.128125 0.325
0 0.13125 0.35625 0.1421875 0.0984375
12 0.9046875 0.33828125 0.1890625 0.16875