2 0.071875 0.44921875 0.0875 0.0734375
2 0.1171875 0.36640625 0.0890625 0.078125
2 0.5109375 0.36171875 0.08125 0.0703125
2 0.5734375 0.446875 0.09375 0.0828125
2 0.821875 0.78046875 0.0953125 0.1109375
2 0.55 0.11796875 0.0390625 0.103125
2 0.940625 0.54921875 0.09375 0.0828125
9 0.67734375 0.35546875 0.1109375 0.075
9 0.3015625 0.35546875 0.1046875 0.08125
9 0.8703125 0.36015625 0.09375 0.084375
9 0.9125 0.44765625 0.1 0.09375
0 0.6125 0.084375 0.04375 0.165625
12 0.8875 0.64296875 0.225 0.1421875
4 0.2546875 0.30546875 0.040625 0.046875
4 0.18203125 0.5265625 0.04375 0.0609375
9 0.94609375 0.784375 0.1078125 0.0875