4 0.64921875 0.02734375 0.0453125 0.0546875
4 0.84296875 0.5125 0.05 0.0625
4 0.35703125 0.9796875 0.0421875 0.040625
4 0.221875 0.8890625 0.05 0.0546875
4 0.22890625 0.5796875 0.046875 0.05
4 0.40234375 0.109375 0.0234375 0.059375
4 0.3953125 0.059375 0.0265625 0.059375
2 0.37578125 0.47890625 0.059375 0.1453125
2 0.32265625 0.06171875 0.0515625 0.0859375
2 0.1078125 0.596875 0.109375 0.090625
9 0.15546875 0.68671875 0.134375 0.1125
9 0.15078125 0.81328125 0.165625 0.103125
9 0.41953125 0.22890625 0.0625 0.1421875
9 0.82734375 0.403125 0.14375 0.0921875
9 0.91953125 0.4765625 0.1140625 0.0953125
0 0.846875 0.30546875 0.153125 0.1125