1 0.5734375 0.31875 0.0953125 0.3421875
1 0.62890625 0.86171875 0.1 0.2640625
9 0.83828125 0.41328125 0.1453125 0.0890625
9 0.41796875 0.08984375 0.04375 0.1359375
9 0.14375 0.07890625 0.090625 0.103125
9 0.14765625 0.65546875 0.1203125 0.1015625
9 0.12421875 0.77578125 0.171875 0.0984375
2 0.1015625 0.56015625 0.1125 0.09375
2 0.3609375 0.075 0.0421875 0.1109375
2 0.3828125 0.953125 0.10625 0.09375
4 0.5421875 0.878125 0.040625 0.0984375
4 0.4984375 0.71875 0.0453125 0.09375
4 0.84609375 0.525 0.059375 0.0609375
4 0.2171875 0.55 0.0578125 0.0734375
0 0.85859375 0.3234375 0.146875 0.10625
4 0.2 0.86484375 0.046875 0.04375