1 0.409375 0.21640625 0.1109375 0.321875
2 0.6171875 0.5203125 0.078125 0.1109375
2 0.5734375 0.05234375 0.04375 0.1046875
2 0.903125 0.5046875 0.1109375 0.096875
9 0.8734375 0.5984375 0.1171875 0.10625
9 0.9125 0.7140625 0.1640625 0.109375
0 0.1140625 0.3859375 0.15625 0.1203125
9 0.15078125 0.4671875 0.1421875 0.0984375
9 0.51328125 0.075 0.05 0.11875
9 0.53984375 0.8109375 0.1015625 0.2078125
4 0.85859375 0.8015625 0.0421875 0.05
4 0.784375 0.50546875 0.0515625 0.0578125
4 0.7609375 0.365625 0.05625 0.040625
4 0.8375 0.32109375 0.0484375 0.046875
4 0.159375 0.5828125 0.05 0.0515625