2 0.8265625 0.490625 0.11875 0.096875
2 0.8 0.6609375 0.1265625 0.10625
2 0.553125 0.64609375 0.115625 0.1078125
2 0.42578125 0.2875 0.075 0.103125
9 0.29296875 0.71328125 0.1265625 0.1
9 0.12890625 0.59375 0.14375 0.1234375
9 0.1140625 0.434375 0.121875 0.1015625
9 0.62890625 0.46796875 0.1265625 0.1359375
9 0.471875 0.08515625 0.059375 0.1328125
2 0.10546875 0.84296875 0.1171875 0.115625
4 0.2359375 0.575 0.0484375 0.0640625
4 0.2 0.37265625 0.046875 0.0578125
9 0.359375 0.115625 0.05625 0.1125
13 0.14765625 0.5125 0.128125 0.1109375