2 0.55859375 0.17265625 0.05 0.10625
2 0.790625 0.77109375 0.11875 0.0875
2 0.26875 0.61640625 0.1078125 0.084375
2 0.275 0.7375 0.109375 0.09375
2 0.04609375 0.60546875 0.0921875 0.1046875
9 0.77109375 0.67265625 0.125 0.0875
9 0.88046875 0.5515625 0.134375 0.10625
9 0.87734375 0.38828125 0.1140625 0.09375
13 0.85390625 0.46875 0.125 0.0921875
9 0.5296875 0.771875 0.11875 0.09375
9 0.48515625 0.08125 0.0453125 0.121875
1 0.08671875 0.48828125 0.1734375 0.1703125
4 0.784375 0.33359375 0.0453125 0.053125
4 0.8640625 0.8546875 0.04375 0.0453125