2 0.065625 0.69140625 0.103125 0.096875
2 0.934375 0.51640625 0.1 0.075
13 0.146875 0.440625 0.1203125 0.0921875
9 0.5015625 0.31171875 0.059375 0.134375
2 0.8453125 0.621875 0.115625 0.084375
9 0.12734375 0.35546875 0.109375 0.075
9 0.1125 0.51796875 0.11875 0.096875
9 0.9125 0.715625 0.1125 0.09375
9 0.8140625 0.52421875 0.109375 0.0875
12 0.60078125 0.1765625 0.078125 0.35
4 0.225 0.31015625 0.0453125 0.0515625
4 0.8609375 0.79921875 0.0375 0.0578125
4 0.809375 0.77734375 0.05625 0.06875
4 0.528125 0.11796875 0.03125 0.0671875