9 0.134375 0.66171875 0.115625 0.0859375
9 0.12109375 0.52421875 0.13125 0.096875
9 0.13359375 0.35546875 0.109375 0.078125
9 0.88515625 0.55625 0.1078125 0.0921875
9 0.8796875 0.65625 0.1171875 0.075
9 0.5171875 0.396875 0.0953125 0.1203125
9 0.55390625 0.08125 0.040625 0.1203125
13 0.15078125 0.44296875 0.1203125 0.0953125
13 0.365625 0.66953125 0.1234375 0.1109375
2 0.659375 0.50859375 0.0828125 0.084375
2 0.46875 0.03984375 0.0421875 0.078125
4 0.23359375 0.31171875 0.046875 0.0515625
4 0.22890625 0.52265625 0.040625 0.059375
2 0.68359375 0.74765625 0.1140625 0.090625