1 0.54453125 0.775 0.1640625 0.45
9 0.85625 0.50625 0.1453125 0.1
9 0.52890625 0.0828125 0.0625 0.13125
9 0.66015625 0.11015625 0.0609375 0.1234375
9 0.28671875 0.384375 0.10625 0.10625
9 0.11953125 0.5640625 0.1359375 0.1125
9 0.0828125 0.67890625 0.165625 0.1328125
2 0.10078125 0.4578125 0.1171875 0.1
2 0.47578125 0.0546875 0.0578125 0.109375
2 0.528125 0.4421875 0.0828125 0.1515625
0 0.8953125 0.434375 0.165625 0.1296875
4 0.846875 0.625 0.059375 0.0703125
4 0.11171875 0.7671875 0.0546875 0.0546875
4 0.2171875 0.484375 0.053125 0.0609375