12 0.6484375 0.6671875 0.1203125 0.6171875
13 0.15 0.44765625 0.1140625 0.090625
9 0.1296875 0.359375 0.109375 0.084375
9 0.11796875 0.51796875 0.1296875 0.1
9 0.878125 0.12421875 0.0828125 0.1046875
9 0.8140625 0.53046875 0.109375 0.075
2 0.8515625 0.62421875 0.1203125 0.09375
9 0.91875 0.72265625 0.11875 0.0828125
2 0.94140625 0.5203125 0.090625 0.0765625
4 0.93046875 0.8140625 0.04375 0.0390625
4 0.8640625 0.81171875 0.04375 0.04375
4 0.81484375 0.78515625 0.05625 0.06875
4 0.2234375 0.31015625 0.046875 0.0546875