12 0.42421875 0.23515625 0.1015625 0.4125
12 0.30078125 0.7890625 0.153125 0.3921875
0 0.37734375 0.84765625 0.1078125 0.2890625
13 0.85546875 0.47734375 0.125 0.1
9 0.87890625 0.5578125 0.13125 0.10625
9 0.88515625 0.39921875 0.1171875 0.0875
9 0.815625 0.11171875 0.090625 0.1046875
9 0.18359375 0.49140625 0.1140625 0.0875
2 0.14375 0.58125 0.11875 0.1015625
9 0.0625 0.671875 0.11875 0.1
2 0.0640625 0.471875 0.1125 0.0890625
2 0.9453125 0.75703125 0.0671875 0.0875
4 0.4828125 0.3171875 0.0296875 0.078125
4 0.1078125 0.765625 0.0453125 0.0484375
4 0.79453125 0.33515625 0.0484375 0.0578125
4 0.16015625 0.74375 0.0578125 0.0765625