12 0.65390625 0.68359375 0.1234375 0.6328125
0 0.5515625 0.4203125 0.0625 0.240625
12 0.5953125 0.1328125 0.059375 0.2625
2 0.2546875 0.6140625 0.09375 0.1
2 0.940625 0.51796875 0.1 0.071875
9 0.1125 0.52265625 0.128125 0.096875
9 0.121875 0.35546875 0.11875 0.0859375
9 0.8171875 0.51796875 0.1140625 0.090625
2 0.8484375 0.621875 0.1203125 0.0828125
9 0.9171875 0.715625 0.11875 0.0828125
13 0.14609375 0.43515625 0.115625 0.0984375
4 0.8609375 0.81171875 0.05 0.04375
4 0.225 0.30546875 0.0390625 0.05
4 0.809375 0.77421875 0.059375 0.06875
12 0.91328125 0.115625 0.1734375 0.215625