4 0.0484375 0.55390625 0.05 0.05
4 0.77734375 0.53046875 0.046875 0.04375
4 0.7984375 0.39453125 0.04375 0.046875
4 0.8265625 0.84296875 0.05625 0.0390625
9 0.88828125 0.75390625 0.165625 0.0890625
9 0.8671875 0.63046875 0.115625 0.10625
9 0.56875 0.62890625 0.078125 0.159375
9 0.5546875 0.08203125 0.0421875 0.1171875
9 0.48125 0.06328125 0.034375 0.115625
9 0.41328125 0.23046875 0.0375 0.128125
2 0.48125 0.91484375 0.05625 0.1703125
2 0.9015625 0.53671875 0.1 0.0828125
2 0.6109375 0.06796875 0.040625 0.1140625
9 0.08046875 0.43671875 0.1359375 0.0734375
0 0.0921875 0.35546875 0.1390625 0.0921875
1 0.3953125 0.89921875 0.08125 0.196875