1 0.35625 0.88828125 0.0828125 0.2234375
9 0.47890625 0.9390625 0.0390625 0.121875
9 0.48671875 0.771875 0.0359375 0.1140625
9 0.4359375 0.746875 0.040625 0.1140625
9 0.38359375 0.728125 0.0453125 0.1140625
9 0.4078125 0.47890625 0.06875 0.05625
9 0.21640625 0.4859375 0.0734375 0.0671875
9 0.64375 0.26171875 0.0265625 0.0734375
4 0.66328125 0.30078125 0.0140625 0.04375
4 0.47421875 0.63359375 0.01875 0.05
4 0.49296875 0.65546875 0.0203125 0.053125
4 0.5140625 0.61328125 0.01875 0.0578125
4 0.35 0.51015625 0.0296875 0.046875
4 0.25625 0.58046875 0.0296875 0.04375
4 0.09453125 0.55703125 0.0328125 0.0390625
4 0.278125 0.93515625 0.028125 0.06875
2 0.0671875 0.503125 0.0625 0.0546875
2 0.33125 0.790625 0.040625 0.1140625
2 0.684375 0.621875 0.0515625 0.09375