1 0.68828125 0.8703125 0.1015625 0.221875
2 0.70703125 0.77734375 0.0546875 0.1109375
9 0.64609375 0.7203125 0.0609375 0.1125
9 0.59609375 0.7484375 0.0546875 0.121875
9 0.5546875 0.7859375 0.05625 0.125
9 0.57734375 0.9359375 0.059375 0.1203125
9 0.64375 0.9375 0.059375 0.0984375
9 0.32421875 0.28984375 0.0328125 0.0765625
4 0.65703125 0.6765625 0.025 0.0609375
4 0.63203125 0.63984375 0.03125 0.053125
4 0.54375 0.640625 0.0296875 0.059375
4 0.52890625 0.66953125 0.028125 0.05625
4 0.5 0.625 0.028125 0.065625
4 0.30703125 0.33359375 0.0265625 0.04375
4 0.3734375 0.2859375 0.01875 0.0359375
4 0.3828125 0.31796875 0.028125 0.0546875
4 0.865625 0.50859375 0.040625 0.0453125