1 0.28515625 0.85390625 0.1234375 0.234375
9 0.3953125 0.92734375 0.0609375 0.1265625
9 0.43515625 0.7640625 0.0578125 0.11875
9 0.38984375 0.73046875 0.0609375 0.1203125
9 0.3421875 0.7015625 0.065625 0.1203125
9 0.41328125 0.46171875 0.0765625 0.0671875
9 0.22421875 0.43203125 0.084375 0.0796875
9 0.68671875 0.29375 0.0390625 0.0765625
4 0.6984375 0.3359375 0.021875 0.0453125
4 0.44921875 0.6265625 0.028125 0.053125
4 0.46328125 0.6515625 0.0296875 0.05625
4 0.4921875 0.6140625 0.0296875 0.059375
4 0.35078125 0.48125 0.0375 0.05
4 0.2453125 0.5328125 0.0375 0.05
4 0.09140625 0.47890625 0.0390625 0.0453125
4 0.19921875 0.88515625 0.040625 0.071875
2 0.07421875 0.4203125 0.071875 0.065625
2 0.27890625 0.753125 0.0609375 0.1203125
2 0.6578125 0.6546875 0.0671875 0.1015625