1 0.3640625 0.896875 0.078125 0.20625
2 0.3359375 0.79921875 0.0453125 0.09375
9 0.48671875 0.784375 0.034375 0.1203125
9 0.4390625 0.759375 0.0421875 0.1171875
9 0.38671875 0.7453125 0.0453125 0.1125
9 0.48125 0.9453125 0.0359375 0.109375
9 0.64375 0.27109375 0.0234375 0.071875
4 0.3046875 0.53203125 0.03125 0.04375
4 0.3890625 0.65546875 0.0234375 0.0546875
4 0.37109375 0.696875 0.015625 0.0484375
4 0.478125 0.64765625 0.0265625 0.0625
4 0.4953125 0.66953125 0.015625 0.046875
4 0.515625 0.6234375 0.021875 0.05625
4 0.6671875 0.309375 0.0203125 0.0453125