4 0.68515625 0.321875 0.0203125 0.046875
4 0.478125 0.6640625 0.0265625 0.0484375
4 0.50234375 0.62734375 0.0296875 0.0609375
4 0.46484375 0.63984375 0.0265625 0.0515625
4 0.37265625 0.646875 0.028125 0.0609375
4 0.35 0.6828125 0.025 0.0609375
2 0.30625 0.7765625 0.0515625 0.11875
9 0.36328125 0.72578125 0.0546875 0.1125
9 0.4109375 0.75234375 0.046875 0.1265625
9 0.4546875 0.784375 0.05 0.1171875
9 0.4375 0.9390625 0.05 0.1140625
9 0.37109375 0.94140625 0.0546875 0.1
9 0.6671875 0.28828125 0.03125 0.084375
1 0.3234375 0.87734375 0.1 0.2203125