4 0.665625 0.303125 0.015625 0.046875
4 0.4953125 0.665625 0.021875 0.046875
4 0.515625 0.6265625 0.025 0.059375
4 0.4796875 0.64296875 0.021875 0.05
4 0.3890625 0.659375 0.0234375 0.059375
4 0.3703125 0.69765625 0.0203125 0.059375
2 0.3359375 0.7953125 0.040625 0.115625
9 0.3875 0.7390625 0.04375 0.109375
9 0.4375 0.76015625 0.034375 0.1234375
9 0.484375 0.7875 0.0390625 0.1140625
9 0.48359375 0.94296875 0.0390625 0.1109375
9 0.41796875 0.95234375 0.0453125 0.0953125
9 0.64375 0.271875 0.0234375 0.0828125
1 0.3640625 0.89375 0.078125 0.2125