2 0.32578125 0.79375 0.046875 0.1046875
1 0.359375 0.88671875 0.0765625 0.2234375
4 0.3453125 0.69375 0.021875 0.0671875
4 0.3640625 0.69140625 0.021875 0.0546875
4 0.38671875 0.6515625 0.0234375 0.05625
4 0.415625 0.50859375 0.034375 0.0484375
4 0.4734375 0.64609375 0.021875 0.05625
4 0.49375 0.659375 0.021875 0.0484375
4 0.515625 0.61640625 0.01875 0.0703125
4 0.6046875 0.3109375 0.0171875 0.04375
4 0.5953125 0.33203125 0.0140625 0.0421875
4 0.671875 0.30703125 0.015625 0.046875
4 0.68828125 0.28046875 0.0171875 0.046875
9 0.65078125 0.27265625 0.0234375 0.0828125
9 0.434375 0.75234375 0.0390625 0.121875
9 0.4828125 0.78046875 0.040625 0.1203125
9 0.38203125 0.73515625 0.0453125 0.1140625
9 0.47421875 0.940625 0.0453125 0.11875
9 0.40859375 0.95 0.05 0.0984375