1 0.4546875 0.896875 0.134375 0.20625
9 0.5859375 0.93125 0.0671875 0.128125
9 0.553125 0.7671875 0.0625 0.11875
9 0.49765625 0.7546875 0.065625 0.1203125
9 0.4421875 0.74921875 0.071875 0.121875
9 0.40546875 0.5015625 0.0796875 0.0703125
9 0.22109375 0.5546875 0.0875 0.0828125
9 0.58203125 0.234375 0.0421875 0.078125
4 0.61015625 0.2671875 0.0234375 0.0453125
4 0.50703125 0.6359375 0.0296875 0.053125
4 0.53046875 0.65234375 0.0328125 0.05625
4 0.54140625 0.60625 0.03125 0.059375
4 0.35703125 0.54609375 0.0390625 0.0515625
4 0.2828125 0.63671875 0.0390625 0.05
4 0.1203125 0.653125 0.040625 0.0453125
4 0.3890625 0.96953125 0.04375 0.0609375
2 0.08046875 0.6078125 0.0734375 0.06875
2 0.40625 0.82265625 0.0671875 0.1203125
2 0.70859375 0.5734375 0.071875 0.103125