4 0.13046875 0.55703125 0.034375 0.05
4 0.44375 0.50625 0.0328125 0.046875
4 0.515625 0.61875 0.01875 0.0546875
4 0.49453125 0.6609375 0.0203125 0.0546875
4 0.475 0.6453125 0.021875 0.0546875
4 0.3875 0.66171875 0.021875 0.059375
4 0.3703125 0.69609375 0.0234375 0.0546875
4 0.665625 0.30859375 0.0171875 0.0453125
9 0.6453125 0.26484375 0.0234375 0.084375
9 0.7515625 0.821875 0.0546875 0.1796875
9 0.3859375 0.7359375 0.0453125 0.1109375
9 0.4390625 0.75703125 0.0390625 0.121875
9 0.48828125 0.78515625 0.0375 0.11875
9 0.48203125 0.9453125 0.0421875 0.109375
2 0.334375 0.79921875 0.0484375 0.1125
2 0.684375 0.72109375 0.05 0.1140625
1 0.365625 0.8953125 0.0859375 0.209375