2 0.29140625 0.89140625 0.053125 0.1375
2 0.67265625 0.79765625 0.04375 0.109375
4 0.634375 0.68984375 0.0171875 0.0546875
4 0.615625 0.66171875 0.0234375 0.059375
4 0.52421875 0.6421875 0.0265625 0.059375
4 0.5078125 0.665625 0.0234375 0.053125
4 0.48828125 0.62109375 0.0234375 0.053125
4 0.62421875 0.51484375 0.0359375 0.046875
4 0.33046875 0.30625 0.01875 0.046875
9 0.61953125 0.73828125 0.04375 0.109375
9 0.565625 0.75546875 0.0390625 0.11875
9 0.51796875 0.78828125 0.040625 0.1265625
9 0.52578125 0.9453125 0.040625 0.109375
9 0.22265625 0.94375 0.0578125 0.1125
9 0.35390625 0.2703125 0.0265625 0.075
1 0.64140625 0.88828125 0.0828125 0.21875