4 0.67265625 0.309375 0.0171875 0.046875
4 0.48984375 0.665625 0.0234375 0.046875
4 0.5109375 0.62734375 0.0265625 0.059375
4 0.475 0.6421875 0.0234375 0.05
4 0.38359375 0.65546875 0.025 0.059375
4 0.36328125 0.69296875 0.021875 0.059375
2 0.32578125 0.7890625 0.04375 0.1171875
9 0.37890625 0.73515625 0.046875 0.109375
9 0.428125 0.7578125 0.0375 0.125
9 0.47421875 0.78671875 0.04375 0.115625
9 0.46796875 0.9421875 0.0421875 0.1125
9 0.40234375 0.94921875 0.0484375 0.096875
9 0.6515625 0.27734375 0.025 0.0828125
1 0.35078125 0.8890625 0.0859375 0.215625