9 0.384375 0.94609375 0.0515625 0.0953125
9 0.45546875 0.940625 0.046875 0.1171875
9 0.4234375 0.7453125 0.04375 0.1125
9 0.46953125 0.778125 0.046875 0.1265625
9 0.37109375 0.72578125 0.0578125 0.1125
9 0.66171875 0.2734375 0.0359375 0.0796875
4 0.46796875 0.640625 0.0203125 0.0609375
4 0.484375 0.66015625 0.025 0.0484375
4 0.50859375 0.62265625 0.0203125 0.0578125
4 0.3484375 0.65078125 0.028125 0.0546875
4 0.38046875 0.64609375 0.0265625 0.05625
4 0.35703125 0.678125 0.028125 0.0484375
4 0.23828125 0.51796875 0.0390625 0.04375
4 0.68046875 0.31953125 0.021875 0.0484375
4 0.6140625 0.31953125 0.01875 0.05
4 0.60390625 0.340625 0.0171875 0.0453125
1 0.33671875 0.87890625 0.0921875 0.2265625
2 0.31328125 0.784375 0.05625 0.1109375
4 0.709375 0.32109375 0.021875 0.0515625