4 0.66484375 0.6265625 0.0296875 0.0578125
4 0.6625 0.67109375 0.0296875 0.0625
4 0.63515625 0.63515625 0.03125 0.065625
4 0.546875 0.63828125 0.028125 0.0609375
4 0.53359375 0.6625 0.0296875 0.0625
4 0.50390625 0.62265625 0.034375 0.06875
4 0.38203125 0.3546875 0.021875 0.05
4 0.36953125 0.33515625 0.0203125 0.05
4 0.30234375 0.33671875 0.025 0.05
9 0.31640625 0.29453125 0.0375 0.08125
2 0.4265625 0.4421875 0.059375 0.05
2 0.715625 0.76171875 0.0625 0.1125
9 0.6515625 0.71015625 0.0625 0.10625
9 0.60390625 0.7375 0.0609375 0.11875
9 0.5640625 0.77421875 0.0546875 0.1203125
9 0.5921875 0.934375 0.0640625 0.11875
9 0.6609375 0.93046875 0.0640625 0.1015625
1 0.70390625 0.86328125 0.1125 0.2234375
2 0.346875 0.2984375 0.034375 0.0625