1 0.725 0.84765625 0.1296875 0.2296875
2 0.73359375 0.7515625 0.06875 0.10625
2 0.5015625 0.33828125 0.0390625 0.0515625
2 0.33359375 0.3171875 0.034375 0.0546875
2 0.32734375 0.27421875 0.0296875 0.0375
9 0.66640625 0.70234375 0.06875 0.10625
9 0.62109375 0.73359375 0.0640625 0.11875
9 0.58359375 0.775 0.065625 0.1265625
9 0.625 0.928125 0.0640625 0.115625
9 0.30234375 0.309375 0.0390625 0.0796875
4 0.29140625 0.35546875 0.03125 0.053125
4 0.35703125 0.35078125 0.0265625 0.0484375
4 0.37109375 0.36953125 0.025 0.0453125
4 0.5125 0.628125 0.0296875 0.059375
4 0.54375 0.65703125 0.0375 0.0640625
4 0.55625 0.6359375 0.03125 0.059375
4 0.64375 0.6234375 0.040625 0.0640625
4 0.67109375 0.61796875 0.0265625 0.05
4 0.675 0.66015625 0.025 0.04375
9 0.690625 0.921875 0.0703125 0.0953125