4 0.34296875 0.2984375 0.021875 0.0421875
4 0.41015625 0.3109375 0.021875 0.059375
4 0.41953125 0.3265625 0.0203125 0.04375
4 0.4734375 0.61875 0.0203125 0.0609375
4 0.49453125 0.65859375 0.021875 0.0484375
4 0.515625 0.64140625 0.021875 0.0640625
4 0.603125 0.65859375 0.021875 0.0546875
4 0.6296875 0.66171875 0.025 0.05
4 0.61796875 0.69609375 0.025 0.053125
2 0.65 0.80546875 0.0515625 0.1078125
9 0.603125 0.73984375 0.05 0.109375
9 0.54921875 0.75546875 0.0515625 0.128125
9 0.49765625 0.78125 0.040625 0.1171875
9 0.49296875 0.9421875 0.0453125 0.115625
9 0.55546875 0.9515625 0.0546875 0.096875
9 0.3671875 0.2609375 0.028125 0.0796875
1 0.615625 0.8953125 0.096875 0.209375
2 0.271875 0.43515625 0.065625 0.0609375
2 0.396875 0.25703125 0.0265625 0.0515625