4 0.6734375 0.61484375 0.0328125 0.059375
4 0.67421875 0.659375 0.034375 0.0625
4 0.64375 0.625 0.0359375 0.065625
4 0.55625 0.63515625 0.0328125 0.0609375
4 0.54453125 0.659375 0.0328125 0.0625
4 0.5125 0.62265625 0.0375 0.0703125
4 0.37265625 0.36328125 0.025 0.05
4 0.3578125 0.34453125 0.0234375 0.05
4 0.29140625 0.35078125 0.028125 0.0515625
9 0.30234375 0.3078125 0.0421875 0.0828125
2 0.42265625 0.44765625 0.0609375 0.053125
2 0.73359375 0.74609375 0.06875 0.1140625
9 0.665625 0.69921875 0.06875 0.1078125
9 0.6203125 0.7296875 0.0671875 0.1203125
9 0.5828125 0.76875 0.0625 0.1203125
9 0.62265625 0.9265625 0.0703125 0.1203125
9 0.690625 0.91796875 0.0703125 0.103125
1 0.728125 0.84765625 0.1265625 0.2265625
2 0.33359375 0.309375 0.0390625 0.0625