4 0.33828125 0.6359375 0.03125 0.059375
4 0.33984375 0.66875 0.0296875 0.05625
4 0.365625 0.6375 0.0296875 0.053125
4 0.45703125 0.64296875 0.03125 0.05625
4 0.46953125 0.6609375 0.0296875 0.05
4 0.496875 0.62578125 0.025 0.0625
4 0.69453125 0.33359375 0.021875 0.046875
4 0.6265625 0.3359375 0.0265625 0.0546875
4 0.61640625 0.353125 0.021875 0.0421875
9 0.68046875 0.29609375 0.034375 0.08125
9 0.35390625 0.71484375 0.059375 0.1171875
9 0.39765625 0.7453125 0.0625 0.121875
9 0.4421875 0.78359375 0.0546875 0.1234375
9 0.41328125 0.9375 0.0578125 0.1140625
9 0.35078125 0.93515625 0.0578125 0.0984375
2 0.29140625 0.76875 0.0625 0.1140625
2 0.496875 0.375 0.046875 0.0625
2 0.65 0.30546875 0.034375 0.0609375
1 0.30546875 0.86875 0.1078125 0.2203125