2 0.6328125 0.8203125 0.0578125 0.121875
2 0.56953125 0.2609375 0.03125 0.0515625
2 0.40390625 0.2765625 0.03125 0.053125
2 0.41171875 0.23046875 0.0296875 0.0484375
9 0.58984375 0.7515625 0.0609375 0.109375
9 0.53203125 0.7609375 0.05 0.115625
9 0.48359375 0.78359375 0.046875 0.1171875
9 0.46875 0.940625 0.053125 0.11875
9 0.53203125 0.9546875 0.0515625 0.090625
9 0.378125 0.25234375 0.03125 0.0828125
4 0.35078125 0.29296875 0.0203125 0.04375
4 0.41796875 0.309375 0.0234375 0.0453125
4 0.42578125 0.3265625 0.0203125 0.053125
4 0.61875 0.6703125 0.03125 0.0578125
4 0.59296875 0.6703125 0.03125 0.0515625
4 0.60859375 0.71015625 0.0265625 0.053125
4 0.50703125 0.653125 0.0234375 0.0625
4 0.4859375 0.665625 0.0234375 0.0546875
4 0.4703125 0.61796875 0.025 0.0640625
4 0.7203125 0.47578125 0.025 0.0390625