2 0.4125 0.828125 0.0703125 0.1140625
2 0.62578125 0.4125 0.06875 0.06875
2 0.55703125 0.24921875 0.0375 0.05625
9 0.584375 0.23828125 0.0421875 0.078125
9 0.55390625 0.77421875 0.0578125 0.1203125
9 0.50078125 0.76171875 0.06875 0.128125
9 0.446875 0.7578125 0.0671875 0.1109375
9 0.58984375 0.93125 0.06875 0.1265625
9 0.52890625 0.9515625 0.0671875 0.096875
1 0.46171875 0.89921875 0.1265625 0.2015625
4 0.6140625 0.26640625 0.028125 0.0484375
4 0.553125 0.296875 0.025 0.0515625
4 0.55 0.31875 0.034375 0.05625
4 0.40234375 0.68046875 0.0328125 0.05
4 0.41953125 0.7125 0.028125 0.0546875
4 0.43203125 0.6765625 0.0390625 0.059375
4 0.5125 0.6453125 0.0328125 0.0515625
4 0.534375 0.659375 0.0296875 0.05
4 0.5453125 0.61171875 0.03125 0.0578125
4 0.83125 0.30625 0.0421875 0.0515625