1 0.365625 0.89140625 0.08125 0.2171875
2 0.334375 0.80078125 0.046875 0.0984375
2 0.459375 0.34375 0.028125 0.046875
2 0.6171875 0.28203125 0.0234375 0.05
2 0.6125 0.2390625 0.0234375 0.034375
9 0.3875 0.73671875 0.046875 0.0984375
9 0.4390625 0.75625 0.0390625 0.1125
9 0.48515625 0.7875 0.0375 0.121875
9 0.48203125 0.9453125 0.0390625 0.109375
9 0.6453125 0.2671875 0.0203125 0.0765625
4 0.6671875 0.309375 0.0203125 0.05
4 0.60234375 0.3203125 0.015625 0.046875
4 0.59375 0.3421875 0.015625 0.04375
4 0.51875 0.62734375 0.015625 0.0578125
4 0.4953125 0.66328125 0.025 0.059375
4 0.478125 0.6453125 0.01875 0.0578125
4 0.390625 0.6546875 0.0265625 0.059375
4 0.3625 0.65546875 0.015625 0.046875
4 0.36875 0.69765625 0.015625 0.040625
9 0.4171875 0.95546875 0.0515625 0.0859375