4 0.60234375 0.684375 0.0328125 0.0609375
4 0.5890625 0.71484375 0.0328125 0.05625
4 0.57578125 0.6765625 0.0328125 0.053125
4 0.4890625 0.6484375 0.0328125 0.0578125
4 0.4703125 0.66171875 0.03125 0.05
4 0.4578125 0.61875 0.028125 0.0625
4 0.37734375 0.275 0.025 0.046875
4 0.440625 0.3015625 0.0296875 0.05625
4 0.44375 0.32109375 0.0234375 0.04375
9 0.4046875 0.2453125 0.0375 0.08125
9 0.559375 0.753125 0.065625 0.11875
9 0.50703125 0.765625 0.06875 0.1234375
9 0.45234375 0.78515625 0.0609375 0.125
9 0.42421875 0.9390625 0.0625 0.115625
9 0.4828125 0.9546875 0.0625 0.090625
2 0.5984375 0.82578125 0.0671875 0.115625
2 0.54765625 0.384375 0.05 0.0640625
2 0.4296875 0.26484375 0.0359375 0.0609375
1 0.5484375 0.9015625 0.11875 0.196875