2 0.3359375 0.796875 0.046875 0.10625
2 0.64296875 0.4453125 0.05625 0.0578125
2 0.61640625 0.2703125 0.025 0.0515625
9 0.6453125 0.26640625 0.025 0.075
9 0.4859375 0.77890625 0.03125 0.1171875
9 0.4375 0.75390625 0.040625 0.121875
9 0.3859375 0.7375 0.04375 0.103125
9 0.4828125 0.93984375 0.040625 0.1203125
9 0.41796875 0.95078125 0.0453125 0.0984375
1 0.3640625 0.89140625 0.0765625 0.2171875
4 0.6671875 0.30078125 0.01875 0.046875
4 0.60078125 0.315625 0.0140625 0.05
4 0.5921875 0.3359375 0.021875 0.053125
4 0.36171875 0.6515625 0.021875 0.046875
4 0.3703125 0.68671875 0.015625 0.0515625
4 0.39140625 0.6546875 0.0265625 0.0546875
4 0.47734375 0.64375 0.021875 0.0484375
4 0.49453125 0.6625 0.01875 0.046875
4 0.5171875 0.61953125 0.01875 0.05625
4 0.86796875 0.3921875 0.03125 0.046875