4 0.65546875 0.628125 0.03125 0.06875
4 0.653125 0.6734375 0.0234375 0.05
4 0.62890625 0.64140625 0.0296875 0.059375
4 0.540625 0.6390625 0.028125 0.0578125
4 0.52421875 0.6578125 0.0265625 0.059375
4 0.49765625 0.6203125 0.028125 0.059375
4 0.31015625 0.328125 0.0203125 0.053125
4 0.37734375 0.3234375 0.0234375 0.0484375
4 0.38828125 0.34375 0.0125 0.04375
9 0.32734375 0.28046875 0.03125 0.0796875
9 0.546875 0.7765625 0.059375 0.1234375
9 0.590625 0.7390625 0.0546875 0.1234375
9 0.63984375 0.715625 0.053125 0.1171875
9 0.56796875 0.93359375 0.0546875 0.128125
9 0.6359375 0.93671875 0.059375 0.1046875
2 0.70078125 0.7734375 0.053125 0.109375
1 0.68359375 0.871875 0.1078125 0.225