4 0.384375 0.27265625 0.0296875 0.0453125
4 0.44765625 0.296875 0.0328125 0.0609375
4 0.4546875 0.31484375 0.028125 0.046875
4 0.4515625 0.61171875 0.03125 0.0625
4 0.46484375 0.6546875 0.0296875 0.05
4 0.48828125 0.6421875 0.0328125 0.065625
4 0.5703125 0.67578125 0.03125 0.05625
4 0.596875 0.68359375 0.0328125 0.0515625
4 0.578125 0.71484375 0.034375 0.0546875
2 0.5890625 0.828125 0.0703125 0.1140625
9 0.55546875 0.75546875 0.06875 0.1140625
9 0.49921875 0.76015625 0.0734375 0.1328125
9 0.44375 0.77578125 0.0609375 0.1203125
9 0.409375 0.93359375 0.065625 0.1203125
9 0.4671875 0.9515625 0.071875 0.096875
9 0.41484375 0.23984375 0.0421875 0.08125
1 0.53828125 0.9 0.1359375 0.2
2 0.28828125 0.3921875 0.075 0.0703125
2 0.4453125 0.24140625 0.0359375 0.0546875