4 0.384375 0.2703125 0.0234375 0.0453125
4 0.5140625 0.53984375 0.0375 0.0453125
4 0.459375 0.6109375 0.03125 0.0578125
4 0.47265625 0.653125 0.028125 0.05
4 0.49453125 0.640625 0.034375 0.0609375
4 0.8734375 0.64375 0.0390625 0.046875
4 0.60703125 0.9390625 0.046875 0.0671875
4 0.22265625 0.403125 0.0375 0.0390625
9 0.415625 0.23984375 0.04375 0.08125
9 0.4609375 0.4953125 0.0765625 0.08125
9 0.61796875 0.534375 0.0875 0.0859375
9 0.50625 0.75625 0.065625 0.1203125
9 0.453125 0.775 0.0640625 0.121875
9 0.5609375 0.75078125 0.071875 0.1234375
9 0.41875 0.93515625 0.0703125 0.1234375
2 0.13828125 0.85 0.0859375 0.14375
2 0.32890625 0.57578125 0.075 0.1015625
2 0.728125 0.54921875 0.0765625 0.0703125
2 0.59765625 0.82578125 0.06875 0.1109375
2 0.5453125 0.8984375 0.13125 0.203125
1 0.5453125 0.9 0.128125 0.2