4 0.68359375 0.3203125 0.01875 0.04375
4 0.4734375 0.53359375 0.034375 0.0421875
4 0.50234375 0.61796875 0.0265625 0.05625
4 0.47578125 0.65390625 0.0234375 0.0484375
4 0.459375 0.634375 0.028125 0.059375
4 0.1 0.51484375 0.0359375 0.04375
4 0.25546875 0.88046875 0.0390625 0.0640625
4 0.79375 0.4984375 0.034375 0.0359375
9 0.6640625 0.28125 0.0359375 0.0796875
9 0.53828125 0.5078125 0.0703125 0.075
9 0.37734375 0.49453125 0.08125 0.0796875
9 0.41015625 0.740625 0.053125 0.1171875
9 0.4546875 0.775 0.0515625 0.11875
9 0.3609375 0.7171875 0.0578125 0.1203125
9 0.43515625 0.9375 0.0578125 0.1203125
2 0.72734375 0.93984375 0.0703125 0.1203125
2 0.6375 0.62734375 0.0640625 0.096875
2 0.26796875 0.47265625 0.071875 0.0640625
2 0.3015625 0.77578125 0.05625 0.1078125
2 0.32265625 0.875 0.10625 0.2234375
1 0.32109375 0.8765625 0.1046875 0.221875