4 0.73125 0.4578125 0.028125 0.034375
4 0.6609375 0.47578125 0.03125 0.0484375
4 0.39609375 0.4375 0.01875 0.05
4 0.396875 0.475 0.01875 0.046875
4 0.41875 0.4890625 0.021875 0.053125
4 0.275 0.48671875 0.0375 0.040625
4 0.6703125 0.3109375 0.0234375 0.046875
4 0.6015625 0.3125 0.0140625 0.046875
4 0.5921875 0.3375 0.0125 0.040625
9 0.64375 0.2703125 0.028125 0.084375
9 0.40625 0.6375 0.0390625 0.096875
9 0.4515625 0.60546875 0.0375 0.1
9 0.49296875 0.690625 0.0359375 0.096875
9 0.48515625 0.85390625 0.0390625 0.1421875
9 0.425 0.884375 0.05 0.1375
9 0.321875 0.84921875 0.0546875 0.1328125
2 0.3640625 0.6265625 0.0359375 0.090625
2 0.61875 0.2828125 0.0234375 0.0546875
2 0.61484375 0.240625 0.0234375 0.040625
1 0.3671875 0.846875 0.0875 0.303125