4 0.728125 0.44140625 0.0296875 0.0359375
4 0.65859375 0.46484375 0.034375 0.05
4 0.3921875 0.44453125 0.021875 0.0515625
4 0.3953125 0.48203125 0.021875 0.0484375
4 0.41796875 0.49453125 0.025 0.0546875
4 0.275 0.50234375 0.0390625 0.04375
4 0.65703125 0.29921875 0.0265625 0.0484375
4 0.58828125 0.30625 0.0171875 0.0484375
4 0.58046875 0.33125 0.0140625 0.0421875
9 0.62734375 0.2609375 0.034375 0.0859375
9 0.41640625 0.64375 0.0453125 0.1
9 0.459375 0.60859375 0.04375 0.1015625
9 0.50625 0.690625 0.0421875 0.0984375
9 0.51015625 0.85390625 0.0484375 0.14375
9 0.45234375 0.88828125 0.059375 0.140625
9 0.346875 0.8609375 0.0625 0.1359375
2 0.3734375 0.6359375 0.0421875 0.09375
2 0.603125 0.275 0.0265625 0.0546875
2 0.59609375 0.23359375 0.0265625 0.0421875
1 0.39140625 0.85078125 0.1078125 0.2984375