2 0.31875 0.78984375 0.0515625 0.1109375
2 0.62890625 0.2859375 0.0234375 0.05
2 0.62734375 0.24765625 0.021875 0.0421875
9 0.65703125 0.27421875 0.028125 0.0765625
9 0.47109375 0.78125 0.0453125 0.11875
9 0.42578125 0.7453125 0.04375 0.109375
9 0.3765625 0.73359375 0.0484375 0.1203125
9 0.46171875 0.9390625 0.0484375 0.11875
9 0.39296875 0.94921875 0.05625 0.09375
1 0.34375 0.884375 0.0921875 0.2203125
4 0.353125 0.64140625 0.021875 0.0546875
4 0.36015625 0.68671875 0.0234375 0.046875
4 0.38125 0.65078125 0.0265625 0.059375
4 0.471875 0.63359375 0.0203125 0.0546875
4 0.4875 0.65703125 0.025 0.0546875
4 0.51640625 0.6046875 0.03125 0.0546875
4 0.609375 0.32578125 0.015625 0.0484375
4 0.6765625 0.3171875 0.015625 0.05625
4 0.60234375 0.3421875 0.01875 0.0390625
4 0.434375 0.303125 0.01875 0.040625
4 0.06171875 0.47109375 0.040625 0.0421875