4 0.7171875 0.51328125 0.0359375 0.05
4 0.603125 0.31328125 0.0171875 0.0390625
4 0.6078125 0.35234375 0.0171875 0.040625
4 0.58671875 0.3578125 0.021875 0.046875
4 0.42109375 0.3046875 0.0203125 0.0421875
4 0.428125 0.3265625 0.0171875 0.0390625
4 0.35390625 0.29140625 0.021875 0.04375
4 0.3015625 0.40078125 0.028125 0.0453125
2 0.60859375 0.465625 0.0390625 0.071875
2 0.40703125 0.26796875 0.03125 0.0546875
2 0.41953125 0.23203125 0.025 0.0484375
9 0.578125 0.53203125 0.04375 0.0828125
9 0.540625 0.47265625 0.0390625 0.0703125
9 0.6234375 0.66328125 0.0546875 0.1140625
9 0.5328125 0.72265625 0.05 0.1078125
9 0.48125 0.725 0.0515625 0.1109375
9 0.471875 0.6078125 0.05625 0.0921875
9 0.38359375 0.25 0.0328125 0.0828125
1 0.58515625 0.71015625 0.103125 0.2625