4 0.3484375 0.41484375 0.0234375 0.0515625
4 0.3625 0.65546875 0.021875 0.046875
4 0.390625 0.659375 0.028125 0.059375
4 0.36875 0.69765625 0.015625 0.059375
4 0.4765625 0.64296875 0.021875 0.059375
4 0.49609375 0.66640625 0.01875 0.05
4 0.515625 0.621875 0.0234375 0.0609375
4 0.66875 0.30859375 0.0171875 0.05625
4 0.60234375 0.315625 0.0171875 0.040625
4 0.5921875 0.3328125 0.01875 0.040625
9 0.3890625 0.740625 0.040625 0.1015625
9 0.4390625 0.759375 0.0390625 0.128125
9 0.4875 0.784375 0.040625 0.1171875
9 0.484375 0.940625 0.0375 0.1140625
9 0.41953125 0.9578125 0.0390625 0.084375
9 0.64609375 0.2640625 0.0234375 0.071875
2 0.61875 0.284375 0.0265625 0.0515625
2 0.61640625 0.24296875 0.0234375 0.053125
1 0.36328125 0.8953125 0.0828125 0.209375