4 0.253125 0.48046875 0.028125 0.0421875
4 0.378125 0.51015625 0.01875 0.04375
4 0.3859375 0.55390625 0.0203125 0.0390625
4 0.4078125 0.5484375 0.021875 0.05
4 0.60078125 0.3125 0.0171875 0.053125
4 0.59296875 0.33515625 0.01875 0.03125
4 0.6671875 0.30859375 0.0203125 0.0421875
9 0.64375 0.26875 0.0203125 0.06875
9 0.3953125 0.684375 0.0390625 0.096875
9 0.4421875 0.665625 0.0375 0.1046875
9 0.490625 0.72890625 0.0359375 0.1140625
9 0.48203125 0.90859375 0.040625 0.146875
9 0.41875 0.9296875 0.0546875 0.134375
9 0.30859375 0.92109375 0.0546875 0.146875
1 0.365625 0.8671875 0.0859375 0.265625
2 0.35 0.6921875 0.040625 0.09375
2 0.6171875 0.28125 0.025 0.046875
2 0.6140625 0.240625 0.0203125 0.046875
4 0.66171875 0.484375 0.0296875 0.0484375