1 0.6796875 0.746875 0.146875 0.2984375
9 0.6328125 0.78046875 0.06875 0.134375
9 0.57734375 0.7765625 0.0640625 0.121875
9 0.534375 0.64453125 0.0640625 0.10625
9 0.5546875 0.53359375 0.053125 0.0953125
9 0.60390625 0.55 0.0578125 0.0984375
9 0.7125 0.7046875 0.0734375 0.1265625
9 0.30703125 0.30390625 0.040625 0.0765625
2 0.3390625 0.31796875 0.0390625 0.0640625
2 0.33125 0.27421875 0.0296875 0.04375
2 0.62421875 0.509375 0.0515625 0.084375
4 0.57109375 0.390625 0.028125 0.0546875
4 0.55703125 0.3453125 0.025 0.0421875
4 0.55546875 0.40625 0.03125 0.053125
4 0.71015625 0.43671875 0.0328125 0.040625
4 0.346875 0.4859375 0.03125 0.040625
4 0.2546875 0.50625 0.0359375 0.0453125
4 0.18359375 0.50703125 0.0390625 0.05
4 0.36015625 0.34296875 0.025 0.04375
4 0.29296875 0.35234375 0.0265625 0.04375
4 0.3734375 0.359375 0.028125 0.040625