4 0.60390625 0.6 0.03125 0.05625
4 0.5890625 0.634375 0.0296875 0.05625
4 0.575 0.61875 0.034375 0.059375
4 0.4703125 0.5484375 0.0359375 0.0578125
4 0.44765625 0.290625 0.0265625 0.046875
4 0.44765625 0.32109375 0.025 0.0390625
4 0.38359375 0.2703125 0.021875 0.0453125
9 0.55390625 0.7359375 0.0640625 0.1171875
9 0.50546875 0.71640625 0.065625 0.125
9 0.45 0.75234375 0.0609375 0.1140625
9 0.4109375 0.928125 0.06875 0.1328125
9 0.47109375 0.946875 0.0703125 0.10625
9 0.41640625 0.24140625 0.046875 0.0875
2 0.4390625 0.2609375 0.0328125 0.0578125
2 0.45234375 0.21875 0.0328125 0.0515625
2 0.59140625 0.77890625 0.0625 0.10625
1 0.5390625 0.890625 0.1375 0.21875