4 0.3328125 0.6234375 0.0296875 0.0609375
4 0.3328125 0.6640625 0.03125 0.0515625
4 0.35703125 0.63515625 0.0328125 0.065625
4 0.44765625 0.64140625 0.03125 0.065625
4 0.4625 0.6609375 0.0359375 0.0578125
4 0.49296875 0.61875 0.0328125 0.059375
4 0.70390625 0.346875 0.0203125 0.0390625
4 0.6359375 0.34296875 0.025 0.0515625
4 0.62578125 0.36015625 0.0234375 0.0421875
9 0.3390625 0.709375 0.0609375 0.109375
9 0.3875 0.7375 0.0578125 0.1203125
9 0.43125 0.771875 0.0625 0.1265625
9 0.39375 0.93203125 0.0640625 0.115625
9 0.32578125 0.92890625 0.065625 0.096875
9 0.6890625 0.303125 0.0359375 0.075
2 0.66015625 0.309375 0.034375 0.0546875
2 0.66484375 0.27265625 0.03125 0.05
2 0.27421875 0.7578125 0.0703125 0.1234375
4 0.425 0.3484375 0.0296875 0.059375