4 0.740625 0.4421875 0.0328125 0.0453125
4 0.621875 0.490625 0.025 0.0453125
4 0.62109375 0.53515625 0.025 0.0421875
4 0.5984375 0.53359375 0.028125 0.053125
4 0.37109375 0.33046875 0.025 0.0546875
4 0.38203125 0.3515625 0.0234375 0.034375
4 0.3046875 0.33671875 0.025 0.04375
9 0.321875 0.29375 0.03125 0.0703125
9 0.63203125 0.665625 0.0546875 0.1015625
9 0.5828125 0.6546875 0.053125 0.1078125
9 0.5453125 0.725 0.053125 0.11875
9 0.58203125 0.90078125 0.0625 0.1515625
9 0.64765625 0.91171875 0.0765625 0.140625
9 0.7546875 0.8859375 0.0765625 0.153125
1 0.68984375 0.84140625 0.125 0.275
2 0.678125 0.66640625 0.0546875 0.0984375
2 0.35 0.30234375 0.03125 0.05
2 0.346875 0.26171875 0.028125 0.0484375
4 0.3375 0.51015625 0.0375 0.053125