4 0.2765625 0.453125 0.028125 0.0296875
4 0.28203125 0.484375 0.03125 0.040625
4 0.384375 0.67109375 0.0234375 0.053125
4 0.6703125 0.30625 0.01875 0.046875
4 0.603125 0.31640625 0.01875 0.0390625
4 0.5921875 0.3359375 0.015625 0.046875
9 0.725 0.4484375 0.065625 0.0609375
9 0.1828125 0.475 0.06875 0.059375
9 0.334375 0.759375 0.0421875 0.121875
9 0.64609375 0.2671875 0.0234375 0.0734375
2 0.61875 0.2828125 0.0265625 0.0484375
2 0.6140625 0.2390625 0.0234375 0.046875
2 0.465625 0.4015625 0.0296875 0.053125
2 0.396875 0.434375 0.0296875 0.0578125
2 0.425 0.515625 0.028125 0.0703125
2 0.45859375 0.5890625 0.0296875 0.0703125
2 0.4921875 0.7875 0.0375 0.1109375
9 0.84921875 0.425 0.05625 0.05
0 0.3640625 0.91015625 0.0671875 0.1796875
1 0.45 0.2703125 0.0359375 0.11875