1 0.56328125 0.39375 0.0515625 0.1453125
2 0.5515625 0.5640625 0.0375 0.0859375
2 0.64140625 0.59921875 0.0390625 0.08125
2 0.62109375 0.753125 0.046875 0.103125
2 0.58046875 0.87421875 0.0484375 0.1125
2 0.3703125 0.29296875 0.0265625 0.0578125
2 0.37109375 0.24921875 0.0203125 0.0421875
9 0.92578125 0.47421875 0.0734375 0.0609375
9 0.52265625 0.37890625 0.028125 0.065625
9 0.5421875 0.2875 0.028125 0.0640625
9 0.56640625 0.2859375 0.0328125 0.0546875
9 0.34296875 0.275 0.028125 0.078125
9 0.29375 0.4734375 0.065625 0.05625
9 0.5109375 0.65546875 0.046875 0.115625
4 0.71953125 0.4734375 0.0375 0.053125
4 0.321875 0.31875 0.0203125 0.0546875
4 0.3921875 0.32109375 0.01875 0.0421875
4 0.39921875 0.34140625 0.01875 0.04375