1 0.5421875 0.2203125 0.0359375 0.0953125
0 0.62578125 0.7921875 0.0578125 0.18125
9 0.66796875 0.678125 0.0390625 0.109375
0 0.76953125 0.465625 0.075 0.0546875
0 0.37890625 0.47890625 0.059375 0.065625
0 0.20234375 0.43671875 0.0671875 0.0546875
0 0.34609375 0.26875 0.028125 0.075
2 0.378125 0.2828125 0.028125 0.05625
2 0.38046875 0.24375 0.025 0.046875
2 0.5609375 0.41484375 0.03125 0.0546875
2 0.5234375 0.33203125 0.0234375 0.0546875
2 0.58984375 0.36875 0.028125 0.0484375
2 0.53125 0.478125 0.0296875 0.071875
2 0.50625 0.690625 0.0390625 0.09375
2 0.57734375 0.88046875 0.04375 0.128125
4 0.684375 0.42734375 0.034375 0.0453125
4 0.71875 0.48046875 0.0296875 0.046875
4 0.59609375 0.5296875 0.0203125 0.0515625
4 0.3265625 0.31171875 0.01875 0.0421875
4 0.39296875 0.31484375 0.015625 0.046875
4 0.4015625 0.33515625 0.0171875 0.0453125