4 0.2828125 0.484375 0.03125 0.0453125
4 0.671875 0.30703125 0.015625 0.0390625
4 0.603125 0.3109375 0.0140625 0.046875
4 0.596875 0.334375 0.01875 0.04375
4 0.43828125 0.25625 0.0125 0.0296875
4 0.4078125 0.334375 0.0171875 0.040625
2 0.46640625 0.48203125 0.0265625 0.0640625
2 0.5 0.65625 0.0296875 0.084375
2 0.484375 0.8453125 0.040625 0.1296875
2 0.396875 0.709375 0.0390625 0.1015625
2 0.3328125 0.69296875 0.03125 0.103125
2 0.60546875 0.4890625 0.05 0.05
2 0.6203125 0.284375 0.0234375 0.0546875
2 0.6171875 0.2375 0.0234375 0.046875
9 0.646875 0.26640625 0.021875 0.075
9 0.3203125 0.4375 0.0609375 0.059375
9 0.315625 0.8875 0.05 0.1390625
9 0.440625 0.71015625 0.0390625 0.121875
9 0.8515625 0.41796875 0.0546875 0.05625
0 0.42578125 0.484375 0.0375 0.1125
2 0.4828125 0.240625 0.0234375 0.0421875
9 0.24375 0.55859375 0.06875 0.0671875