1 0.43125 0.396875 0.0453125 0.14375
2 0.4515625 0.56640625 0.034375 0.084375
2 0.3640625 0.60625 0.034375 0.078125
2 0.3921875 0.759375 0.040625 0.1015625
2 0.4390625 0.878125 0.04375 0.1109375
2 0.61875 0.28671875 0.0234375 0.05625
2 0.615625 0.24296875 0.01875 0.0421875
9 0.0734375 0.496875 0.071875 0.0578125
9 0.47109375 0.38046875 0.025 0.0640625
9 0.446875 0.28984375 0.025 0.0625
9 0.42265625 0.28984375 0.0296875 0.0546875
9 0.6453125 0.2671875 0.0234375 0.0765625
9 0.7046875 0.4625 0.0625 0.053125
9 0.496875 0.65546875 0.0421875 0.1140625
4 0.2796875 0.48515625 0.034375 0.0515625
4 0.66875 0.309375 0.0171875 0.053125
4 0.5984375 0.315625 0.0171875 0.040625
4 0.5921875 0.33671875 0.0171875 0.04375