4 0.27734375 0.44921875 0.028125 0.0296875
4 0.28203125 0.48046875 0.03125 0.040625
4 0.38125 0.66875 0.0234375 0.053125
4 0.6734375 0.309375 0.01875 0.046875
4 0.60625 0.31796875 0.01875 0.0390625
4 0.5953125 0.3375 0.015625 0.046875
9 0.72578125 0.45234375 0.065625 0.0625
9 0.18359375 0.46953125 0.06875 0.059375
9 0.3296875 0.75625 0.04375 0.121875
9 0.65 0.26953125 0.025 0.0734375
2 0.62265625 0.28515625 0.0265625 0.0484375
2 0.61875 0.24140625 0.0234375 0.046875
2 0.4671875 0.40078125 0.0296875 0.053125
2 0.39765625 0.4328125 0.0296875 0.0578125
2 0.425 0.5140625 0.028125 0.0703125
2 0.45703125 0.58828125 0.03125 0.0703125
2 0.4875 0.7875 0.0390625 0.1109375
9 0.85078125 0.43125 0.0578125 0.0515625
0 0.35703125 0.9078125 0.06875 0.1796875
1 0.45390625 0.26953125 0.0375 0.11875