0 0.40234375 0.55390625 0.0703125 0.1359375
9 0.27578125 0.5359375 0.078125 0.0890625
9 0.30859375 0.4078125 0.0734375 0.0640625
9 0.77109375 0.49453125 0.071875 0.06875
9 0.6921875 0.303125 0.0390625 0.0796875
2 0.66328125 0.30625 0.034375 0.059375
2 0.66875 0.26875 0.028125 0.0515625
2 0.43828125 0.58125 0.0453125 0.08125
2 0.4328125 0.75703125 0.0546875 0.1015625
2 0.27734375 0.728125 0.0625 0.1171875
2 0.3046875 0.82265625 0.0703125 0.125
2 0.5171875 0.3078125 0.028125 0.053125
2 0.50625 0.259375 0.0296875 0.05
4 0.465625 0.321875 0.025 0.04375
4 0.2875 0.4390625 0.0421875 0.0453125
4 0.70390625 0.34765625 0.0265625 0.04375
4 0.640625 0.3375 0.021875 0.0421875
4 0.628125 0.35625 0.028125 0.0546875
2 0.3890625 0.93984375 0.05625 0.0984375
9 0.34765625 0.85546875 0.075 0.1515625
4 0.11484375 0.3921875 0.0375 0.046875