9 0.06640625 0.5484375 0.0703125 0.05625
9 0.646875 0.27421875 0.0234375 0.0765625
9 0.6828125 0.28203125 0.03125 0.078125
2 0.78359375 0.43359375 0.0546875 0.046875
2 0.44140625 0.4046875 0.0265625 0.0765625
2 0.39765625 0.73359375 0.0421875 0.1
2 0.478125 0.32578125 0.025 0.04375
2 0.621875 0.2890625 0.0234375 0.05625
2 0.61875 0.24765625 0.0234375 0.0515625
2 0.46171875 0.2765625 0.021875 0.046875
9 0.41640625 0.31875 0.0265625 0.05625
4 0.41328125 0.39375 0.021875 0.0484375
4 0.26640625 0.4546875 0.0296875 0.040625
4 0.24765625 0.4859375 0.0296875 0.0390625
4 0.2828125 0.490625 0.03125 0.04375
4 0.190625 0.5046875 0.03125 0.040625
4 0.07578125 0.490625 0.0328125 0.04375
4 0.4546875 0.57265625 0.025 0.0515625
4 0.3609375 0.74296875 0.0234375 0.0703125
4 0.60625 0.325 0.0140625 0.05
4 0.59375 0.340625 0.01875 0.0421875
4 0.6703125 0.3203125 0.015625 0.0484375
2 0.97734375 0.409375 0.0453125 0.04375