9 0.1859375 0.54765625 0.0703125 0.0546875
9 0.3328125 0.784375 0.046875 0.1265625
9 0.4546875 0.571875 0.0359375 0.0859375
9 0.3375 0.43125 0.0625 0.0625
9 0.65 0.26953125 0.0234375 0.078125
2 0.61875 0.28046875 0.025 0.053125
2 0.4734375 0.3890625 0.028125 0.05625
2 0.4125 0.58828125 0.0359375 0.0828125
2 0.31953125 0.62890625 0.0515625 0.1
2 0.375 0.92421875 0.04375 0.1265625
2 0.49453125 0.725 0.0375 0.10625
2 0.521875 0.57734375 0.0359375 0.0734375
2 0.6703125 0.45390625 0.05 0.05
2 0.61875 0.23984375 0.0234375 0.0515625
0 0.4359375 0.403125 0.034375 0.0984375
4 0.28125 0.484375 0.0390625 0.040625
4 0.2578125 0.45234375 0.028125 0.040625
4 0.6046875 0.3109375 0.0171875 0.046875
4 0.5953125 0.334375 0.015625 0.040625
4 0.67265625 0.30703125 0.0171875 0.05