9 0.4125 0.37109375 0.0453125 0.0625
9 0.23203125 0.51875 0.0765625 0.0734375
9 0.67734375 0.2953125 0.034375 0.0734375
9 0.709375 0.2984375 0.0375 0.075
2 0.0875 0.49140625 0.065625 0.0703125
2 0.4015625 0.57890625 0.0515625 0.096875
2 0.465625 0.49765625 0.0375 0.0625
2 0.45390625 0.42578125 0.0359375 0.06875
2 0.63984375 0.49140625 0.05625 0.0640625
2 0.80546875 0.4671875 0.0609375 0.0515625
2 0.6484375 0.30546875 0.0265625 0.053125
2 0.6484375 0.2625 0.028125 0.0546875
2 0.440625 0.8109375 0.05625 0.1328125
4 0.62890625 0.3375 0.021875 0.0359375
4 0.69296875 0.3390625 0.025 0.04375
4 0.6140625 0.3515625 0.0203125 0.040625
4 0.396875 0.50234375 0.0265625 0.0515625
4 0.28671875 0.46171875 0.0359375 0.04375
4 0.140625 0.44296875 0.0328125 0.04375
4 0.0875 0.4265625 0.0359375 0.0359375
4 0.08203125 0.4515625 0.0390625 0.0421875
4 0.85234375 0.4953125 0.0375 0.04375
2 0.4875 0.26640625 0.03125 0.059375