9 0.81640625 0.47578125 0.08125 0.06875
9 0.7265625 0.73984375 0.0734375 0.134375
9 0.56015625 0.56015625 0.053125 0.0921875
9 0.64296875 0.39609375 0.075 0.075
9 0.30234375 0.309375 0.040625 0.08125
2 0.33515625 0.3125 0.0359375 0.0578125
2 0.50078125 0.3859375 0.0390625 0.0609375
2 0.60546875 0.56640625 0.053125 0.0875
2 0.7046875 0.58515625 0.0734375 0.109375
2 0.7171875 0.88515625 0.0703125 0.1328125
2 0.55625 0.71796875 0.0609375 0.1109375
2 0.49609375 0.58046875 0.05 0.0796875
2 0.3234375 0.49375 0.059375 0.059375
2 0.32578125 0.2734375 0.034375 0.05625
0 0.540625 0.39140625 0.0546875 0.103125
4 0.709375 0.4359375 0.046875 0.0484375
4 0.725 0.39921875 0.0359375 0.0453125
4 0.35546875 0.3390625 0.0265625 0.05
4 0.36953125 0.36015625 0.025 0.04375
4 0.28828125 0.35078125 0.028125 0.053125