4 0.71796875 0.53046875 0.040625 0.046875
4 0.7 0.471875 0.034375 0.046875
4 0.434375 0.3 0.025 0.046875
4 0.44296875 0.31875 0.0203125 0.0375
4 0.37421875 0.27421875 0.0265625 0.05
4 0.578125 0.89765625 0.0359375 0.0625
2 0.54296875 0.78203125 0.0546875 0.096875
2 0.46640625 0.63046875 0.059375 0.0953125
2 0.6921875 0.63125 0.0640625 0.075
2 0.57421875 0.50390625 0.0453125 0.0921875
2 0.54609375 0.4640625 0.0421875 0.0796875
2 0.26640625 0.3890625 0.0625 0.0578125
2 0.42578125 0.26328125 0.034375 0.05625
2 0.5609375 0.31953125 0.0296875 0.05
2 0.48125 0.93515625 0.075 0.1296875
9 0.61484375 0.725 0.05625 0.1140625
9 0.665625 0.46171875 0.0734375 0.08125
9 0.86328125 0.63203125 0.090625 0.0734375
9 0.4046875 0.240625 0.040625 0.078125
0 0.5890625 0.353125 0.0484375 0.09375
2 0.440625 0.221875 0.03125 0.0546875