2 0.415625 0.5890625 0.0359375 0.0828125
2 0.44765625 0.33125 0.0265625 0.0578125
4 0.2765625 0.478125 0.015625 0.0359375
4 0.2859375 0.490625 0.021875 0.04375
4 0.321875 0.43359375 0.028125 0.053125
4 0.165625 0.47890625 0.0328125 0.0390625
4 0.603125 0.3171875 0.0125 0.046875
4 0.6703125 0.309375 0.015625 0.0421875
4 0.596875 0.340625 0.015625 0.040625
4 0.4625 0.428125 0.0171875 0.04375
4 0.4171875 0.34375 0.01875 0.040625
9 0.6484375 0.2734375 0.0265625 0.071875
9 0.68046875 0.27734375 0.028125 0.0796875
2 0.61875 0.28359375 0.025 0.053125
2 0.615625 0.246875 0.0203125 0.0515625
2 0.48125 0.25625 0.0234375 0.04375
2 0.865625 0.4171875 0.05625 0.046875