4 0.28046875 0.484375 0.0328125 0.040625
4 0.31015625 0.43125 0.0265625 0.04375
4 0.60546875 0.31796875 0.015625 0.0453125
4 0.59375 0.334375 0.0140625 0.0359375
4 0.6703125 0.30546875 0.01875 0.046875
4 0.340625 0.87265625 0.0234375 0.059375
2 0.39921875 0.7671875 0.0359375 0.090625
2 0.50546875 0.634375 0.0421875 0.0890625
2 0.284375 0.58828125 0.0515625 0.065625
2 0.4265625 0.48828125 0.028125 0.0875
2 0.4625 0.45546875 0.028125 0.075
2 0.7515625 0.43984375 0.053125 0.0484375
2 0.621875 0.28359375 0.0234375 0.053125
2 0.478125 0.3109375 0.021875 0.046875
2 0.4265625 0.93203125 0.0515625 0.125
9 0.340625 0.69609375 0.0359375 0.109375
9 0.34609375 0.428125 0.059375 0.071875
9 0.1171875 0.55390625 0.08125 0.059375
9 0.646875 0.26640625 0.0265625 0.075
0 0.44375 0.3375 0.03125 0.0890625
2 0.615625 0.23984375 0.0203125 0.0515625