9 0.07578125 0.60078125 0.0765625 0.0640625
9 0.61796875 0.2578125 0.03125 0.078125
9 0.6546875 0.26171875 0.040625 0.08125
2 0.7734375 0.39921875 0.059375 0.053125
2 0.43046875 0.4125 0.0359375 0.0796875
2 0.4265625 0.74453125 0.0546875 0.1046875
2 0.45703125 0.3296875 0.0296875 0.0453125
2 0.5953125 0.27578125 0.03125 0.0578125
2 0.5875 0.23515625 0.0296875 0.0546875
2 0.43515625 0.2828125 0.028125 0.0484375
9 0.3953125 0.33046875 0.0328125 0.059375
4 0.40078125 0.40546875 0.028125 0.05
4 0.2625 0.48359375 0.034375 0.04375
4 0.24765625 0.51640625 0.034375 0.0421875
4 0.28359375 0.5171875 0.0359375 0.0484375
4 0.19375 0.5421875 0.0359375 0.04375
4 0.078125 0.5421875 0.0375 0.0484375
4 0.4640625 0.57734375 0.0296875 0.0546875
4 0.39140625 0.7578125 0.03125 0.071875
4 0.584375 0.31328125 0.0203125 0.0515625
4 0.5734375 0.33046875 0.0234375 0.04375
4 0.646875 0.30078125 0.0203125 0.05
2 0.9625 0.3515625 0.05 0.0484375