9 0.8171875 0.48125 0.0796875 0.0671875
9 0.72265625 0.74375 0.071875 0.1328125
9 0.559375 0.5609375 0.0515625 0.090625
9 0.64453125 0.39921875 0.075 0.075
9 0.30546875 0.30546875 0.0390625 0.08125
2 0.33828125 0.31015625 0.034375 0.05625
2 0.503125 0.3859375 0.0375 0.059375
2 0.60390625 0.56796875 0.0515625 0.0875
2 0.703125 0.58828125 0.071875 0.1078125
2 0.71015625 0.8890625 0.06875 0.1328125
2 0.55234375 0.71875 0.059375 0.1109375
2 0.49453125 0.58046875 0.05 0.0796875
2 0.3234375 0.490625 0.059375 0.059375
2 0.3296875 0.2703125 0.034375 0.0546875
0 0.5421875 0.3921875 0.053125 0.103125
4 0.7109375 0.4390625 0.0453125 0.0484375
4 0.72734375 0.403125 0.0359375 0.0453125
4 0.35859375 0.33671875 0.0265625 0.05
4 0.37265625 0.3578125 0.0234375 0.04375
4 0.290625 0.346875 0.0265625 0.053125