2 0.57109375 0.47734375 0.0359375 0.0703125
2 0.32109375 0.46484375 0.0671875 0.059375
2 0.04140625 0.4359375 0.0625 0.0453125
2 0.36796875 0.290625 0.03125 0.0578125
2 0.53203125 0.26171875 0.0265625 0.059375
2 0.37265625 0.24765625 0.021875 0.0484375
9 0.33984375 0.28046875 0.0296875 0.075
9 0.3078125 0.2875 0.0359375 0.0890625
9 0.559375 0.68359375 0.046875 0.1140625
4 0.7484375 0.4921875 0.0390625 0.04375
4 0.72109375 0.478125 0.0359375 0.0484375
4 0.69921875 0.46875 0.0328125 0.046875
4 0.63203125 0.40078125 0.0390625 0.0421875
4 0.596875 0.46484375 0.0203125 0.0609375
4 0.51640625 0.31484375 0.021875 0.053125
4 0.56640625 0.3015625 0.021875 0.0515625
4 0.3859375 0.321875 0.0171875 0.046875
4 0.3953125 0.3453125 0.015625 0.0375
4 0.3203125 0.325 0.021875 0.0421875