2 0.5828125 0.590625 0.0359375 0.084375
2 0.55546875 0.33203125 0.028125 0.0578125
4 0.7234375 0.48203125 0.0171875 0.0359375
4 0.7140625 0.49453125 0.021875 0.0453125
4 0.67890625 0.43671875 0.028125 0.053125
4 0.834375 0.484375 0.0328125 0.0390625
4 0.4 0.315625 0.0125 0.046875
4 0.3328125 0.30625 0.015625 0.0421875
4 0.40625 0.3390625 0.015625 0.040625
4 0.5390625 0.42890625 0.0171875 0.04375
4 0.58515625 0.3453125 0.01875 0.040625
9 0.35546875 0.27109375 0.028125 0.071875
9 0.3234375 0.27421875 0.0296875 0.0796875
2 0.38515625 0.28125 0.025 0.053125
2 0.3890625 0.24453125 0.021875 0.0515625
2 0.52265625 0.25625 0.0234375 0.04375
2 0.1359375 0.4109375 0.05625 0.046875