9 0.3953125 0.384375 0.0390625 0.05625
9 0.2375 0.55546875 0.06875 0.0640625
9 0.646875 0.27265625 0.025 0.0703125
9 0.67890625 0.27109375 0.028125 0.071875
2 0.090625 0.54921875 0.0578125 0.0625
2 0.41328125 0.5921875 0.0390625 0.09375
2 0.465625 0.50234375 0.0296875 0.059375
2 0.44375 0.4328125 0.0265625 0.065625
2 0.6375 0.471875 0.05 0.0578125
2 0.79765625 0.425 0.0546875 0.0453125
2 0.6203125 0.28671875 0.0203125 0.0515625
2 0.6140625 0.24375 0.0203125 0.0515625
2 0.484375 0.81640625 0.0390625 0.128125
4 0.6046875 0.32109375 0.01875 0.034375
4 0.66875 0.3140625 0.01875 0.040625
4 0.5921875 0.3375 0.015625 0.0390625
4 0.3984375 0.51640625 0.0203125 0.05
4 0.28359375 0.49140625 0.03125 0.0390625
4 0.1359375 0.49375 0.028125 0.040625
4 0.08125 0.484375 0.03125 0.0328125
4 0.0796875 0.51015625 0.034375 0.0375
4 0.8484375 0.44609375 0.0328125 0.0390625
2 0.45546875 0.2703125 0.0234375 0.0578125