2 0.459375 0.675 0.0578125 0.0984375
2 0.590625 0.3296875 0.03125 0.046875
9 0.56484375 0.59140625 0.0546875 0.090625
9 0.55859375 0.34453125 0.0375 0.0578125
9 0.4078125 0.23984375 0.0453125 0.078125
9 0.37265625 0.23828125 0.046875 0.0828125
2 0.42890625 0.2625 0.040625 0.06875
2 0.44375 0.2234375 0.03125 0.0484375
4 0.4375 0.29921875 0.0265625 0.0484375
4 0.37578125 0.27578125 0.028125 0.0515625
4 0.44609375 0.3171875 0.0234375 0.0375
4 0.6109375 0.3234375 0.0234375 0.0421875
4 0.625 0.36171875 0.028125 0.05
4 0.66796875 0.45234375 0.040625 0.0515625
4 0.68046875 0.51796875 0.0421875 0.05
4 0.71484375 0.534375 0.0390625 0.0515625
4 0.7234375 0.5515625 0.0375 0.0390625
4 0.83125 0.57109375 0.0375 0.0453125
2 0.15859375 0.33515625 0.06875 0.0640625