2 0.56796875 0.40234375 0.0296875 0.0578125
2 0.35 0.4640625 0.0546875 0.046875
2 0.534375 0.60390625 0.0421875 0.0921875
4 0.68125 0.4859375 0.0296875 0.0421875
4 0.71484375 0.49921875 0.028125 0.0421875
4 0.72890625 0.51171875 0.03125 0.034375
4 0.746875 0.503125 0.0296875 0.04375
4 0.58828125 0.29140625 0.0203125 0.0359375
4 0.4046875 0.31328125 0.0171875 0.0484375
4 0.41171875 0.3328125 0.0203125 0.0453125
4 0.33828125 0.30625 0.0171875 0.0515625
9 0.32890625 0.26953125 0.0359375 0.084375
9 0.3625 0.2578125 0.028125 0.0703125
2 0.39140625 0.2765625 0.025 0.05
2 0.3953125 0.23515625 0.01875 0.0421875
9 0.41640625 0.26796875 0.03125 0.0640625
9 0.41640625 0.26796875 0.03125 0.071875