2 0.421875 0.5265625 0.0328125 0.0703125
2 0.43203125 0.934375 0.0453125 0.128125
2 0.621875 0.284375 0.0203125 0.0578125
2 0.6171875 0.23828125 0.021875 0.0484375
9 0.65 0.26796875 0.025 0.075
9 0.684375 0.2765625 0.0265625 0.075
9 0.4453125 0.32578125 0.028125 0.0625
4 0.4078125 0.334375 0.021875 0.0453125
4 0.32109375 0.4734375 0.034375 0.0453125
4 0.28203125 0.484375 0.0265625 0.0453125
4 0.26796875 0.496875 0.028125 0.0421875
4 0.2421875 0.490625 0.025 0.04375
4 0.43203125 0.2453125 0.015625 0.0375