2 0.6734375 0.32265625 0.040625 0.0625
2 0.6796875 0.2828125 0.03125 0.05
9 0.396875 0.55390625 0.059375 0.0921875
9 0.70546875 0.31875 0.0421875 0.075
9 0.734375 0.3328125 0.0421875 0.071875
9 0.65 0.3078125 0.0375 0.0609375
4 0.3328125 0.43046875 0.040625 0.0453125
4 0.29609375 0.42890625 0.0375 0.0484375
4 0.26953125 0.4234375 0.0328125 0.0453125
4 0.27890625 0.4421875 0.0359375 0.0421875
4 0.1984375 0.428125 0.034375 0.0390625
4 0.6484375 0.35546875 0.025 0.04375
4 0.63515625 0.36875 0.0296875 0.0484375
4 0.75859375 0.4109375 0.0359375 0.05625
4 0.71328125 0.36171875 0.0265625 0.04375