1 0.38828125 0.8984375 0.0890625 0.203125
9 0.7625 0.79765625 0.06875 0.1421875
9 0.62734375 0.25625 0.0328125 0.0859375
9 0.45546875 0.75703125 0.05 0.1265625
9 0.50546875 0.784375 0.046875 0.1265625
9 0.51328125 0.940625 0.0515625 0.11875
9 0.4015625 0.74921875 0.053125 0.1140625
2 0.35546875 0.809375 0.05 0.1140625
9 0.39765625 0.67578125 0.0328125 0.0546875
9 0.48671875 0.64296875 0.021875 0.05625
9 0.50546875 0.6671875 0.028125 0.0671875
9 0.52578125 0.61953125 0.025 0.0546875
9 0.3171875 0.6515625 0.034375 0.053125
9 0.65078125 0.3 0.0203125 0.0515625
9 0.7203125 0.69140625 0.034375 0.0609375