1 0.69921875 0.86875 0.10625 0.21875
9 0.3109375 0.84921875 0.0796875 0.146875
9 0.32109375 0.290625 0.0390625 0.0875
9 0.6015625 0.73984375 0.0609375 0.128125
9 0.55859375 0.77890625 0.0578125 0.128125
9 0.5859375 0.93359375 0.0609375 0.121875
9 0.65234375 0.7203125 0.0625 0.1171875
2 0.71015625 0.76875 0.059375 0.115625
9 0.6390625 0.6484375 0.0375 0.0578125
9 0.5453125 0.6359375 0.0265625 0.0578125
9 0.53203125 0.6640625 0.034375 0.06875
9 0.50234375 0.62265625 0.0296875 0.05625
9 0.7125 0.60625 0.0390625 0.05625
9 0.30859375 0.3390625 0.0234375 0.0515625
9 0.32890625 0.7359375 0.0390625 0.0640625