1 0.3609375 0.8953125 0.075 0.209375
9 0.74140625 0.815625 0.059375 0.1390625
9 0.64375 0.265625 0.0265625 0.084375
9 0.4375 0.753125 0.0421875 0.1234375
9 0.4859375 0.784375 0.0390625 0.1234375
9 0.4828125 0.94140625 0.04375 0.1171875
9 0.384375 0.74140625 0.046875 0.1109375
2 0.334375 0.7984375 0.04375 0.1109375
9 0.3859375 0.66796875 0.0296875 0.053125
9 0.4765625 0.64140625 0.01875 0.0546875
9 0.49375 0.6671875 0.025 0.065625
9 0.5171875 0.62109375 0.021875 0.053125
9 0.30703125 0.63828125 0.03125 0.0515625
9 0.6640625 0.3109375 0.0171875 0.05
9 0.70625 0.70625 0.03125 0.059375