4 0.4578125 0.6125 0.03125 0.0515625
4 0.49921875 0.49765625 0.0390625 0.053125
4 0.46796875 0.66015625 0.0375 0.053125
4 0.490625 0.64453125 0.03125 0.05625
4 0.5734375 0.675 0.034375 0.0546875
4 0.58359375 0.71484375 0.028125 0.059375
4 0.38203125 0.2765625 0.0296875 0.05
9 0.41328125 0.2375 0.0390625 0.08125
9 0.2421875 0.653125 0.09375 0.1515625
9 0.44921875 0.7734375 0.065625 0.13125
9 0.503125 0.76171875 0.065625 0.1265625
9 0.4203125 0.9328125 0.06875 0.1265625
9 0.55703125 0.75703125 0.0671875 0.1125
2 0.5953125 0.8234375 0.0703125 0.1203125
2 0.3296875 0.56953125 0.06875 0.1
1 0.54375 0.89921875 0.128125 0.2015625
4 0.76796875 0.62421875 0.04375 0.0515625