4 0.47421875 0.6171875 0.025 0.05
4 0.4984375 0.49765625 0.034375 0.0515625
4 0.490625 0.66328125 0.03125 0.05
4 0.5109375 0.64453125 0.025 0.0546875
4 0.596875 0.66328125 0.028125 0.0515625
4 0.6125 0.7015625 0.021875 0.0578125
4 0.3515625 0.29453125 0.025 0.0484375
9 0.37734375 0.25234375 0.0296875 0.0796875
9 0.265625 0.6875 0.075 0.146875
9 0.4875 0.778125 0.0484375 0.1296875
9 0.5390625 0.759375 0.05 0.1234375
9 0.48125 0.9390625 0.053125 0.121875
9 0.5921875 0.74609375 0.0546875 0.109375
2 0.6390625 0.80703125 0.05625 0.115625
2 0.34140625 0.59296875 0.0578125 0.0953125
1 0.6 0.8953125 0.1 0.209375
4 0.7828125 0.5859375 0.0390625 0.046875