9 0.1953125 0.65546875 0.0765625 0.078125
4 0.23515625 0.6828125 0.0328125 0.04375
4 0.25859375 0.68984375 0.0359375 0.046875
4 0.290625 0.678125 0.0421875 0.046875
4 0.25 0.721875 0.040625 0.0515625
4 0.2046875 0.71328125 0.034375 0.0375
4 0.21015625 0.67890625 0.0296875 0.03125
4 0.19375 0.69453125 0.0328125 0.0390625
4 0.17578125 0.71328125 0.0421875 0.0484375
4 0.6875 0.76640625 0.034375 0.05625
2 0.7875 0.69453125 0.0703125 0.0796875
2 0.03203125 0.68359375 0.0640625 0.0609375
2 0.934375 0.7484375 0.05 0.05