4 0.34453125 0.715625 0.028125 0.05
4 0.3171875 0.7359375 0.028125 0.034375
4 0.3125 0.77109375 0.0265625 0.034375
4 0.2796875 0.75625 0.025 0.034375
4 0.26875 0.7734375 0.0328125 0.034375
4 0.25078125 0.75703125 0.0234375 0.034375
4 0.240625 0.7828125 0.0296875 0.034375
4 0.21015625 0.78984375 0.028125 0.0359375
4 0.09375 0.75546875 0.03125 0.0359375
9 0.29921875 0.81484375 0.0703125 0.0625
9 0.528125 0.71796875 0.0671875 0.0796875
9 0.65703125 0.64296875 0.0359375 0.1125
9 0.63359375 0.46796875 0.028125 0.06875
0 0.10546875 0.84609375 0.1109375 0.0859375
2 0.0890625 0.78359375 0.053125 0.0421875
2 0.74375 0.56796875 0.0453125 0.0640625
2 0.70390625 0.515625 0.0296875 0.0671875
2 0.678125 0.58203125 0.0359375 0.06875
2 0.653125 0.42734375 0.01875 0.059375
2 0.68671875 0.434375 0.0265625 0.0609375
2 0.67109375 0.3671875 0.0234375 0.0546875