9 0.23828125 0.7203125 0.0640625 0.065625
4 0.2828125 0.7375 0.0234375 0.0390625
4 0.3078125 0.7390625 0.028125 0.0421875
4 0.3359375 0.7203125 0.034375 0.040625
4 0.30625 0.77265625 0.03125 0.046875
4 0.26015625 0.77421875 0.028125 0.03125
4 0.2578125 0.73984375 0.025 0.0265625
4 0.2453125 0.75859375 0.0265625 0.034375
4 0.23203125 0.78046875 0.034375 0.0421875
4 0.7421875 0.7171875 0.0234375 0.0515625
2 0.82421875 0.625 0.05625 0.0703125
2 0.0828125 0.78515625 0.059375 0.0484375
2 0.97890625 0.64453125 0.0421875 0.0421875