2 0.67265625 0.628125 0.040625 0.0828125
2 0.72421875 0.59609375 0.046875 0.0625
2 0.80625 0.67734375 0.0734375 0.0703125
2 0.69453125 0.4953125 0.040625 0.065625
2 0.04921875 0.73125 0.065625 0.059375
2 0.44296875 0.4796875 0.03125 0.059375
2 0.95234375 0.690625 0.053125 0.05625
4 0.67578125 0.54140625 0.0203125 0.040625
4 0.384375 0.5921875 0.0296875 0.05
4 0.31328125 0.69765625 0.034375 0.046875
4 0.28203125 0.709375 0.0296875 0.0390625
4 0.27109375 0.74375 0.03125 0.0375
4 0.25625 0.70390625 0.0265625 0.0390625
4 0.24140625 0.721875 0.0296875 0.0359375
4 0.22890625 0.740625 0.034375 0.0375
4 0.21484375 0.7171875 0.03125 0.0390625
4 0.19765625 0.74296875 0.034375 0.04375