9 0.09375 0.66015625 0.078125 0.065625
2 0.0328125 0.690625 0.065625 0.065625
2 0.72421875 0.621875 0.05625 0.0828125
2 0.82890625 0.70703125 0.0625 0.0578125
4 0.29609375 0.6828125 0.0390625 0.0515625
4 0.265625 0.6921875 0.0328125 0.0375
4 0.25390625 0.72578125 0.040625 0.0453125
4 0.23984375 0.6859375 0.03125 0.04375
4 0.22421875 0.7 0.0359375 0.0421875
4 0.2078125 0.7171875 0.0359375 0.0390625
4 0.19765625 0.69453125 0.03125 0.0296875
4 0.17421875 0.67890625 0.03125 0.040625
4 0.1796875 0.72265625 0.0296875 0.0390625
4 0.6828125 0.915625 0.034375 0.065625
4 0.68984375 0.57109375 0.0234375 0.04375