4 0.709375 0.6234375 0.015625 0.046875
4 0.3234375 0.71015625 0.034375 0.0484375
4 0.29609375 0.725 0.0296875 0.0453125
4 0.2859375 0.759375 0.0328125 0.040625
4 0.2703125 0.71796875 0.0296875 0.04375
4 0.25234375 0.73671875 0.0265625 0.0359375
4 0.2421875 0.759375 0.03125 0.0359375
4 0.22734375 0.7421875 0.0328125 0.0328125
4 0.2140625 0.75859375 0.028125 0.0359375
2 0.0625 0.7546875 0.0578125 0.0625
2 0.771875 0.6234375 0.0546875 0.078125
2 0.9125 0.67421875 0.0515625 0.05
9 0.17265625 0.70546875 0.0734375 0.059375