2 0.0828125 0.78671875 0.05625 0.0515625
2 0.2328125 0.7265625 0.059375 0.046875
2 0.6296875 0.46328125 0.028125 0.0578125
9 0.43125 0.5328125 0.034375 0.06875
9 0.68828125 0.4765625 0.03125 0.075
4 0.3375 0.72421875 0.0296875 0.040625
4 0.3109375 0.7390625 0.0296875 0.0390625
4 0.3046875 0.7765625 0.0296875 0.0390625
4 0.2859375 0.7390625 0.0296875 0.0359375
4 0.25546875 0.74375 0.0265625 0.0234375
4 0.2734375 0.75625 0.0234375 0.0328125
4 0.26015625 0.775 0.028125 0.034375
4 0.2453125 0.75546875 0.0265625 0.0359375
4 0.23125 0.7828125 0.028125 0.040625