2 0.08203125 0.68671875 0.0578125 0.05625
2 0.90546875 0.696875 0.0609375 0.053125
2 0.94921875 0.73125 0.0640625 0.0625
9 0.6640625 0.64375 0.0625 0.0734375
4 0.68984375 0.6984375 0.034375 0.04375
4 0.71640625 0.71171875 0.028125 0.040625
4 0.72734375 0.75 0.03125 0.040625
4 0.74140625 0.71171875 0.0328125 0.04375
4 0.75859375 0.72421875 0.025 0.040625
4 0.77421875 0.7453125 0.0296875 0.0328125
4 0.78359375 0.72421875 0.0296875 0.0359375
4 0.775 0.70859375 0.0296875 0.034375
4 0.79921875 0.746875 0.028125 0.040625