2 0.07890625 0.6796875 0.05625 0.0546875
2 0.9015625 0.70390625 0.059375 0.053125
2 0.9453125 0.7390625 0.0640625 0.0609375
9 0.66171875 0.64609375 0.0625 0.071875
4 0.6859375 0.70234375 0.0328125 0.04375
4 0.7125 0.715625 0.028125 0.0390625
4 0.7234375 0.75390625 0.03125 0.040625
4 0.73828125 0.71640625 0.03125 0.04375
4 0.7546875 0.728125 0.025 0.040625
4 0.76953125 0.75 0.0296875 0.0328125
4 0.7796875 0.72890625 0.028125 0.0359375
4 0.77109375 0.71328125 0.0296875 0.034375
4 0.7953125 0.7515625 0.028125 0.0390625