4 0.253125 0.7390625 0.025 0.028125
4 0.24375 0.759375 0.025 0.028125
4 0.2734375 0.75078125 0.0265625 0.034375
4 0.2859375 0.7390625 0.0265625 0.0390625
4 0.309375 0.73828125 0.0234375 0.034375
4 0.3390625 0.72109375 0.034375 0.034375
4 0.30625 0.7734375 0.03125 0.03125
4 0.259375 0.775 0.03125 0.034375
4 0.2328125 0.78359375 0.0328125 0.0421875
2 0.0828125 0.78671875 0.059375 0.0484375
2 0.0546875 0.7578125 0.0625 0.046875
2 0.878125 0.6359375 0.059375 0.059375
9 0.2953125 0.6984375 0.0640625 0.0609375
4 0.7734375 0.871875 0.0171875 0.0546875