9 0.778125 0.609375 0.0671875 0.0765625
9 0.08125 0.7515625 0.0734375 0.059375
2 0.371875 0.65390625 0.046875 0.0609375
2 0.0828125 0.78984375 0.0578125 0.0578125
4 0.3359375 0.72578125 0.0296875 0.034375
4 0.3125 0.7453125 0.028125 0.034375
4 0.3046875 0.77734375 0.03125 0.0328125
4 0.28515625 0.740625 0.025 0.0390625
4 0.271875 0.7609375 0.0234375 0.034375
4 0.2546875 0.7453125 0.021875 0.028125
4 0.246875 0.76328125 0.028125 0.028125
4 0.2609375 0.77734375 0.0296875 0.0375
4 0.23125 0.78515625 0.0296875 0.040625