4 0.69609375 0.6921875 0.0375 0.0421875
4 0.72578125 0.709375 0.0328125 0.040625
4 0.7359375 0.74296875 0.0359375 0.040625
4 0.7515625 0.70546875 0.0296875 0.040625
4 0.765625 0.71875 0.0328125 0.0375
4 0.7828125 0.70078125 0.0296875 0.0359375
4 0.78125 0.7328125 0.03125 0.0328125
4 0.79296875 0.7203125 0.0328125 0.0359375
4 0.80859375 0.7390625 0.034375 0.040625
2 0.95859375 0.71875 0.0640625 0.053125
2 0.38359375 0.93359375 0.0515625 0.1109375
2 0.7015625 0.66171875 0.0609375 0.065625
9 0.984375 0.6796875 0.03125 0.059375
9 0.278125 0.6078125 0.0625 0.0921875
9 0.52734375 0.39140625 0.0359375 0.059375