9 0.7765625 0.6140625 0.0671875 0.078125
9 0.0765625 0.74453125 0.0734375 0.059375
2 0.36953125 0.6515625 0.0484375 0.0625
2 0.078125 0.7828125 0.059375 0.0578125
4 0.33203125 0.72265625 0.0296875 0.034375
4 0.30859375 0.7421875 0.028125 0.034375
4 0.3 0.77421875 0.03125 0.0328125
4 0.28125 0.73671875 0.025 0.0390625
4 0.2671875 0.75703125 0.025 0.034375
4 0.25078125 0.740625 0.021875 0.0296875
4 0.2421875 0.75859375 0.028125 0.0296875
4 0.25625 0.7734375 0.0296875 0.0375
4 0.2265625 0.78046875 0.0296875 0.040625