4 0.33828125 0.72265625 0.0265625 0.0375
4 0.3046875 0.778125 0.0296875 0.034375
4 0.3109375 0.73984375 0.0234375 0.040625
4 0.2859375 0.74140625 0.0234375 0.0359375
4 0.271875 0.75625 0.021875 0.0265625
4 0.26015625 0.7765625 0.025 0.034375
4 0.2546875 0.7421875 0.028125 0.0296875
4 0.2453125 0.76171875 0.0265625 0.0328125
4 0.23359375 0.784375 0.0265625 0.034375
2 0.40859375 0.59921875 0.0390625 0.0625
2 0.0796875 0.7859375 0.053125 0.05625
9 0.134375 0.74921875 0.065625 0.0578125
9 0.8296875 0.634375 0.0640625 0.071875