2 0.0609375 0.74296875 0.059375 0.059375
2 0.67578125 0.7015625 0.0390625 0.08125
2 0.73359375 0.5921875 0.05 0.0609375
2 0.70078125 0.5375 0.0390625 0.071875
2 0.66484375 0.50859375 0.028125 0.071875
2 0.68984375 0.478125 0.0265625 0.059375
4 0.32265625 0.7015625 0.0328125 0.0359375
4 0.29375 0.71953125 0.0296875 0.034375
4 0.28125 0.75390625 0.0265625 0.028125
4 0.25234375 0.73203125 0.03125 0.0328125
4 0.23984375 0.74609375 0.028125 0.0359375
4 0.22734375 0.73125 0.03125 0.0328125
4 0.2078125 0.753125 0.028125 0.0359375
4 0.12890625 0.70546875 0.028125 0.034375
0 0.02265625 0.7984375 0.0453125 0.096875
9 0.4390625 0.7640625 0.0765625 0.0890625
9 0.63984375 0.56953125 0.03125 0.0796875
2 0.2515625 0.6859375 0.06875 0.071875
2 0.6875 0.415625 0.03125 0.05625
2 0.65 0.39453125 0.0234375 0.0453125