4 0.6203125 0.74765625 0.0328125 0.0421875
4 0.64375 0.8078125 0.034375 0.0390625
4 0.64453125 0.76875 0.03125 0.04375
4 0.66875 0.775 0.0296875 0.0390625
4 0.68046875 0.7921875 0.025 0.0296875
4 0.68828125 0.8140625 0.0296875 0.0375
4 0.69921875 0.78125 0.0328125 0.0328125
4 0.70546875 0.80234375 0.03125 0.0359375
4 0.71328125 0.8265625 0.0328125 0.0390625
2 0.57265625 0.61328125 0.05 0.06875
2 0.8640625 0.8546875 0.0609375 0.0640625
9 0.81640625 0.80859375 0.075 0.0671875
9 0.15234375 0.575 0.075 0.08125