9 0.3609375 0.82890625 0.05 0.125
9 0.7171875 0.796875 0.078125 0.078125
9 0.73203125 0.93359375 0.0484375 0.0875
4 0.68828125 0.6984375 0.0375 0.0421875
4 0.71640625 0.709375 0.028125 0.0421875
4 0.72734375 0.74375 0.034375 0.034375
4 0.7765625 0.69921875 0.0265625 0.03125
4 0.75859375 0.7234375 0.0296875 0.0359375
4 0.78359375 0.72109375 0.0234375 0.0296875
4 0.7703125 0.740625 0.0328125 0.040625
4 0.80234375 0.74296875 0.0328125 0.04375
2 0.95 0.73125 0.0609375 0.0609375
2 0.86171875 0.6890625 0.0609375 0.040625
2 0.3421875 0.5078125 0.0296875 0.059375
2 0.303125 0.5515625 0.0328125 0.0703125
2 0.32578125 0.70859375 0.040625 0.0859375
2 0.2609375 0.61328125 0.0546875 0.0640625
2 0.3078125 0.49609375 0.0296875 0.05625
2 0.31015625 0.44296875 0.03125 0.059375
2 0.334375 0.4203125 0.0265625 0.053125
2 0.6484375 0.63125 0.065625 0.0859375