2 0.59140625 0.60859375 0.053125 0.06875
2 0.3265625 0.56328125 0.034375 0.0640625
2 0.2921875 0.5203125 0.0328125 0.06875
2 0.23671875 0.57578125 0.053125 0.0671875
2 0.33984375 0.44453125 0.025 0.05625
2 0.3125 0.465625 0.0234375 0.0640625
2 0.2640625 0.8125 0.040625 0.1140625
2 0.90390625 0.80390625 0.0609375 0.0578125
9 0.7484375 0.84140625 0.075 0.0625
9 0.6625 0.94296875 0.05625 0.1078125
4 0.65078125 0.728125 0.03125 0.046875
4 0.675 0.746875 0.0265625 0.034375
4 0.6796875 0.7859375 0.03125 0.0390625
4 0.709375 0.74765625 0.0265625 0.0328125
4 0.71484375 0.7609375 0.0265625 0.0328125
4 0.72421875 0.784375 0.025 0.0296875
4 0.74140625 0.76640625 0.03125 0.034375
4 0.75234375 0.79140625 0.0265625 0.034375
2 0.32109375 0.415625 0.0265625 0.0625