2 0.68671875 0.671875 0.0296875 0.0828125
2 0.671875 0.51640625 0.0265625 0.0640625
2 0.71015625 0.54375 0.034375 0.0765625
2 0.77578125 0.6 0.0515625 0.0640625
2 0.690625 0.48046875 0.028125 0.05625
2 0.68203125 0.428125 0.025 0.0546875
2 0.41875 0.5484375 0.03125 0.071875
9 0.1390625 0.83203125 0.0734375 0.059375
9 0.2875 0.8875 0.059375 0.0921875
2 0.08203125 0.784375 0.0578125 0.0515625
2 0.290625 0.70234375 0.0609375 0.0578125
4 0.340625 0.7234375 0.0296875 0.0421875
4 0.3125 0.7359375 0.03125 0.0359375
4 0.30390625 0.771875 0.03125 0.04375
4 0.284375 0.7359375 0.028125 0.0390625
4 0.26875 0.74765625 0.0265625 0.034375
4 0.2609375 0.771875 0.03125 0.028125
4 0.24375 0.7546875 0.028125 0.0375
4 0.23125 0.77890625 0.0359375 0.0421875