4 0.33828125 0.7171875 0.034375 0.040625
4 0.31015625 0.73515625 0.021875 0.03125
4 0.3046875 0.7703125 0.028125 0.034375
4 0.28203125 0.734375 0.0265625 0.040625
4 0.2703125 0.753125 0.0265625 0.034375
4 0.2609375 0.77109375 0.0296875 0.0359375
4 0.24375 0.759375 0.028125 0.0359375
4 0.22890625 0.7796875 0.028125 0.040625
2 0.08125 0.784375 0.059375 0.0625
2 0.428125 0.48828125 0.0328125 0.0734375
2 0.68671875 0.6015625 0.0328125 0.075
2 0.72109375 0.565625 0.0390625 0.0640625
2 0.80390625 0.621875 0.053125 0.0609375
2 0.7078125 0.81484375 0.0375 0.090625
2 0.6921875 0.49296875 0.03125 0.0640625
2 0.6484375 0.40234375 0.028125 0.0515625
2 0.68125 0.43203125 0.025 0.059375
9 0.24296875 0.8609375 0.0703125 0.078125
9 0.0421875 0.840625 0.0765625 0.0578125