4 0.34375 0.6546875 0.0296875 0.0453125
4 0.33515625 0.71640625 0.034375 0.0390625
4 0.30703125 0.72734375 0.0296875 0.0421875
4 0.3 0.76875 0.034375 0.0375
4 0.27890625 0.73046875 0.0234375 0.040625
4 0.2625 0.74453125 0.0265625 0.0359375
4 0.2546875 0.765625 0.03125 0.034375
4 0.23828125 0.74765625 0.025 0.04375
4 0.225 0.7765625 0.0296875 0.034375
2 0.078125 0.771875 0.0625 0.065625
2 0.42578125 0.54765625 0.0359375 0.065625
2 0.73125 0.8578125 0.04375 0.1
2 0.665625 0.52890625 0.025 0.059375
2 0.70859375 0.53828125 0.0359375 0.0515625
2 0.775 0.61953125 0.05625 0.0671875
2 0.90390625 0.64296875 0.05625 0.0546875
2 0.68828125 0.45625 0.03125 0.0640625