4 0.23203125 0.78203125 0.025 0.059375
4 0.19921875 0.92265625 0.0296875 0.0640625
4 0.4421875 0.9140625 0.0390625 0.0515625
4 0.5640625 0.87421875 0.0359375 0.04375
4 0.57890625 0.9296875 0.0375 0.046875
4 0.74375 0.8390625 0.0390625 0.0453125
4 0.6390625 0.56953125 0.028125 0.0546875
4 0.6 0.5359375 0.0234375 0.0515625
9 0.66796875 0.3875 0.0390625 0.0875
9 0.62578125 0.47578125 0.0421875 0.10625
2 0.63515625 0.378125 0.034375 0.078125
2 0.33359375 0.73125 0.05625 0.1171875
2 0.62421875 0.1875 0.0296875 0.0671875