4 0.69375 0.84609375 0.025 0.0453125
4 0.653125 0.54375 0.015625 0.0484375
4 0.6078125 0.521875 0.0171875 0.0609375
4 0.10234375 0.93828125 0.0375 0.040625
9 0.68125 0.56953125 0.0375 0.1109375
9 0.59921875 0.86328125 0.071875 0.0875
9 0.6234375 0.45703125 0.025 0.1203125
9 0.3953125 0.62734375 0.03125 0.090625
9 0.378125 0.484375 0.0390625 0.084375
9 0.340625 0.4578125 0.0328125 0.06875
2 0.3203125 0.85390625 0.0390625 0.1171875
2 0.82421875 0.8046875 0.0625 0.059375
2 0.584375 0.47265625 0.0265625 0.0828125
2 0.6171875 0.359375 0.0265625 0.0765625
2 0.41953125 0.35 0.0265625 0.059375
9 0.578125 0.29375 0.0265625 0.0875
4 0.38984375 0.3578125 0.0140625 0.0375
4 0.3875 0.3265625 0.015625 0.053125
4 0.6296875 0.3125 0.0203125 0.046875