9 0.76953125 0.81953125 0.0484375 0.1
9 0.37734375 0.4734375 0.0453125 0.1171875
9 0.33671875 0.509375 0.04375 0.10625
2 0.403125 0.8734375 0.071875 0.0828125
2 0.40859375 0.41171875 0.0328125 0.0828125
2 0.36796875 0.37265625 0.034375 0.0765625
2 0.5796875 0.43046875 0.034375 0.0703125
2 0.63125 0.5078125 0.0421875 0.0875
2 0.54140625 0.96875 0.0578125 0.0625
4 0.60390625 0.27109375 0.025 0.0453125
4 0.60078125 0.33125 0.025 0.0484375
4 0.66875 0.53984375 0.025 0.0453125
4 0.69296875 0.625 0.0234375 0.053125
4 0.39765625 0.534375 0.021875 0.0546875
4 0.3578125 0.5625 0.0265625 0.0578125
4 0.75390625 0.86015625 0.0296875 0.0609375
4 0.78125 0.92578125 0.028125 0.0578125
4 0.97265625 0.8859375 0.040625 0.040625