9 0.69140625 0.871875 0.046875 0.1
9 0.3859375 0.44609375 0.04375 0.1171875
9 0.3390625 0.471875 0.0421875 0.10625
2 0.321875 0.8421875 0.0703125 0.08125
2 0.43125 0.39375 0.03125 0.0828125
2 0.4 0.346875 0.0328125 0.075
2 0.59296875 0.45 0.0328125 0.0703125
2 0.6265625 0.53671875 0.040625 0.0859375
2 0.434375 0.9671875 0.0578125 0.0625
4 0.653125 0.3 0.0234375 0.0453125
4 0.6359375 0.3578125 0.025 0.0484375
4 0.65546875 0.5765625 0.0234375 0.0453125
4 0.66015625 0.665625 0.0234375 0.053125
4 0.39296875 0.5109375 0.0203125 0.0546875
4 0.34765625 0.52890625 0.025 0.0578125
4 0.66640625 0.9078125 0.028125 0.0609375
4 0.678125 0.97421875 0.028125 0.0515625
4 0.8734375 0.98125 0.040625 0.0375