4 0.309375 0.6921875 0.01875 0.0578125
4 0.3234375 0.696875 0.0203125 0.059375
4 0.28359375 0.87578125 0.021875 0.0546875
4 0.6046875 0.52109375 0.0203125 0.046875
4 0.6484375 0.546875 0.01875 0.0578125
4 0.728125 0.80234375 0.03125 0.034375
4 0.84375 0.75234375 0.03125 0.0375
4 0.84453125 0.8078125 0.028125 0.034375
4 0.3296875 0.51875 0.0203125 0.04375
2 0.57734375 0.29453125 0.021875 0.071875
2 0.4046875 0.45 0.034375 0.084375
2 0.6140625 0.359375 0.0234375 0.0765625
2 0.3765625 0.8 0.0359375 0.103125
2 0.3265625 0.82421875 0.0390625 0.121875
2 0.5125 0.9625 0.0546875 0.075
9 0.62109375 0.46015625 0.0296875 0.115625
9 0.65625 0.440625 0.03125 0.0921875