2 0.628125 0.575 0.05 0.0828125
2 0.6875 0.62890625 0.0578125 0.10625
2 0.5328125 0.91875 0.0765625 0.0953125
2 0.35390625 0.39140625 0.0453125 0.0828125
2 0.3875 0.3703125 0.0390625 0.0703125
2 0.5359375 0.309375 0.0421875 0.0765625
4 0.64375 0.47109375 0.0328125 0.05625
4 0.68359375 0.52421875 0.0296875 0.0484375
4 0.61875 0.3625 0.025 0.053125
4 0.7296875 0.65234375 0.0296875 0.0546875
4 0.76953125 0.753125 0.03125 0.05625
4 0.40625 0.5453125 0.03125 0.05625
4 0.36640625 0.57890625 0.0265625 0.05
4 0.2140625 0.8640625 0.0359375 0.040625
4 0.11796875 0.87890625 0.0359375 0.0390625
4 0.096875 0.82890625 0.04375 0.0484375
9 0.3390625 0.51171875 0.0546875 0.0953125
9 0.371875 0.4890625 0.0578125 0.13125