9 0.27109375 0.85 0.0375 0.096875
9 0.61875 0.45859375 0.03125 0.1140625
9 0.66328125 0.4890625 0.03125 0.103125
2 0.64140625 0.85859375 0.0625 0.075
2 0.5796875 0.4015625 0.0234375 0.08125
2 0.615625 0.3578125 0.025 0.0734375
2 0.4125 0.440625 0.0265625 0.06875
2 0.3703125 0.5234375 0.03125 0.084375
2 0.51640625 0.97109375 0.0515625 0.0578125
4 0.36875 0.28515625 0.0203125 0.04375
4 0.3796875 0.34453125 0.0203125 0.046875
4 0.3375 0.56015625 0.0203125 0.04375
4 0.3234375 0.64765625 0.01875 0.0515625
4 0.60546875 0.521875 0.015625 0.053125
4 0.6484375 0.54453125 0.0203125 0.05625
4 0.2921875 0.88828125 0.0234375 0.059375
4 0.27265625 0.95703125 0.021875 0.05625
4 0.078125 0.940625 0.0375 0.0359375