2 0.49296875 0.22109375 0.0359375 0.0703125
2 0.5859375 0.61484375 0.0609375 0.1078125
2 0.42265625 0.3359375 0.0421875 0.0828125
9 0.375 0.37578125 0.05 0.096875
9 0.39296875 0.4296875 0.053125 0.115625
4 0.34609375 0.509375 0.03125 0.0578125
4 0.39296875 0.48984375 0.03125 0.05625
4 0.65078125 0.7078125 0.028125 0.0515625
4 0.625 0.865625 0.0328125 0.065625
4 0.6125 0.928125 0.0390625 0.0765625
4 0.3109375 0.80703125 0.0359375 0.0359375
4 0.20546875 0.73125 0.04375 0.053125
4 0.184375 0.78515625 0.0453125 0.04375
4 0.01171875 0.64609375 0.0234375 0.0421875