2 0.6015625 0.240625 0.0265625 0.0703125
2 0.38046875 0.57890625 0.0484375 0.1046875
2 0.62890625 0.371875 0.03125 0.08125
9 0.66015625 0.42578125 0.0375 0.0953125
9 0.625 0.4703125 0.0375 0.1140625
4 0.64140625 0.5609375 0.025 0.0578125
4 0.60390625 0.52734375 0.025 0.0546875
4 0.28671875 0.64375 0.021875 0.05
4 0.2578125 0.80078125 0.025 0.0640625
4 0.2484375 0.8640625 0.0296875 0.075
4 0.57265625 0.853125 0.0328125 0.03125
4 0.69765625 0.81796875 0.0375 0.05
4 0.69921875 0.87578125 0.0421875 0.0390625
4 0.92890625 0.8125 0.04375 0.0375