0 0.63125 0.46796875 0.0734375 0.15
2 0.55390625 0.8625 0.0625 0.121875
2 0.7109375 0.83671875 0.084375 0.0953125
2 0.86640625 0.96796875 0.0734375 0.0640625
2 0.4203125 0.4609375 0.0421875 0.0890625
2 0.4109375 0.340625 0.0421875 0.0875
2 0.60390625 0.3859375 0.0390625 0.0734375
9 0.45 0.353125 0.05 0.10625
9 0.3875 0.43515625 0.05 0.11875
9 0.21875 0.6484375 0.0921875 0.121875
9 0.07421875 0.70703125 0.0875 0.08125
4 0.79296875 0.99296875 0.0390625 0.0140625
4 0.3640625 0.46328125 0.03125 0.0546875
4 0.34296875 0.5171875 0.0265625 0.0515625
4 0.38671875 0.503125 0.034375 0.06875