0 0.378125 0.44140625 0.04375 0.1453125
2 0.371875 0.84375 0.0390625 0.115625
2 0.2234375 0.78515625 0.0703125 0.0828125
2 0.0421875 0.890625 0.0609375 0.0703125
2 0.5859375 0.478125 0.025 0.0859375
2 0.6203125 0.3625 0.0265625 0.084375
2 0.421875 0.36640625 0.0265625 0.0703125
9 0.5796875 0.36640625 0.028125 0.103125
9 0.6234375 0.46015625 0.0265625 0.115625
9 0.74453125 0.70390625 0.071875 0.109375
9 0.8734375 0.79140625 0.0765625 0.0671875
4 0.10625 0.93828125 0.03125 0.04375
4 0.0625 0.95390625 0.028125 0.034375
4 0.640625 0.4921875 0.021875 0.0515625
4 0.65 0.54921875 0.0171875 0.0484375
4 0.61015625 0.5265625 0.0203125 0.0671875