0 0.62890625 0.45859375 0.0640625 0.1484375
2 0.57890625 0.85859375 0.05625 0.1203125
2 0.734375 0.82109375 0.0796875 0.090625
2 0.89921875 0.95078125 0.06875 0.0765625
2 0.41796875 0.46640625 0.0359375 0.0890625
2 0.4 0.346875 0.0375 0.0859375
2 0.59609375 0.37890625 0.0359375 0.071875
9 0.43984375 0.35625 0.04375 0.10625
9 0.38359375 0.44375 0.0421875 0.11875
9 0.2296875 0.66796875 0.0859375 0.1171875
9 0.08984375 0.73671875 0.084375 0.0765625
4 0.82890625 0.9828125 0.0359375 0.034375
4 0.8703125 0.9953125 0.03125 0.009375
4 0.36171875 0.47265625 0.028125 0.0546875
4 0.34453125 0.528125 0.0234375 0.05
4 0.3875 0.5109375 0.0296875 0.06875