2 0.19609375 0.8140625 0.059375 0.0671875
2 0.065625 0.871875 0.0765625 0.0625
2 0.3078125 0.615625 0.0453125 0.084375
2 0.5875 0.4765625 0.0234375 0.084375
2 0.553125 0.446875 0.028125 0.08125
2 0.6203125 0.35859375 0.0265625 0.08125
9 0.5828125 0.3625 0.03125 0.103125
9 0.6265625 0.459375 0.028125 0.1140625
9 0.36484375 0.8765625 0.04375 0.1171875
9 0.321875 0.8765625 0.04375 0.125
9 0.40703125 0.55390625 0.0328125 0.090625
9 0.58515625 0.2671875 0.0265625 0.090625
0 0.37578125 0.45546875 0.040625 0.1390625
4 0.10703125 0.93046875 0.0328125 0.0421875
4 0.0640625 0.946875 0.0359375 0.04375
4 0.64609375 0.5125 0.01875 0.059375
4 0.65625 0.5453125 0.0203125 0.0578125
4 0.609375 0.52109375 0.0203125 0.05625
4 0.640625 0.3578125 0.015625 0.0515625