0 0.61640625 0.7578125 0.0984375 0.2109375
2 0.7515625 0.8859375 0.0859375 0.096875
2 0.5703125 0.69921875 0.0484375 0.1015625
2 0.41328125 0.3375 0.0390625 0.0796875
2 0.4203125 0.46015625 0.040625 0.078125
2 0.62890625 0.46640625 0.040625 0.0734375
4 0.796875 0.99296875 0.0375 0.0140625
4 0.340625 0.51171875 0.028125 0.053125
4 0.38984375 0.50078125 0.03125 0.0640625
4 0.02421875 0.65 0.0375 0.0453125
4 0.378125 0.40546875 0.0234375 0.05
9 0.3875 0.43359375 0.05 0.1171875
9 0.23046875 0.78671875 0.096875 0.09375
9 0.1109375 0.70703125 0.0859375 0.075
9 0.27890625 0.58203125 0.071875 0.1109375
9 0.671875 0.27734375 0.034375 0.05625
9 0.61953125 0.25546875 0.0390625 0.06875
9 0.45078125 0.3390625 0.046875 0.10625