0 0.65078125 0.76015625 0.0703125 0.1765625
2 0.709375 0.73046875 0.065625 0.0984375
2 0.83359375 0.875 0.065625 0.075
2 0.4140625 0.47109375 0.03125 0.0859375
2 0.3890625 0.35703125 0.0296875 0.0796875
2 0.453125 0.3875 0.028125 0.0796875
2 0.58359375 0.35859375 0.03125 0.0734375
9 0.37890625 0.4484375 0.0390625 0.1109375
9 0.06953125 0.75 0.084375 0.0625
9 0.4265625 0.3578125 0.0375 0.1
9 0.60859375 0.95078125 0.0515625 0.0984375
4 0.35625 0.50078125 0.01875 0.05625
4 0.3453125 0.5375 0.0203125 0.0515625
4 0.38828125 0.5265625 0.021875 0.053125
4 0.8609375 0.9625 0.040625 0.04375
4 0.9046875 0.98125 0.0296875 0.0359375