4 0.6515625 0.5515625 0.015625 0.0609375
4 0.646875 0.51015625 0.0203125 0.0578125
4 0.6078125 0.52734375 0.0203125 0.0546875
4 0.1078125 0.9359375 0.0296875 0.0421875
4 0.06328125 0.94765625 0.03125 0.040625
9 0.625 0.46171875 0.028125 0.1046875
9 0.58359375 0.3609375 0.028125 0.096875
9 0.78125 0.734375 0.0734375 0.0875
9 0.9625 0.778125 0.0703125 0.065625
0 0.3921875 0.32734375 0.040625 0.1296875
2 0.08359375 0.8796875 0.0640625 0.0734375
2 0.23828125 0.76796875 0.0640625 0.0953125
2 0.3953125 0.65 0.0390625 0.0953125
2 0.58671875 0.48046875 0.0234375 0.075
2 0.61875 0.3609375 0.025 0.0796875
2 0.55234375 0.3015625 0.028125 0.08125