4 0.884375 0.9390625 0.0390625 0.0421875
4 0.9296875 0.95625 0.03125 0.034375
4 0.38984375 0.52421875 0.01875 0.0546875
4 0.3546875 0.51328125 0.0171875 0.0515625
4 0.34609375 0.54375 0.0203125 0.05
9 0.3734375 0.45703125 0.034375 0.1171875
9 0.4203125 0.3609375 0.0296875 0.096875
9 0.61328125 0.7390625 0.0390625 0.115625
2 0.70390625 0.6703125 0.05 0.0921875
2 0.82421875 0.83515625 0.0625 0.071875
2 0.4125 0.47265625 0.028125 0.0796875
2 0.45 0.4234375 0.028125 0.0765625
2 0.38359375 0.35859375 0.0234375 0.08125