4 0.6578125 0.52734375 0.0234375 0.0625
4 0.646875 0.48671875 0.0296875 0.059375
4 0.6109375 0.51015625 0.028125 0.05625
4 0.18046875 0.984375 0.0359375 0.03125
4 0.1390625 0.99375 0.0375 0.0125
9 0.6171875 0.44296875 0.04375 0.10625
9 0.5609375 0.34921875 0.0421875 0.1
9 0.8140625 0.6875 0.0859375 0.0984375
9 0.9796875 0.70234375 0.040625 0.0765625
0 0.36640625 0.34609375 0.0609375 0.134375
2 0.1484375 0.93984375 0.075 0.0828125
2 0.28359375 0.80546875 0.078125 0.103125
2 0.4203125 0.66484375 0.053125 0.1
2 0.5828125 0.4671875 0.034375 0.078125
2 0.5953125 0.34375 0.0359375 0.0828125
2 0.5203125 0.29609375 0.040625 0.084375