4 0.1078125 0.93203125 0.0375 0.0421875
4 0.0625 0.9484375 0.03125 0.034375
4 0.609375 0.52578125 0.01875 0.0546875
4 0.6453125 0.515625 0.015625 0.0515625
4 0.653125 0.54609375 0.0203125 0.05
9 0.62734375 0.459375 0.0328125 0.1171875
9 0.58203125 0.3625 0.028125 0.096875
9 0.3828125 0.73671875 0.0375 0.115625
2 0.29296875 0.66640625 0.0484375 0.090625
2 0.1703125 0.8296875 0.0625 0.071875
2 0.58828125 0.47421875 0.0265625 0.0796875
2 0.5515625 0.42421875 0.028125 0.0765625
2 0.61875 0.3609375 0.0234375 0.0796875