9 0.27109375 0.63203125 0.0671875 0.11875
9 0.184375 0.7828125 0.0859375 0.0796875
9 0.04375 0.73203125 0.08125 0.0734375
9 0.38125 0.4484375 0.0421875 0.1171875
9 0.43359375 0.353125 0.0375 0.1015625
2 0.76484375 0.8390625 0.078125 0.090625
2 0.590625 0.51796875 0.0390625 0.08125
2 0.41640625 0.47109375 0.034375 0.0859375
2 0.396875 0.34765625 0.0359375 0.0890625
2 0.6234375 0.33984375 0.03125 0.0640625
4 0.846875 0.9765625 0.0375 0.0421875
4 0.8859375 0.9875 0.03125 0.025
4 0.38984375 0.51328125 0.0234375 0.0515625
4 0.34453125 0.5296875 0.0203125 0.0453125
4 0.36328125 0.44765625 0.0203125 0.0484375
0 0.63359375 0.5890625 0.065625 0.1703125