9 0.278125 0.64375 0.0609375 0.1171875
9 0.19921875 0.7984375 0.0828125 0.0765625
9 0.05625 0.75546875 0.078125 0.06875
9 0.37890625 0.4546875 0.0359375 0.115625
9 0.42578125 0.35703125 0.03125 0.1015625
2 0.78203125 0.82421875 0.0734375 0.0875
2 0.59140625 0.51328125 0.034375 0.0796875
2 0.415625 0.475 0.0296875 0.0859375
2 0.3890625 0.353125 0.03125 0.0875
2 0.61484375 0.33359375 0.028125 0.0640625
4 0.87109375 0.9578125 0.0359375 0.040625
4 0.9125 0.97421875 0.0296875 0.0390625
4 0.39140625 0.51953125 0.021875 0.0515625
4 0.34609375 0.53828125 0.0171875 0.0453125
4 0.3609375 0.45546875 0.01875 0.046875
0 0.63828125 0.58203125 0.0578125 0.16875