9 0.6265625 0.4578125 0.0296875 0.109375
9 0.35859375 0.59765625 0.0375 0.0984375
9 0.40234375 0.56796875 0.03125 0.0828125
9 0.4015625 0.34453125 0.025 0.0671875
9 0.5859375 0.2890625 0.0234375 0.0953125
9 0.5828125 0.3625 0.028125 0.0953125
4 0.65234375 0.49375 0.0109375 0.046875
4 0.6453125 0.51953125 0.0109375 0.046875
4 0.6546875 0.55 0.0125 0.046875
4 0.075 0.91953125 0.0359375 0.0390625
4 0.0609375 0.946875 0.0328125 0.0421875
4 0.1078125 0.93671875 0.0375 0.040625
2 0.16875 0.8328125 0.06875 0.071875
2 0.259375 0.74375 0.0484375 0.0765625
2 0.3640625 0.93125 0.04375 0.115625
2 0.58828125 0.475 0.021875 0.0671875
2 0.678125 0.53671875 0.028125 0.084375
2 0.6234375 0.359375 0.025 0.0765625
2 0.5578125 0.459375 0.0265625 0.0828125
2 0.36875 0.33671875 0.028125 0.065625
4 0.6109375 0.528125 0.0203125 0.0578125