4 0.0796875 0.92265625 0.0375 0.0375
4 0.06640625 0.94296875 0.0328125 0.0421875
4 0.10625 0.93046875 0.03125 0.0453125
4 0.653125 0.49921875 0.015625 0.046875
4 0.6421875 0.515625 0.0125 0.046875
4 0.65390625 0.55 0.01875 0.05
4 0.6109375 0.5265625 0.01875 0.053125
9 0.5875 0.2890625 0.0265625 0.0859375
9 0.41796875 0.43203125 0.025 0.08125
9 0.6265625 0.46015625 0.025 0.11875
9 0.58125 0.36796875 0.028125 0.084375
2 0.6203125 0.365625 0.0265625 0.0890625
2 0.5890625 0.47734375 0.03125 0.0796875
2 0.55625 0.45703125 0.028125 0.08125
2 0.7015625 0.61328125 0.04375 0.1046875
9 0.3765625 0.48671875 0.0328125 0.0875
2 0.1875 0.81953125 0.071875 0.08125
2 0.2765625 0.7140625 0.0453125 0.0890625
2 0.3296875 0.81953125 0.0421875 0.1109375
2 0.3875 0.72578125 0.034375 0.090625
2 0.38125 0.26640625 0.0265625 0.0609375