9 0.5875 0.3640625 0.025 0.103125
9 0.5890625 0.28671875 0.025 0.0953125
9 0.384375 0.434375 0.03125 0.0703125
9 0.6296875 0.4609375 0.0265625 0.1140625
2 0.621875 0.3609375 0.0265625 0.0796875
2 0.5875 0.47421875 0.025 0.0875
2 0.5578125 0.45703125 0.0234375 0.0859375
2 0.34921875 0.70234375 0.0359375 0.084375
2 0.2265625 0.78359375 0.0703125 0.0859375
2 0.40625 0.54765625 0.028125 0.0734375
2 0.340625 0.465625 0.028125 0.0609375
2 0.67890625 0.84765625 0.0640625 0.0734375
2 0.2828125 0.94609375 0.0453125 0.10625
2 0.9703125 0.7671875 0.059375 0.059375
2 0.43125 0.3375 0.0234375 0.0640625
4 0.378125 0.653125 0.0203125 0.0515625
4 0.65625 0.49765625 0.0109375 0.0375
4 0.64609375 0.515625 0.0171875 0.0484375
4 0.6546875 0.546875 0.015625 0.0515625
4 0.6109375 0.521875 0.0171875 0.053125
4 0.1078125 0.9328125 0.034375 0.0328125
4 0.0796875 0.91640625 0.0328125 0.0453125
4 0.0671875 0.9453125 0.0296875 0.034375