4 0.6421875 0.40546875 0.0140625 0.053125
4 0.64375 0.51171875 0.015625 0.0578125
4 0.6546875 0.55078125 0.015625 0.0515625
4 0.609375 0.525 0.01875 0.0703125
4 0.1078125 0.93515625 0.034375 0.046875
4 0.0640625 0.9453125 0.034375 0.040625
2 0.3265625 0.5453125 0.0390625 0.0765625
2 0.10625 0.86484375 0.0734375 0.0765625
2 0.21640625 0.79375 0.05625 0.0875
2 0.5875 0.4765625 0.0265625 0.078125
2 0.55703125 0.46015625 0.028125 0.09375
2 0.6203125 0.3609375 0.0265625 0.084375
2 0.65 0.30546875 0.0265625 0.075
9 0.34765625 0.725 0.040625 0.1203125
9 0.3921875 0.65625 0.034375 0.096875
9 0.42578125 0.3953125 0.028125 0.078125
9 0.58125 0.36484375 0.0234375 0.0875
9 0.62578125 0.46015625 0.028125 0.11875
9 0.5859375 0.278125 0.025 0.0953125
0 0.390625 0.346875 0.0375 0.1171875