4 0.89765625 0.94375 0.0390625 0.0390625
4 0.91015625 0.96484375 0.034375 0.04375
4 0.8703125 0.95078125 0.0328125 0.046875
4 0.346875 0.49140625 0.0171875 0.046875
4 0.35703125 0.5078125 0.015625 0.046875
4 0.34375 0.5421875 0.021875 0.0515625
4 0.3875 0.52109375 0.0203125 0.0546875
9 0.4234375 0.28515625 0.0296875 0.0875
9 0.58515625 0.43671875 0.0296875 0.08125
9 0.37578125 0.45390625 0.0296875 0.11875
9 0.42578125 0.3640625 0.0328125 0.084375
2 0.38671875 0.359375 0.03125 0.090625
2 0.4125 0.47265625 0.0359375 0.0796875
2 0.44609375 0.45390625 0.03125 0.08125
2 0.29296875 0.60234375 0.0484375 0.10625
9 0.62421875 0.49296875 0.0375 0.0890625
2 0.7953125 0.83515625 0.075 0.084375
2 0.71171875 0.72578125 0.05 0.090625
2 0.653125 0.828125 0.0484375 0.1125
2 0.60078125 0.73125 0.0390625 0.0921875
2 0.63046875 0.27265625 0.0296875 0.0625