0 0.4046875 0.25078125 0.0375 0.1078125
9 0.4125 0.47265625 0.03125 0.0828125
9 0.365625 0.5828125 0.0328125 0.09375
9 0.30625 0.91796875 0.04375 0.1453125
9 0.3578125 0.94296875 0.046875 0.1140625
9 0.625 0.4625 0.0265625 0.109375
9 0.5828125 0.3609375 0.025 0.0859375
9 0.5859375 0.2859375 0.028125 0.0953125
2 0.6203125 0.3578125 0.0265625 0.0734375
2 0.659375 0.390625 0.0234375 0.0734375
2 0.58828125 0.47421875 0.025 0.0765625
2 0.55625 0.4546875 0.0234375 0.090625
2 0.2359375 0.778125 0.05625 0.08125
2 0.1328125 0.85390625 0.071875 0.08125
2 0.3390625 0.48203125 0.0328125 0.075
4 0.6484375 0.4453125 0.015625 0.0484375
4 0.65546875 0.54765625 0.0140625 0.046875
4 0.6453125 0.509375 0.0171875 0.0609375
4 0.6078125 0.528125 0.0203125 0.0609375
4 0.1046875 0.9390625 0.0359375 0.0453125
4 0.0609375 0.94296875 0.03125 0.0453125