4 0.05859375 0.896875 0.0375 0.04375
4 0.0875 0.9109375 0.034375 0.04375
4 0.04140625 0.9203125 0.0375 0.0390625
4 0.653125 0.5046875 0.0171875 0.0421875
4 0.6453125 0.521875 0.0171875 0.05625
4 0.65546875 0.5546875 0.0203125 0.0546875
4 0.609375 0.534375 0.021875 0.0484375
2 0.56015625 0.4609375 0.03125 0.096875
2 0.5875 0.4765625 0.0296875 0.084375
2 0.63046875 0.36875 0.0296875 0.0796875
2 0.32734375 0.5171875 0.03125 0.0796875
2 0.41953125 0.4609375 0.028125 0.0671875
2 0.39921875 0.38125 0.03125 0.0640625
2 0.2984375 0.88359375 0.0453125 0.1203125
2 0.37734375 0.7171875 0.0375 0.109375
2 0.56015625 0.91953125 0.0671875 0.096875
2 0.86875 0.78046875 0.0734375 0.0703125
2 0.20546875 0.76953125 0.0765625 0.0875
9 0.3625 0.546875 0.0421875 0.09375
9 0.63125 0.46484375 0.03125 0.1078125
9 0.59140625 0.3640625 0.0328125 0.103125
9 0.60078125 0.290625 0.028125 0.0953125
2 0.45 0.2875 0.028125 0.0671875
2 0.628125 0.2671875 0.025 0.0625