0 0.41796875 0.24609375 0.0421875 0.109375
9 0.4140625 0.46796875 0.034375 0.0828125
9 0.36171875 0.57578125 0.0375 0.0953125
9 0.284375 0.90703125 0.05 0.146875
9 0.33515625 0.93515625 0.053125 0.115625
9 0.6265625 0.46875 0.03125 0.109375
9 0.58984375 0.365625 0.0296875 0.0875
9 0.596875 0.290625 0.0328125 0.0953125
2 0.62734375 0.3640625 0.0296875 0.075
2 0.66484375 0.39921875 0.028125 0.075
2 0.58984375 0.47890625 0.0296875 0.078125
2 0.55859375 0.4578125 0.028125 0.0921875
2 0.221875 0.7640625 0.059375 0.0828125
2 0.11484375 0.834375 0.075 0.084375
2 0.33984375 0.4734375 0.0359375 0.0765625
4 0.65078125 0.453125 0.0171875 0.0484375
4 0.653125 0.55546875 0.0171875 0.046875
4 0.64453125 0.5171875 0.0203125 0.0625
4 0.60625 0.53359375 0.0234375 0.0625
4 0.08203125 0.91796875 0.0375 0.046875
4 0.03828125 0.91953125 0.0328125 0.0453125