9 0.36875 0.478125 0.046875 0.1125
9 0.6546875 0.57421875 0.053125 0.103125
9 0.60703125 0.5515625 0.04375 0.0875
9 0.57265625 0.33125 0.034375 0.06875
9 0.38203125 0.30546875 0.0375 0.096875
9 0.396875 0.37734375 0.04375 0.0984375
4 0.3484375 0.51796875 0.01875 0.046875
4 0.359375 0.5421875 0.01875 0.0484375
4 0.3546875 0.5734375 0.01875 0.0484375
4 0.98203125 0.846875 0.0359375 0.04375
4 0.9921875 0.87265625 0.015625 0.0453125
4 0.95546875 0.8703125 0.0421875 0.0453125
2 0.87890625 0.7765625 0.0796875 0.08125
2 0.77578125 0.703125 0.0609375 0.0828125
2 0.7015625 0.9046875 0.0609375 0.1203125
2 0.40859375 0.4890625 0.03125 0.06875
2 0.3296875 0.5640625 0.040625 0.0875
2 0.35625 0.38046875 0.0359375 0.0796875
2 0.43671875 0.46875 0.0390625 0.084375
2 0.60390625 0.31796875 0.0375 0.06875
4 0.39453125 0.5453125 0.028125 0.059375