9 0.365625 0.5 0.0515625 0.109375
9 0.38515625 0.3921875 0.0515625 0.0984375
9 0.36640625 0.32265625 0.046875 0.0953125
2 0.35 0.3984375 0.0390625 0.0765625
2 0.434375 0.478125 0.04375 0.1
2 0.40703125 0.50546875 0.0421875 0.084375
2 0.3328125 0.3046875 0.0390625 0.0671875
2 0.66953125 0.6171875 0.0515625 0.0921875
2 0.56171875 0.91875 0.0765625 0.1046875
2 0.6125 0.375 0.0453125 0.0703125
4 0.98984375 0.82109375 0.0203125 0.0390625
4 0.97265625 0.840625 0.0421875 0.0421875
4 0.59453125 0.42578125 0.028125 0.0453125
4 0.35 0.54375 0.0234375 0.040625
4 0.36171875 0.553125 0.0296875 0.0546875
4 0.3578125 0.59296875 0.028125 0.05
4 0.39765625 0.5578125 0.0296875 0.05625
4 0.45234375 0.5640625 0.0328125 0.05625
4 0.14140625 0.84296875 0.040625 0.040625