9 0.621875 0.44296875 0.05 0.109375
9 0.55859375 0.35390625 0.05 0.0984375
9 0.5453125 0.2828125 0.0453125 0.0953125
2 0.59296875 0.34453125 0.0375 0.0765625
2 0.55078125 0.45234375 0.0421875 0.1
2 0.58671875 0.465625 0.040625 0.084375
2 0.56875 0.25234375 0.0375 0.0671875
2 0.3953125 0.678125 0.05 0.0921875
2 0.62109375 0.90546875 0.075 0.1046875
2 0.1375 0.96875 0.071875 0.0625
2 0.3453125 0.43359375 0.0453125 0.06875
4 0.1828125 0.990625 0.0375 0.01875
4 0.21484375 0.99375 0.0421875 0.0125
4 0.38359375 0.47265625 0.0265625 0.0453125
4 0.6546875 0.47578125 0.021875 0.040625
4 0.64765625 0.4890625 0.028125 0.0546875
4 0.66796875 0.52421875 0.028125 0.05
4 0.6171875 0.509375 0.0296875 0.05625
4 0.5703125 0.5375 0.0328125 0.05625
4 0.96953125 0.65859375 0.040625 0.040625