2 0.28671875 0.78984375 0.0765625 0.0984375
2 0.3765625 0.7625 0.0484375 0.1015625
2 0.41875 0.87578125 0.0484375 0.115625
2 0.38046875 0.47421875 0.0390625 0.075
2 0.37578125 0.36484375 0.0328125 0.0703125
2 0.5859375 0.46796875 0.03125 0.0796875
2 0.553125 0.453125 0.0390625 0.0875
2 0.60546875 0.34609375 0.0359375 0.084375
2 0.5875 0.25078125 0.0328125 0.06875
9 0.56875 0.35078125 0.0390625 0.0984375
9 0.621875 0.44375 0.040625 0.1140625
9 0.56328125 0.28203125 0.0375 0.09375
9 0.41328125 0.35625 0.034375 0.078125
2 0.38125 0.23671875 0.03125 0.05625
4 0.5875 0.94375 0.034375 0.0546875
4 0.16640625 0.978125 0.034375 0.0390625
4 0.1359375 0.965625 0.0375 0.0375
4 0.12578125 0.9875 0.0390625 0.025
4 0.3515625 0.4421875 0.0203125 0.046875
4 0.65390625 0.484375 0.021875 0.04375
4 0.64921875 0.4984375 0.0203125 0.0546875
4 0.6609375 0.5296875 0.025 0.059375
4 0.61328125 0.5140625 0.025 0.0578125
4 0.55859375 0.40234375 0.0203125 0.05