2 0.253125 0.76171875 0.065625 0.090625
2 0.3453125 0.7453125 0.0375 0.0984375
2 0.3734375 0.86328125 0.034375 0.1125
2 0.384375 0.46015625 0.03125 0.071875
2 0.39296875 0.35078125 0.025 0.06875
2 0.5890625 0.47890625 0.0234375 0.078125
2 0.55859375 0.46015625 0.0296875 0.084375
2 0.6234375 0.36015625 0.0265625 0.0828125
2 0.6171875 0.26328125 0.025 0.065625
9 0.58671875 0.36015625 0.028125 0.096875
9 0.628125 0.459375 0.028125 0.1109375
9 0.5890625 0.29140625 0.0265625 0.0921875
9 0.43125 0.346875 0.0265625 0.075
2 0.4140625 0.22421875 0.025 0.0546875
4 0.5328125 0.95078125 0.028125 0.0515625
4 0.1109375 0.93359375 0.03125 0.0359375
4 0.08203125 0.91796875 0.034375 0.034375
4 0.06953125 0.94296875 0.0359375 0.03125
4 0.359375 0.42421875 0.015625 0.046875
4 0.6546875 0.503125 0.0171875 0.0421875
4 0.6484375 0.51640625 0.0140625 0.053125
4 0.65625 0.54921875 0.01875 0.0578125
4 0.6109375 0.528125 0.01875 0.0546875
4 0.5703125 0.41015625 0.015625 0.0484375