4 0.98046875 0.821875 0.0390625 0.040625
4 0.9921875 0.8015625 0.015625 0.040625
4 0.35 0.53671875 0.021875 0.04375
4 0.36015625 0.546875 0.0234375 0.0453125
4 0.36328125 0.58828125 0.0296875 0.059375
4 0.396875 0.54609375 0.028125 0.05625
4 0.40078125 0.38203125 0.025 0.0484375
9 0.36328125 0.4890625 0.0515625 0.1125
9 0.3828125 0.38671875 0.0453125 0.0953125
9 0.36328125 0.3125 0.0453125 0.090625
9 0.5703125 0.44140625 0.0515625 0.0875
2 0.8171875 0.6984375 0.0859375 0.103125
2 0.7875 0.8859375 0.0671875 0.11875
2 0.64921875 0.55 0.05 0.0828125
2 0.61328125 0.43203125 0.04375 0.0734375
2 0.5484375 0.29375 0.04375 0.0703125
2 0.34609375 0.39453125 0.0453125 0.0859375
2 0.40546875 0.496875 0.04375 0.0859375
2 0.43125 0.47109375 0.0453125 0.0890625
4 0.68046875 0.53828125 0.025 0.046875
2 0.56796875 0.25 0.0359375 0.0578125
2 0.32734375 0.2984375 0.0375 0.0625