4 0.8640625 0.76640625 0.034375 0.0421875
4 0.60625 0.8515625 0.03125 0.0390625
4 0.1125 0.93671875 0.0375 0.0375
4 0.08671875 0.91796875 0.034375 0.0390625
4 0.06875 0.940625 0.034375 0.0375
4 0.57109375 0.51796875 0.015625 0.0421875
4 0.61171875 0.52890625 0.0203125 0.059375
4 0.6546875 0.50078125 0.0125 0.04375
4 0.6484375 0.51640625 0.0140625 0.046875
4 0.65390625 0.55 0.0171875 0.05
2 0.559375 0.46015625 0.025 0.0828125
2 0.59140625 0.47890625 0.025 0.08125
2 0.625 0.365625 0.025 0.0765625
2 0.7875 0.9625 0.075 0.075
2 0.3109375 0.63515625 0.04375 0.090625
2 0.40859375 0.58671875 0.0265625 0.078125
2 0.4015625 0.34296875 0.028125 0.059375
2 0.434375 0.3265625 0.025 0.053125
9 0.590625 0.28984375 0.028125 0.090625
9 0.584375 0.36796875 0.028125 0.09375
9 0.6296875 0.46328125 0.028125 0.10625
0 0.3765625 0.49921875 0.046875 0.1578125