0 0.39296875 0.37578125 0.04375 0.134375
2 0.55859375 0.46015625 0.0234375 0.0828125
2 0.590625 0.48046875 0.028125 0.084375
2 0.6234375 0.365625 0.025 0.075
2 0.33125 0.559375 0.0390625 0.078125
2 0.43125 0.409375 0.0265625 0.0671875
2 0.41328125 0.25859375 0.025 0.059375
9 0.5890625 0.29453125 0.0234375 0.0953125
9 0.6296875 0.46640625 0.028125 0.125
9 0.5859375 0.36796875 0.03125 0.09375
4 0.65625 0.50234375 0.0125 0.040625
4 0.646875 0.51953125 0.0171875 0.05
4 0.65625 0.55546875 0.01875 0.05
4 0.61171875 0.52578125 0.015625 0.0546875
4 0.5625 0.5359375 0.0203125 0.046875
4 0.7 0.796875 0.034375 0.0421875
4 0.33359375 0.796875 0.021875 0.053125
4 0.11328125 0.93515625 0.034375 0.040625
4 0.08515625 0.91796875 0.0390625 0.0390625
4 0.07109375 0.9453125 0.034375 0.040625