4 0.11484375 0.9390625 0.0375 0.0390625
4 0.0875 0.925 0.0390625 0.0359375
4 0.07109375 0.9484375 0.028125 0.03125
4 0.65625 0.509375 0.0140625 0.046875
4 0.6484375 0.52578125 0.0171875 0.0578125
4 0.6578125 0.55625 0.01875 0.0515625
4 0.6125 0.53359375 0.01875 0.05625
4 0.56015625 0.553125 0.021875 0.053125
4 0.40546875 0.31953125 0.0171875 0.0390625
9 0.5890625 0.371875 0.028125 0.09375
9 0.6296875 0.4671875 0.028125 0.109375
2 0.08125 0.87734375 0.0640625 0.0625
2 0.321875 0.86015625 0.040625 0.1078125
2 0.6328125 0.84296875 0.06875 0.075
2 0.590625 0.4828125 0.028125 0.0796875
2 0.559375 0.46953125 0.0265625 0.0890625
2 0.6265625 0.37265625 0.028125 0.0828125
2 0.384375 0.490625 0.0296875 0.0734375
2 0.375 0.334375 0.0296875 0.0703125
9 0.590625 0.2984375 0.0265625 0.0890625