4 0.11015625 0.92890625 0.0328125 0.034375
4 0.08359375 0.91484375 0.03125 0.034375
4 0.0671875 0.93671875 0.034375 0.040625
4 0.6546875 0.49921875 0.0125 0.04375
4 0.646875 0.51171875 0.0125 0.04375
4 0.65390625 0.55234375 0.015625 0.0578125
4 0.6109375 0.51953125 0.0171875 0.053125
4 0.56796875 0.36171875 0.0140625 0.046875
9 0.6296875 0.45625 0.0265625 0.109375
9 0.5859375 0.36171875 0.025 0.09375
9 0.5875 0.28515625 0.025 0.0875
9 0.41796875 0.46015625 0.0328125 0.0828125
2 0.240625 0.76953125 0.0671875 0.0890625
2 0.3140625 0.94375 0.040625 0.1125
2 0.3671875 0.584375 0.0328125 0.0765625
2 0.3734375 0.46171875 0.028125 0.06875
2 0.403125 0.31171875 0.0296875 0.065625
2 0.6234375 0.36015625 0.0265625 0.0828125
2 0.590625 0.47421875 0.0234375 0.0828125
2 0.559375 0.45546875 0.0265625 0.0859375
4 0.334375 0.58046875 0.015625 0.04375
2 0.3734375 0.27421875 0.0234375 0.0546875
2 0.61875 0.2625 0.0234375 0.059375