4 0.42890625 0.48046875 0.021875 0.053125
4 0.384375 0.51015625 0.025 0.053125
4 0.3453125 0.478125 0.0203125 0.0390625
4 0.35078125 0.49375 0.021875 0.0484375
4 0.3375 0.5265625 0.0234375 0.0515625
4 0.8140625 0.98203125 0.040625 0.0359375
4 0.84375 0.97578125 0.04375 0.046875
4 0.853125 0.99453125 0.034375 0.0109375
4 0.409375 0.95234375 0.040625 0.059375
4 0.2203125 0.75703125 0.034375 0.04375
2 0.67734375 0.72578125 0.0625 0.1046875
2 0.56640625 0.83671875 0.05 0.1015625
2 0.09296875 0.859375 0.078125 0.0859375
2 0.58515625 0.471875 0.034375 0.06875
2 0.61953125 0.46953125 0.040625 0.08125
2 0.44765625 0.45 0.0359375 0.0859375
2 0.4109375 0.465625 0.0390625 0.0828125
2 0.39765625 0.346875 0.0390625 0.0828125
2 0.625 0.28515625 0.0375 0.0640625
9 0.37578125 0.44453125 0.046875 0.1109375
9 0.434375 0.3515625 0.0421875 0.0953125
9 0.4421875 0.278125 0.040625 0.0953125
2 0.41953125 0.25 0.034375 0.065625
0 0.62265625 0.66484375 0.0734375 0.1765625