4 0.9390625 0.878125 0.0359375 0.0375
4 0.9640625 0.8609375 0.0359375 0.0375
4 0.98125 0.8796875 0.0375 0.04375
4 0.34609375 0.51796875 0.0171875 0.04375
4 0.35546875 0.5296875 0.01875 0.04375
4 0.35390625 0.57109375 0.021875 0.0578125
4 0.3921875 0.5328125 0.0234375 0.0546875
4 0.415625 0.37109375 0.0203125 0.046875
9 0.365625 0.47265625 0.0390625 0.1125
9 0.39765625 0.3734375 0.0359375 0.0953125
9 0.38671875 0.29765625 0.0359375 0.090625
9 0.5765625 0.45078125 0.0421875 0.0859375
2 0.790625 0.7359375 0.0765625 0.096875
2 0.73828125 0.91796875 0.0546875 0.1171875
2 0.6421875 0.5671875 0.0421875 0.0796875
2 0.62109375 0.446875 0.0359375 0.0703125
2 0.5734375 0.3015625 0.0359375 0.06875
2 0.36015625 0.3765625 0.0359375 0.084375
2 0.40703125 0.48515625 0.034375 0.084375
2 0.4359375 0.46328125 0.0359375 0.0890625
4 0.67421875 0.559375 0.0203125 0.0453125
2 0.5984375 0.26015625 0.03125 0.05625
2 0.353125 0.27890625 0.0296875 0.0609375