9 0.4296875 0.63046875 0.059375 0.10625
9 0.61640625 0.42890625 0.0515625 0.11875
9 0.5515625 0.346875 0.0453125 0.09375
9 0.5359375 0.27421875 0.0453125 0.0875
2 0.584375 0.3359375 0.040625 0.08125
2 0.5828125 0.45703125 0.0421875 0.08125
2 0.54765625 0.446875 0.04375 0.090625
2 0.3765625 0.62421875 0.046875 0.084375
2 0.3078125 0.83828125 0.0859375 0.103125
2 0.4046875 0.7671875 0.0578125 0.103125
2 0.3734375 0.4453125 0.0453125 0.0828125
2 0.32890625 0.37109375 0.0359375 0.059375
2 0.953125 0.68515625 0.08125 0.0734375
4 0.6484375 0.459375 0.021875 0.0453125
4 0.646875 0.478125 0.0234375 0.046875
4 0.66328125 0.51328125 0.025 0.0578125
4 0.61484375 0.4953125 0.028125 0.053125
4 0.378125 0.81953125 0.03125 0.0609375
4 0.19609375 0.9921875 0.0390625 0.015625
4 0.225 0.99375 0.04375 0.0125