4 0.88984375 0.7265625 0.0390625 0.0453125
4 0.6421875 0.83828125 0.0359375 0.0421875
4 0.16015625 0.975 0.040625 0.040625
4 0.1328125 0.95859375 0.0375 0.0421875
4 0.1171875 0.98125 0.0375 0.0375
4 0.57265625 0.51015625 0.0203125 0.0421875
4 0.6140625 0.5171875 0.0265625 0.0609375
4 0.65390625 0.484375 0.015625 0.04375
4 0.64921875 0.50078125 0.01875 0.0484375
4 0.65859375 0.53359375 0.021875 0.0515625
2 0.5546875 0.45390625 0.0328125 0.084375
2 0.5890625 0.46953125 0.0328125 0.0828125
2 0.61015625 0.353125 0.0328125 0.078125
2 0.834375 0.9296875 0.08125 0.0828125
2 0.32578125 0.65390625 0.0515625 0.0953125
2 0.41796875 0.59609375 0.034375 0.08125
2 0.3859375 0.35390625 0.034375 0.0609375
2 0.41640625 0.334375 0.0296875 0.0546875
9 0.56796875 0.28125 0.0359375 0.09375
9 0.5703125 0.36015625 0.0375 0.096875
9 0.625 0.45 0.0390625 0.109375
0 0.37734375 0.5125 0.0625 0.1609375