9 0.3828125 0.590625 0.053125 0.1046875
9 0.63515625 0.4828125 0.0453125 0.11875
9 0.609375 0.38125 0.0390625 0.09375
9 0.62421875 0.30859375 0.040625 0.0875
2 0.64453125 0.384375 0.0359375 0.08125
2 0.59296875 0.49453125 0.0375 0.08125
2 0.565625 0.47109375 0.0375 0.090625
2 0.33671875 0.56328125 0.0421875 0.084375
2 0.18671875 0.73125 0.08125 0.1
2 0.3046875 0.70546875 0.0515625 0.1015625
2 0.40703125 0.3984375 0.040625 0.08125
2 0.39609375 0.3125 0.0328125 0.059375
2 0.83828125 0.853125 0.078125 0.0703125
4 0.65234375 0.5234375 0.0203125 0.04375
4 0.64296875 0.53984375 0.0203125 0.0453125
4 0.64375 0.57890625 0.0203125 0.0578125
4 0.60703125 0.54296875 0.025 0.0515625
4 0.25859375 0.7421875 0.028125 0.0609375
4 0.01796875 0.83671875 0.0359375 0.0390625
4 0.00859375 0.8578125 0.0171875 0.04375
4 0.04140625 0.85546875 0.0421875 0.04375