4 0.58203125 0.46953125 0.025 0.0515625
4 0.603125 0.553125 0.0296875 0.0578125
4 0.65 0.5375 0.021875 0.0453125
4 0.63984375 0.54765625 0.0265625 0.053125
4 0.64140625 0.58203125 0.028125 0.0609375
4 0.54296875 0.86953125 0.04375 0.053125
4 0.0234375 0.83359375 0.0421875 0.0421875
4 0.0109375 0.81484375 0.021875 0.0453125
4 0.0109375 0.83359375 0.021875 0.0421875
4 0.43203125 0.275 0.025 0.0484375
2 0.221875 0.6765625 0.084375 0.10625
2 0.3734375 0.60234375 0.0515625 0.0890625
2 0.3515625 0.55234375 0.0515625 0.0890625
2 0.5921875 0.496875 0.0421875 0.0875
2 0.5671875 0.47265625 0.0421875 0.0890625
2 0.65 0.39609375 0.0421875 0.0796875
2 0.43515625 0.34140625 0.0453125 0.065625
2 0.81484375 0.9640625 0.0890625 0.071875
9 0.61640625 0.3828125 0.053125 0.103125
9 0.6359375 0.49140625 0.053125 0.1140625
9 0.634375 0.315625 0.04375 0.090625
0 0.25390625 0.78515625 0.1109375 0.2375