4 0.57265625 0.4515625 0.0140625 0.05
4 0.6125 0.52890625 0.01875 0.05625
4 0.6546875 0.503125 0.0125 0.04375
4 0.646875 0.51484375 0.015625 0.0515625
4 0.65625 0.5484375 0.015625 0.059375
4 0.625 0.85 0.034375 0.046875
4 0.1109375 0.93203125 0.0359375 0.0359375
4 0.0859375 0.91953125 0.0328125 0.0390625
4 0.06953125 0.9421875 0.0375 0.034375
4 0.3828125 0.29609375 0.0140625 0.046875
2 0.26875 0.734375 0.0640625 0.0953125
2 0.4 0.628125 0.0328125 0.084375
2 0.3671875 0.584375 0.034375 0.0828125
2 0.5890625 0.4765625 0.0234375 0.084375
2 0.559375 0.45859375 0.0234375 0.0859375
2 0.62265625 0.36484375 0.025 0.0765625
2 0.4015625 0.36015625 0.034375 0.059375
2 0.9125 0.88515625 0.078125 0.0625
9 0.58671875 0.359375 0.03125 0.0984375
9 0.63046875 0.4609375 0.028125 0.1109375
9 0.5890625 0.28984375 0.0234375 0.0875
0 0.32421875 0.83359375 0.0609375 0.23125