2 0.21875 0.725 0.078125 0.0984375
2 0.3125 0.72109375 0.05 0.103125
2 0.32421875 0.8421875 0.05 0.115625
2 0.39140625 0.44453125 0.040625 0.075
2 0.41484375 0.3375 0.034375 0.0703125
2 0.59140625 0.49140625 0.0328125 0.08125
2 0.56328125 0.46875 0.040625 0.0875
2 0.64140625 0.37890625 0.0375 0.084375
2 0.64921875 0.28203125 0.0328125 0.06875
9 0.60546875 0.3734375 0.040625 0.0984375
9 0.6328125 0.47734375 0.0421875 0.1140625
9 0.6171875 0.30546875 0.0375 0.09375
9 0.453125 0.3390625 0.0359375 0.078125
2 0.453125 0.21484375 0.0328125 0.05625
4 0.46953125 0.95078125 0.0359375 0.0546875
4 0.0546875 0.875 0.0359375 0.0390625
4 0.028125 0.85546875 0.0390625 0.0375
4 0.015625 0.87890625 0.03125 0.0359375
4 0.37109375 0.40546875 0.021875 0.0484375
4 0.653125 0.525 0.021875 0.04375
4 0.64453125 0.53671875 0.021875 0.0546875
4 0.64765625 0.5703125 0.025 0.059375
4 0.60625 0.54296875 0.025 0.0578125
4 0.58203125 0.42109375 0.021875 0.05