4 0.21484375 0.99296875 0.0453125 0.0140625
4 0.18515625 0.98984375 0.0453125 0.0203125
4 0.6546875 0.4765625 0.0234375 0.0484375
4 0.65078125 0.49453125 0.028125 0.059375
4 0.66640625 0.521875 0.0296875 0.0546875
4 0.6171875 0.509375 0.0296875 0.0578125
4 0.56953125 0.53984375 0.0328125 0.05625
4 0.3703125 0.34296875 0.025 0.0421875
9 0.56015625 0.35625 0.0453125 0.096875
9 0.6203125 0.440625 0.0515625 0.1125
2 0.16875 0.95625 0.075 0.075
2 0.40078125 0.8890625 0.0625 0.1140625
2 0.7015625 0.8078125 0.0828125 0.0875
2 0.58515625 0.4640625 0.04375 0.0828125
2 0.5515625 0.4578125 0.04375 0.0921875
2 0.59765625 0.34921875 0.04375 0.0859375
2 0.38515625 0.51484375 0.04375 0.078125
2 0.34296875 0.3640625 0.0421875 0.0734375
9 0.546875 0.284375 0.04375 0.0921875