2 0.2625 0.82421875 0.0671875 0.071875
9 0.36796875 0.47421875 0.034375 0.115625
9 0.40625 0.375 0.0296875 0.103125
9 0.4015625 0.3015625 0.0265625 0.084375
2 0.3703125 0.375 0.0296875 0.078125
2 0.40546875 0.48828125 0.0296875 0.078125
2 0.43828125 0.46796875 0.0296875 0.0796875
2 0.590625 0.34921875 0.025 0.0734375
2 0.64375 0.6046875 0.034375 0.0859375
2 0.9015625 0.8578125 0.0609375 0.075
4 0.92734375 0.90859375 0.0328125 0.0421875
4 0.89921875 0.92421875 0.0359375 0.0421875
4 0.9453125 0.9328125 0.0328125 0.034375
4 0.4421875 0.55078125 0.0234375 0.0390625
4 0.3875 0.53671875 0.0234375 0.0484375
4 0.34453125 0.5125 0.015625 0.0421875
4 0.35234375 0.52734375 0.0203125 0.0578125
4 0.3453125 0.56484375 0.0171875 0.0453125
2 0.60078125 0.253125 0.028125 0.0625