9 0.6 0.38125 0.040625 0.09375
9 0.63203125 0.4796875 0.0359375 0.1078125
9 0.61171875 0.30546875 0.0328125 0.0875
2 0.6375 0.384375 0.034375 0.0859375
2 0.59453125 0.49296875 0.0328125 0.0828125
2 0.56328125 0.471875 0.0296875 0.0796875
2 0.57578125 0.315625 0.028125 0.06875
2 0.41796875 0.5046875 0.0328125 0.0734375
2 0.37890625 0.68046875 0.0390625 0.090625
2 0.1203125 0.83046875 0.065625 0.06875
2 0.4125 0.27734375 0.03125 0.065625
4 0.6546875 0.521875 0.01875 0.0453125
4 0.6453125 0.5390625 0.0171875 0.0484375
4 0.65390625 0.5734375 0.021875 0.0546875
4 0.609375 0.5421875 0.021875 0.05
4 0.5578125 0.55234375 0.0296875 0.040625
4 0.05078125 0.88671875 0.0375 0.040625
4 0.0328125 0.9078125 0.025 0.03125
4 0.07734375 0.90234375 0.0359375 0.0390625