4 0.38046875 0.50859375 0.0296875 0.0640625
4 0.4265625 0.53671875 0.0328125 0.0515625
4 0.33203125 0.52421875 0.025 0.0484375
4 0.34296875 0.471875 0.021875 0.04375
4 0.34921875 0.4734375 0.0203125 0.028125
4 0.78359375 0.9921875 0.0390625 0.015625
4 0.815625 0.984375 0.046875 0.03125
2 0.44453125 0.45390625 0.0390625 0.0828125
2 0.41171875 0.46484375 0.0390625 0.084375
2 0.40234375 0.34921875 0.0390625 0.0765625
2 0.478125 0.31171875 0.040625 0.0765625
2 0.4296875 0.2515625 0.034375 0.0625
2 0.7390625 0.90234375 0.0703125 0.0765625
2 0.03515625 0.765625 0.0703125 0.071875
4 0.63359375 0.29296875 0.028125 0.046875
9 0.37734375 0.43828125 0.05 0.11875
9 0.4375 0.353125 0.046875 0.1
9 0.45 0.2859375 0.046875 0.10625