2 0.81328125 0.7515625 0.078125 0.0828125
9 0.62109375 0.440625 0.0546875 0.1171875
9 0.5578125 0.35546875 0.0484375 0.1046875
9 0.54375 0.2828125 0.0421875 0.0875
2 0.59296875 0.3453125 0.04375 0.08125
2 0.58828125 0.4640625 0.04375 0.08125
2 0.5515625 0.453125 0.04375 0.0828125
2 0.3734375 0.378125 0.0375 0.0765625
2 0.38828125 0.63828125 0.05 0.0890625
2 0.2046875 0.95 0.0734375 0.084375
4 0.1921875 0.990625 0.040625 0.01875
4 0.2234375 0.99453125 0.04375 0.0109375
4 0.56875 0.53359375 0.0296875 0.04375
4 0.61875 0.50625 0.0328125 0.0515625
4 0.653125 0.471875 0.0234375 0.04375
4 0.64921875 0.48828125 0.0296875 0.059375
4 0.66640625 0.52265625 0.025 0.046875
2 0.3390625 0.2875 0.0390625 0.065625