2 0.7484375 0.815625 0.0640625 0.0703125
9 0.63125 0.46953125 0.0296875 0.1140625
9 0.5890625 0.371875 0.0265625 0.1015625
9 0.59140625 0.2984375 0.0234375 0.084375
2 0.625 0.3703125 0.028125 0.0765625
2 0.59375 0.48515625 0.028125 0.0765625
2 0.5609375 0.465625 0.028125 0.0796875
2 0.40390625 0.35234375 0.021875 0.0734375
2 0.36015625 0.609375 0.03125 0.084375
2 0.1109375 0.871875 0.059375 0.0734375
4 0.0875 0.9234375 0.0328125 0.0421875
4 0.115625 0.93828125 0.0359375 0.040625
4 0.0703125 0.9484375 0.03125 0.034375
4 0.559375 0.5484375 0.021875 0.0390625
4 0.6140625 0.5328125 0.021875 0.0484375
4 0.65546875 0.50703125 0.0140625 0.0421875
4 0.6484375 0.521875 0.01875 0.0578125
4 0.65703125 0.559375 0.015625 0.04375
2 0.390625 0.25703125 0.0265625 0.0609375