9 0.38671875 0.39375 0.0515625 0.0953125
9 0.36640625 0.4953125 0.0484375 0.109375
9 0.36484375 0.3203125 0.0421875 0.0890625
2 0.35 0.4015625 0.04375 0.0875
2 0.4046875 0.50390625 0.0421875 0.084375
2 0.43359375 0.4796875 0.0390625 0.08125
2 0.40234375 0.32578125 0.0359375 0.0703125
2 0.58203125 0.49453125 0.040625 0.075
2 0.6421875 0.66484375 0.0484375 0.0921875
2 0.9171875 0.78203125 0.0734375 0.075
2 0.559375 0.26875 0.0390625 0.06875
4 0.34921875 0.540625 0.0234375 0.046875
4 0.36015625 0.55703125 0.021875 0.0484375
4 0.35625 0.5921875 0.028125 0.05625
4 0.396875 0.55546875 0.028125 0.0515625
4 0.4484375 0.55859375 0.0328125 0.04375
4 0.9859375 0.828125 0.028125 0.04375
4 0.96875 0.84765625 0.040625 0.0421875