4 0.5671875 0.54140625 0.0265625 0.04375
4 0.65625 0.4859375 0.0171875 0.0421875
4 0.6515625 0.49921875 0.0203125 0.053125
4 0.66875 0.53515625 0.0234375 0.046875
4 0.1578125 0.978125 0.040625 0.04375
4 0.190625 0.9859375 0.0375 0.028125
4 0.14609375 0.99609375 0.0359375 0.0078125
4 0.6171875 0.515625 0.025 0.0546875
2 0.41640625 0.46171875 0.0375 0.071875
2 0.38359375 0.7765625 0.05625 0.1015625
2 0.2171875 0.90234375 0.06875 0.0734375
2 0.66015625 0.8671875 0.071875 0.0859375
2 0.5875 0.47109375 0.0390625 0.0828125
2 0.553125 0.45703125 0.0375 0.09375
2 0.6046875 0.35078125 0.0359375 0.08125
2 0.53046875 0.3109375 0.03125 0.06875
2 0.4125 0.3375 0.034375 0.0578125
2 0.58125 0.25546875 0.03125 0.0609375
9 0.55859375 0.2828125 0.0390625 0.0921875
9 0.62734375 0.45546875 0.046875 0.11875
9 0.56796875 0.36484375 0.040625 0.09375