4 0.56015625 0.5515625 0.0203125 0.0421875
4 0.65625 0.51015625 0.0125 0.040625
4 0.65 0.52265625 0.0125 0.0515625
4 0.6609375 0.5609375 0.015625 0.04375
4 0.08671875 0.921875 0.034375 0.04375
4 0.11796875 0.93828125 0.0328125 0.0375
4 0.07109375 0.9484375 0.03125 0.03125
4 0.61328125 0.53359375 0.0171875 0.053125
2 0.4234375 0.44921875 0.028125 0.06875
2 0.3421875 0.7546875 0.040625 0.096875
2 0.1578125 0.853125 0.059375 0.065625
2 0.60078125 0.8875 0.0609375 0.078125
2 0.590625 0.48515625 0.028125 0.0796875
2 0.559375 0.465625 0.0234375 0.090625
2 0.6265625 0.36875 0.025 0.078125
2 0.559375 0.31796875 0.021875 0.0671875
2 0.4390625 0.32578125 0.0265625 0.0546875
2 0.61875 0.27109375 0.0234375 0.059375
9 0.5921875 0.29453125 0.0265625 0.0890625
9 0.6328125 0.47578125 0.0296875 0.115625
9 0.58828125 0.37734375 0.0265625 0.090625