4 0.81171875 0.303125 0.0453125 0.0484375
4 0.81640625 0.3546875 0.0421875 0.04375
2 0.73359375 0.09375 0.0484375 0.103125
2 0.67109375 0.0328125 0.0671875 0.065625
2 0.59140625 0.0359375 0.0421875 0.071875
2 0.534375 0.0203125 0.0375 0.040625
2 0.68984375 0.41484375 0.059375 0.1234375
13 0.47421875 0.846875 0.0796875 0.2078125
13 0.36171875 0.0859375 0.0609375 0.1359375
9 0.4109375 0.41796875 0.05625 0.134375
9 0.64375 0.17890625 0.0546875 0.1203125
9 0.6421875 0.43203125 0.0671875 0.140625
9 0.825 0.85 0.0859375 0.1828125