4 0.15859375 0.36015625 0.0390625 0.04375
4 0.16328125 0.41171875 0.0359375 0.0375
2 0.19921875 0.140625 0.03125 0.0984375
2 0.2484375 0.06171875 0.05625 0.0734375
2 0.328125 0.05234375 0.0296875 0.0828125
2 0.38046875 0.0265625 0.0296875 0.05
2 0.2984375 0.44921875 0.0390625 0.11875
13 0.5859375 0.83671875 0.0453125 0.2046875
13 0.5640625 0.06796875 0.0390625 0.1296875
9 0.5734375 0.40390625 0.034375 0.13125
9 0.30234375 0.20859375 0.034375 0.1171875
9 0.3484375 0.4578125 0.0453125 0.134375
9 0.240625 0.90078125 0.05625 0.1765625