2 0.64921875 0.54921875 0.0703125 0.14375
2 0.715625 0.49296875 0.0609375 0.1109375
2 0.71796875 0.15703125 0.053125 0.109375
2 0.44921875 0.41328125 0.0578125 0.11875
2 0.33203125 0.8625 0.071875 0.1546875
2 0.58984375 0.896875 0.075 0.16875
2 0.6796875 0.76171875 0.0703125 0.125
4 0.8640625 0.44453125 0.05 0.0578125
4 0.84453125 0.49296875 0.046875 0.05625
2 0.87578125 0.225 0.0546875 0.103125
2 0.84296875 0.13984375 0.06875 0.0828125
12 0.7671875 0.1953125 0.1265625 0.290625
12 0.3828125 0.4234375 0.1765625 0.4796875