4 0.15625 0.3640625 0.0375 0.05
4 0.1640625 0.41796875 0.0375 0.0390625
2 0.196875 0.14296875 0.03125 0.0953125
2 0.2453125 0.07109375 0.0546875 0.0703125
2 0.30625 0.25546875 0.0328125 0.0921875
2 0.371875 0.07890625 0.03125 0.10625
2 0.35859375 0.334375 0.0375 0.125
2 0.2859375 0.47890625 0.034375 0.10625
2 0.2703125 0.71171875 0.0453125 0.1296875
2 0.56875 0.21796875 0.0390625 0.1171875
9 0.3171875 0.91171875 0.04375 0.159375
12 0.6515625 0.7515625 0.0890625 0.496875
0 0.6203125 0.21484375 0.05 0.234375