4 0.8671875 0.446875 0.05 0.0578125
4 0.84921875 0.49453125 0.04375 0.05
9 0.72890625 0.46796875 0.065625 0.1390625
9 0.696875 0.1421875 0.0609375 0.1109375
2 0.85 0.1375 0.0734375 0.0875
2 0.8796875 0.2203125 0.053125 0.10625
2 0.77421875 0.1375 0.0515625 0.0859375
2 0.74609375 0.3015625 0.0546875 0.10625
2 0.6296875 0.63671875 0.0625 0.1265625
2 0.66484375 0.78828125 0.078125 0.159375
2 0.3859375 0.64453125 0.0734375 0.1515625
13 0.5203125 0.1578125 0.065625 0.1359375
0 0.25546875 0.8296875 0.128125 0.2515625