4 0.1796875 0.31328125 0.0453125 0.0546875
4 0.178125 0.3640625 0.040625 0.046875
9 0.3 0.384375 0.053125 0.1375
9 0.4515625 0.09453125 0.05 0.109375
2 0.3109375 0.0375 0.065625 0.075
2 0.25234375 0.0984375 0.04375 0.1046875
2 0.38203125 0.0609375 0.04375 0.084375
2 0.34609375 0.2234375 0.0453125 0.1046875
2 0.328125 0.578125 0.0515625 0.125
2 0.2390625 0.70546875 0.0625 0.1578125
2 0.5515625 0.6765625 0.059375 0.1515625
13 0.609375 0.175 0.053125 0.1359375
0 0.60390625 0.8859375 0.1046875 0.228125