12 0.57890625 0.21484375 0.1171875 0.3984375
12 0.265625 0.3171875 0.1375 0.3921875
2 0.1828125 0.1125 0.0640625 0.0796875
2 0.14375 0.19921875 0.05 0.096875
2 0.35234375 0.5890625 0.0625 0.128125
2 0.29921875 0.7109375 0.0625 0.1296875
2 0.5515625 0.38671875 0.05 0.1140625
2 0.71015625 0.81796875 0.065625 0.1609375
2 0.4953125 0.05703125 0.04375 0.09375
9 0.66015625 0.90390625 0.0671875 0.153125
9 0.3109375 0.16875 0.05 0.1234375
4 0.13828125 0.42109375 0.04375 0.05
4 0.1546875 0.465625 0.040625 0.0484375