12 0.42109375 0.21484375 0.1171875 0.3984375
12 0.734375 0.3171875 0.1375 0.3921875
2 0.8171875 0.1125 0.0640625 0.0796875
2 0.85625 0.19921875 0.05 0.096875
2 0.64765625 0.5890625 0.0625 0.128125
2 0.70078125 0.7109375 0.0625 0.1296875
2 0.4484375 0.38671875 0.05 0.1140625
2 0.28984375 0.81796875 0.065625 0.1609375
2 0.5046875 0.05703125 0.04375 0.09375
9 0.33984375 0.90390625 0.0671875 0.153125
9 0.6890625 0.16875 0.05 0.1234375
4 0.86171875 0.42109375 0.04375 0.05
4 0.8453125 0.465625 0.040625 0.0484375