4 0.17265625 0.32890625 0.0421875 0.053125
4 0.17421875 0.38359375 0.040625 0.0421875
2 0.2359375 0.11328125 0.040625 0.096875
2 0.29140625 0.046875 0.0625 0.075
2 0.3328125 0.23671875 0.0421875 0.09375
2 0.41640625 0.06796875 0.040625 0.1078125
2 0.3765625 0.3203125 0.05 0.128125
2 0.2890625 0.45703125 0.0453125 0.1078125
2 0.24921875 0.68671875 0.0578125 0.1328125
2 0.59765625 0.2265625 0.05 0.1203125
9 0.275 0.890625 0.0609375 0.1625
12 0.62421875 0.75703125 0.1390625 0.4859375
0 0.64921875 0.22890625 0.075 0.2390625