4 0.43125 0.79453125 0.021875 0.0703125
4 0.92421875 0.53359375 0.0328125 0.046875
2 0.61484375 0.471875 0.040625 0.1109375
2 0.565625 0.52265625 0.0359375 0.1171875
2 0.55 0.25546875 0.0375 0.11875
2 0.2640625 0.5453125 0.04375 0.1375
2 0.30859375 0.821875 0.0421875 0.1390625
2 0.3109375 0.06015625 0.0328125 0.1078125
2 0.54453125 0.0515625 0.028125 0.1
2 0.5984375 0.1390625 0.03125 0.096875
2 0.17734375 0.16171875 0.0359375 0.1046875
2 0.225 0.08046875 0.05 0.0703125
0 0.3171875 0.42890625 0.0546875 0.2203125
9 0.63671875 0.91953125 0.0515625 0.15625