2 0.1375 0.19921875 0.04375 0.1
2 0.17890625 0.1203125 0.059375 0.071875
2 0.4875 0.0515625 0.0390625 0.096875
2 0.53359375 0.3015625 0.0453125 0.1171875
2 0.56796875 0.5390625 0.0515625 0.125
2 0.6421875 0.6078125 0.0515625 0.1359375
2 0.615625 0.87109375 0.065625 0.16875
2 0.3234375 0.29140625 0.0453125 0.10625
9 0.3359375 0.50703125 0.0546875 0.14375
9 0.275 0.76484375 0.065625 0.1640625
9 0.35546875 0.915625 0.0640625 0.16875
4 0.46875 0.78203125 0.0296875 0.0734375
4 0.821875 0.54140625 0.0375 0.0484375
0 0.2921875 0.0890625 0.059375 0.134375