4 0.5109375 0.80234375 0.034375 0.071875
4 0.07734375 0.45234375 0.040625 0.0515625
2 0.39296875 0.45078125 0.0609375 0.1171875
2 0.43125 0.509375 0.0578125 0.1234375
2 0.49765625 0.25078125 0.059375 0.125
2 0.72265625 0.58984375 0.06875 0.14375
2 0.6265625 0.85234375 0.0671875 0.1453125
2 0.76953125 0.1046875 0.053125 0.1109375
2 0.5421875 0.0515625 0.046875 0.103125
2 0.471875 0.1265625 0.0484375 0.1015625
2 0.88125 0.2296875 0.0546875 0.109375
2 0.85 0.140625 0.0625 0.078125
0 0.69296875 0.46484375 0.0953125 0.2265625
9 0.2859375 0.8859375 0.0796875 0.1625