4 0.53203125 0.80078125 0.0296875 0.071875
4 0.075 0.48203125 0.0375 0.05
2 0.3890625 0.4578125 0.053125 0.115625
2 0.43203125 0.51484375 0.05 0.121875
2 0.48046875 0.2515625 0.0515625 0.1234375
2 0.72890625 0.5734375 0.059375 0.1421875
2 0.65078125 0.84296875 0.059375 0.14375
2 0.74140625 0.08671875 0.046875 0.1109375
2 0.509375 0.05 0.040625 0.1
2 0.44609375 0.1296875 0.0421875 0.1
2 0.86171875 0.20390625 0.0484375 0.1078125
2 0.82421875 0.1171875 0.0578125 0.075
0 0.68984375 0.4515625 0.0796875 0.225
9 0.31328125 0.9 0.0703125 0.1609375