2 0.60703125 0.2703125 0.03125 0.109375
2 0.5546875 0.41640625 0.04375 0.13125
2 0.6234375 0.64921875 0.0375 0.1125
2 0.5765625 0.71796875 0.04375 0.1390625
2 0.32421875 0.60546875 0.0421875 0.1171875
2 0.55 0.17890625 0.03125 0.109375
2 0.2828125 0.33046875 0.034375 0.121875
9 0.309375 0.89140625 0.046875 0.159375
4 0.43046875 0.77265625 0.0234375 0.0671875
4 0.8859375 0.54921875 0.0390625 0.040625
0 0.328125 0.29765625 0.0515625 0.2046875
2 0.2265625 0.08046875 0.05 0.0703125
2 0.1765625 0.16171875 0.0328125 0.109375