0 0.35625 0.15859375 0.0625 0.18125
2 0.32265625 0.12734375 0.0453125 0.1109375
2 0.34296875 0.41328125 0.0421875 0.109375
2 0.578125 0.14765625 0.0359375 0.1046875
2 0.565625 0.35078125 0.04375 0.1109375
2 0.61875 0.43359375 0.0484375 0.11875
2 0.55234375 0.61953125 0.046875 0.1390625
2 0.6125 0.9015625 0.053125 0.1359375
2 0.55703125 0.95078125 0.0453125 0.0984375
9 0.3109375 0.665625 0.05 0.153125
9 0.20234375 0.90703125 0.0625 0.15
4 0.4140625 0.7671875 0.0265625 0.075
4 0.84609375 0.5875 0.0375 0.0453125
2 0.20390625 0.1375 0.0390625 0.0953125
2 0.25625 0.0703125 0.059375 0.071875