4 0.24140625 0.89453125 0.053125 0.0484375
4 0.18828125 0.9 0.053125 0.059375
4 0.134375 0.9140625 0.0546875 0.0578125
4 0.07890625 0.91015625 0.0546875 0.05
4 0.70859375 0.2734375 0.05 0.0578125
9 0.8515625 0.30625 0.1140625 0.0859375
9 0.903125 0.3640625 0.1109375 0.0609375
9 0.0921875 0.84453125 0.1078125 0.096875
9 0.021875 0.25546875 0.04375 0.1203125
2 0.22890625 0.59140625 0.10625 0.078125
2 0.2546875 0.81640625 0.1109375 0.09375
0 0.90703125 0.44296875 0.1859375 0.1421875
0 0.13671875 0.69609375 0.24375 0.1640625