4 0.6390625 0.91015625 0.0578125 0.0625
4 0.71171875 0.928125 0.059375 0.0609375
4 0.77109375 0.93828125 0.053125 0.0546875
4 0.85859375 0.959375 0.05625 0.0578125
4 0.32109375 0.25 0.059375 0.0671875
9 0.1734375 0.26484375 0.1171875 0.096875
9 0.115625 0.31796875 0.1171875 0.08125
9 0.81953125 0.87734375 0.1296875 0.1140625
12 0.78984375 0.734375 0.340625 0.20625
0 0.1 0.3921875 0.19375 0.15625
2 0.6328125 0.5390625 0.1140625 0.1140625
2 0.55859375 0.78515625 0.1140625 0.1171875
2 0.8734375 0.659375 0.1109375 0.0890625