12 0.753125 0.646875 0.3484375 0.1390625
0 0.08671875 0.5046875 0.171875 0.1171875
9 0.125 0.3609375 0.1 0.075
9 0.084375 0.421875 0.1046875 0.0546875
9 0.78203125 0.77734375 0.1203125 0.0796875
9 0.96015625 0.55859375 0.0796875 0.0796875
2 0.3984375 0.765625 0.0921875 0.078125
2 0.503125 0.321875 0.059375 0.1109375
2 0.7328125 0.54921875 0.103125 0.0796875
4 0.2640625 0.3078125 0.04375 0.0515625
4 0.59375 0.846875 0.046875 0.05625
4 0.7234375 0.85078125 0.05 0.0546875
4 0.7921875 0.853125 0.04375 0.046875
4 0.87578125 0.85703125 0.05 0.0453125