0 0.08984375 0.48125 0.1796875 0.128125
9 0.1359375 0.34140625 0.103125 0.0796875
9 0.34375 0.62578125 0.1171875 0.0859375
9 0.28203125 0.7265625 0.115625 0.084375
9 0.50859375 0.75078125 0.1203125 0.1109375
9 0.91015625 0.65390625 0.13125 0.115625
9 0.08359375 0.6171875 0.109375 0.096875
9 0.08515625 0.403125 0.1109375 0.05625
2 0.6125 0.6609375 0.1046875 0.08125
2 0.7453125 0.76953125 0.1015625 0.0890625
4 0.27109375 0.296875 0.053125 0.046875
4 0.11484375 0.7828125 0.0890625 0.078125
13 0.70859375 0.5578125 0.1125 0.1