2 0.25859375 0.70703125 0.1125 0.10625
2 0.18125 0.8265625 0.1109375 0.10625
13 0.1828125 0.625 0.1265625 0.1015625
13 0.91796875 0.6734375 0.121875 0.103125
9 0.78515625 0.59609375 0.1234375 0.1046875
9 0.53515625 0.62421875 0.1265625 0.109375
9 0.41640625 0.771875 0.14375 0.121875
9 0.628125 0.715625 0.121875 0.10625
9 0.8453125 0.29375 0.1140625 0.0890625
9 0.896875 0.353125 0.109375 0.0734375
4 0.78203125 0.76015625 0.1109375 0.1046875
4 0.70390625 0.26640625 0.053125 0.065625
0 0.9046875 0.428125 0.190625 0.140625