4 0.68515625 0.86640625 0.05625 0.0609375
4 0.56640625 0.85546875 0.053125 0.059375
4 0.45859375 0.8390625 0.05 0.053125
4 0.9015625 0.88984375 0.046875 0.05
4 0.76171875 0.3453125 0.046875 0.05625
12 0.671875 0.66875 0.35625 0.175
12 0.93203125 0.24453125 0.1359375 0.1734375
0 0.90390625 0.5578125 0.1921875 0.146875
9 0.921875 0.4828125 0.1125 0.06875
9 0.88828125 0.41484375 0.109375 0.0765625
9 0.50625 0.3484375 0.0921875 0.14375
2 0.56796875 0.11875 0.05 0.1078125
2 0.21796875 0.63125 0.11875 0.103125
13 0.0984375 0.7203125 0.1234375 0.1
4 0.0265625 0.77421875 0.053125 0.0828125
9 0.8125 0.815625 0.109375 0.096875