4 0.73046875 0.30390625 0.04375 0.053125
9 0.86875 0.3515625 0.103125 0.075
9 0.9140625 0.4125 0.103125 0.0625
9 0.146875 0.6578125 0.1109375 0.0796875
9 0.07109375 0.58046875 0.1078125 0.0859375
9 0.5453125 0.6265625 0.1109375 0.11875
9 0.859375 0.734375 0.115625 0.103125
2 0.840625 0.64375 0.1046875 0.0875
2 0.60859375 0.7546875 0.0953125 0.08125
2 0.2984375 0.7671875 0.0984375 0.0875
2 0.05703125 0.78203125 0.0984375 0.0890625
13 0.50546875 0.259375 0.059375 0.1234375
0 0.9125 0.4875 0.175 0.13125