9 0.584375 0.4671875 0.1046875 0.1203125
9 0.253125 0.73046875 0.121875 0.0921875
9 0.15625 0.30625 0.109375 0.08125
9 0.09921875 0.36328125 0.1078125 0.0671875
2 0.82578125 0.72265625 0.115625 0.103125
2 0.5375 0.24140625 0.0640625 0.1203125
12 0.39375 0.62109375 0.3515625 0.184375
0 0.09296875 0.4390625 0.1859375 0.134375
13 0.884375 0.83203125 0.128125 0.10625
4 0.1203125 0.7734375 0.0546875 0.0546875
4 0.33828125 0.82578125 0.0546875 0.065625
4 0.42734375 0.84921875 0.0546875 0.0640625
4 0.53671875 0.8609375 0.053125 0.05
4 0.2953125 0.27265625 0.0546875 0.06875