4 0.2625 0.31171875 0.0421875 0.0515625
9 0.1265625 0.36484375 0.1 0.0703125
9 0.0828125 0.42734375 0.1015625 0.059375
9 0.85859375 0.6453125 0.1078125 0.0765625
9 0.93125 0.565625 0.10625 0.0828125
9 0.459375 0.628125 0.10625 0.115625
9 0.14921875 0.746875 0.1125 0.1
2 0.16484375 0.65546875 0.1015625 0.0828125
2 0.4 0.75859375 0.09375 0.078125
2 0.7109375 0.76015625 0.096875 0.084375
2 0.95234375 0.76640625 0.0953125 0.0859375
13 0.4859375 0.259375 0.0546875 0.1203125
0 0.08671875 0.5015625 0.171875 0.125