4 0.26015625 0.8328125 0.05 0.0546875
4 0.378125 0.840625 0.0484375 0.0546875
4 0.4875 0.84140625 0.0453125 0.046875
4 0.04296875 0.82265625 0.040625 0.0453125
4 0.265625 0.30625 0.0421875 0.0515625
12 0.30390625 0.63984375 0.34375 0.134375
12 0.0890625 0.17734375 0.16875 0.1546875
0 0.090625 0.49296875 0.18125 0.1265625
9 0.0859375 0.4171875 0.10625 0.05625
9 0.1296875 0.35546875 0.103125 0.0640625
9 0.5171875 0.34921875 0.075 0.1359375
2 0.49296875 0.11328125 0.0375 0.1046875
2 0.7578125 0.67421875 0.1078125 0.090625
13 0.8625 0.78046875 0.1140625 0.0859375
4 0.94609375 0.84921875 0.090625 0.0734375
9 0.1421875 0.7625 0.1 0.0859375