9 0.578125 0.4546875 0.0890625 0.1078125
9 0.2921875 0.76640625 0.1125 0.075
9 0.13046875 0.3625 0.1 0.0671875
9 0.0828125 0.42734375 0.1015625 0.0515625
2 0.85625 0.66875 0.1046875 0.0875
2 0.496875 0.2390625 0.046875 0.1140625
12 0.4140625 0.6359375 0.334375 0.1328125
0 0.0875 0.50390625 0.1734375 0.109375
13 0.93125 0.76796875 0.115625 0.0890625
4 0.16796875 0.8296875 0.0484375 0.0484375
4 0.39140625 0.846875 0.0453125 0.059375
4 0.4828125 0.85625 0.046875 0.0578125
4 0.59296875 0.85078125 0.046875 0.04375
4 0.2625 0.3078125 0.046875 0.0625