4 0.2328125 0.35078125 0.05 0.0578125
4 0.55703125 0.8390625 0.053125 0.059375
4 0.71328125 0.82890625 0.0609375 0.0609375
4 0.7875 0.8078125 0.0515625 0.04375
4 0.88203125 0.7875 0.053125 0.0640625
9 0.1078125 0.42421875 0.1140625 0.0921875
9 0.07890625 0.49921875 0.1140625 0.075
9 0.88515625 0.4953125 0.1203125 0.10625
9 0.73203125 0.734375 0.1265625 0.1046875
2 0.64765625 0.4921875 0.1125 0.115625
2 0.3 0.8046875 0.1125 0.096875
2 0.41796875 0.1984375 0.0625 0.1125
2 0.91171875 0.121875 0.0703125 0.0859375
12 0.7125 0.609375 0.365625 0.2
0 0.09375 0.56875 0.1875 0.153125