4 0.2625 0.30625 0.0421875 0.0515625
4 0.49765625 0.84375 0.0453125 0.0515625
4 0.653125 0.8609375 0.0515625 0.053125
4 0.7296875 0.853125 0.046875 0.0359375
4 0.8265625 0.84921875 0.04375 0.0578125
9 0.12734375 0.35703125 0.103125 0.075
9 0.08515625 0.42578125 0.10625 0.0578125
9 0.88046875 0.5625 0.10625 0.0890625
9 0.6875 0.77109375 0.1140625 0.0859375
2 0.646875 0.51796875 0.096875 0.1
2 0.25 0.765625 0.1015625 0.08125
2 0.471875 0.1890625 0.0453125 0.10625
2 0.97109375 0.19921875 0.0578125 0.0765625
12 0.690625 0.64453125 0.346875 0.1421875
0 0.08671875 0.496875 0.171875 0.125