0 0.0890625 0.503125 0.1765625 0.1203125
9 0.128125 0.3609375 0.1 0.075
9 0.35078125 0.63359375 0.1125 0.08125
9 0.29453125 0.7375 0.1109375 0.078125
9 0.521875 0.75 0.1140625 0.10625
9 0.91796875 0.63203125 0.125 0.109375
9 0.090625 0.6390625 0.10625 0.090625
9 0.08046875 0.425 0.1078125 0.05
2 0.62109375 0.6546875 0.1015625 0.0765625
2 0.759375 0.75625 0.0984375 0.084375
4 0.2609375 0.309375 0.0515625 0.0453125
4 0.13046875 0.80234375 0.0859375 0.0734375
13 0.71171875 0.546875 0.1078125 0.0953125