12 0.7234375 0.68828125 0.3671875 0.196875
0 0.09296875 0.43203125 0.1859375 0.1453125
9 0.1546875 0.29765625 0.1109375 0.090625
9 0.10390625 0.35078125 0.1109375 0.071875
9 0.7296875 0.821875 0.1328125 0.0984375
9 0.94296875 0.6375 0.0921875 0.0921875
2 0.35390625 0.74375 0.103125 0.0921875
2 0.534375 0.325 0.0765625 0.11875
2 0.72109375 0.5890625 0.115625 0.0953125
4 0.30078125 0.26953125 0.0515625 0.0578125
4 0.53203125 0.8578125 0.05625 0.0625
4 0.659375 0.884375 0.059375 0.0625
4 0.7265625 0.8984375 0.05 0.053125
4 0.8078125 0.9171875 0.05625 0.053125