4 0.9796875 0.20390625 0.040625 0.0609375
4 0.275 0.28828125 0.046875 0.0546875
4 0.790625 0.87265625 0.046875 0.053125
4 0.84296875 0.8828125 0.0484375 0.0546875
4 0.8953125 0.88125 0.05 0.046875
4 0.94921875 0.884375 0.05 0.0515625
2 0.815625 0.80703125 0.1 0.0828125
2 0.84609375 0.58203125 0.103125 0.078125
9 0.93046875 0.81328125 0.1 0.09375
9 0.13671875 0.32734375 0.1078125 0.0828125
9 0.0859375 0.3921875 0.109375 0.065625
0 0.0890625 0.4671875 0.178125 0.128125
12 0.8828125 0.675 0.2203125 0.1375