12 0.73046875 0.68046875 0.3640625 0.1859375
0 0.09140625 0.446875 0.1828125 0.140625
9 0.14765625 0.31015625 0.109375 0.0875
9 0.09921875 0.36484375 0.1109375 0.0671875
9 0.740625 0.8140625 0.1296875 0.0953125
9 0.94765625 0.621875 0.090625 0.090625
2 0.3625 0.74921875 0.1015625 0.090625
2 0.528125 0.32421875 0.0734375 0.11875
2 0.7234375 0.58125 0.1125 0.0921875
4 0.29296875 0.2765625 0.05 0.0578125
4 0.54453125 0.85625 0.0546875 0.0609375
4 0.67265625 0.878125 0.05625 0.0609375
4 0.73984375 0.890625 0.0484375 0.053125
4 0.82265625 0.90546875 0.05625 0.0515625