9 0.58359375 0.465625 0.103125 0.11875
9 0.25703125 0.73515625 0.1203125 0.0890625
9 0.153125 0.3125 0.1078125 0.0796875
9 0.096875 0.3703125 0.10625 0.065625
2 0.8296875 0.71640625 0.115625 0.1015625
2 0.53359375 0.24140625 0.0609375 0.11875
12 0.39609375 0.62265625 0.35 0.178125
0 0.09140625 0.4453125 0.1828125 0.13125
13 0.88984375 0.825 0.1265625 0.1046875
4 0.125 0.78046875 0.0546875 0.0546875
4 0.34453125 0.828125 0.053125 0.0640625
4 0.43359375 0.85078125 0.0546875 0.0625
4 0.54296875 0.86015625 0.053125 0.0484375
4 0.29140625 0.2765625 0.0546875 0.06875