12 0.553125 0.6296875 0.215625 0.5578125
9 0.65 0.1515625 0.084375 0.1640625
0 0.68515625 0.275 0.1109375 0.240625
0 0.203125 0.2421875 0.1953125 0.1609375
9 0.13046875 0.32109375 0.1375 0.1265625
9 0.17109375 0.425 0.14375 0.134375
9 0.8296875 0.65234375 0.1234375 0.096875
9 0.75390625 0.84140625 0.1390625 0.1125
2 0.7984375 0.75234375 0.125 0.1078125
4 0.69921875 0.90078125 0.0609375 0.0625
4 0.76015625 0.9421875 0.06875 0.059375
4 0.8234375 0.95546875 0.0640625 0.0671875
4 0.2390625 0.3375 0.05625 0.0515625
4 0.23046875 0.37265625 0.0578125 0.0546875