2 0.85 0.66953125 0.0984375 0.0828125
9 0.1015625 0.41953125 0.11875 0.09375
9 0.1609375 0.509375 0.1203125 0.109375
9 0.59375 0.1203125 0.0375 0.1375
9 0.85703125 0.56796875 0.1078125 0.078125
9 0.8328125 0.76484375 0.121875 0.090625
0 0.1484375 0.321875 0.1671875 0.1171875
9 0.51875 0.278125 0.0625 0.1625
0 0.63203125 0.41015625 0.059375 0.2578125
12 0.59140625 0.78984375 0.0921875 0.4203125
4 0.79296875 0.83984375 0.04375 0.046875
4 0.865625 0.86171875 0.05 0.04375
4 0.9234375 0.85703125 0.053125 0.0421875
4 0.20625 0.40546875 0.0453125 0.053125
4 0.2046875 0.43828125 0.046875 0.0515625