2 0.471875 0.68828125 0.075 0.1546875
2 0.153125 0.66015625 0.1046875 0.0875
9 0.0828125 0.4078125 0.0984375 0.1125
9 0.14765625 0.56328125 0.1109375 0.0765625
9 0.171875 0.7640625 0.121875 0.0984375
9 0.9046875 0.440625 0.11875 0.1078125
9 0.86484375 0.5265625 0.1234375 0.115625
9 0.39375 0.06484375 0.040625 0.1296875
4 0.8 0.42578125 0.0484375 0.04375
4 0.80078125 0.45546875 0.04375 0.04375
4 0.63125 0.30625 0.0234375 0.0609375
4 0.32265625 0.5265625 0.0328125 0.0609375
0 0.86171875 0.3421875 0.16875 0.1328125