4 0.3453125 0.70625 0.0234375 0.090625
4 0.34375 0.840625 0.021875 0.0875
4 0.7546875 0.44375 0.046875 0.059375
4 0.86171875 0.39765625 0.0421875 0.046875
4 0.421875 0.0828125 0.025 0.0515625
2 0.55 0.12265625 0.0359375 0.1015625
2 0.8484375 0.55546875 0.0984375 0.075
2 0.8234375 0.77890625 0.09375 0.078125
2 0.4703125 0.38125 0.0390625 0.115625
9 0.11328125 0.3578125 0.1046875 0.0734375
9 0.94609375 0.7828125 0.1078125 0.090625
0 0.6125 0.08046875 0.04375 0.159375
12 0.88828125 0.64375 0.2234375 0.13125