0 0.12265625 0.39453125 0.1859375 0.1578125
9 0.090625 0.4953125 0.13125 0.1171875
9 0.14375 0.57734375 0.1390625 0.128125
9 0.08671875 0.24453125 0.1125 0.11875
9 0.825 0.31953125 0.10625 0.09375
9 0.86171875 0.509375 0.121875 0.0921875
9 0.86796875 0.71640625 0.1328125 0.10625
4 0.3875 0.328125 0.034375 0.06875
4 0.1953125 0.46484375 0.05 0.0484375
4 0.2 0.5 0.0484375 0.0546875
4 0.8421875 0.7953125 0.05625 0.0609375
4 0.915625 0.80625 0.059375 0.0546875
2 0.87265625 0.6140625 0.1171875 0.09375
9 0.5453125 0.05859375 0.059375 0.1171875