0 0.634375 0.1171875 0.05625 0.2140625
0 0.1515625 0.3109375 0.1703125 0.1265625
9 0.1 0.40859375 0.11875 0.103125
9 0.1578125 0.503125 0.121875 0.115625
9 0.8578125 0.57265625 0.1140625 0.0875
9 0.82578125 0.778125 0.1203125 0.0921875
2 0.8453125 0.67421875 0.1015625 0.090625
12 0.571875 0.3890625 0.071875 0.4546875
4 0.21015625 0.4015625 0.04375 0.04375
4 0.21015625 0.43671875 0.0453125 0.046875
4 0.7875 0.85234375 0.05 0.053125
4 0.8578125 0.878125 0.0453125 0.046875
4 0.9171875 0.8640625 0.053125 0.05625