9 0.5765625 0.06328125 0.053125 0.1265625
9 0.178125 0.153125 0.0953125 0.103125
9 0.0921875 0.46796875 0.128125 0.115625
9 0.140625 0.55078125 0.1359375 0.1203125
9 0.85703125 0.5359375 0.1171875 0.0890625
9 0.85234375 0.7421875 0.1265625 0.1078125
9 0.9375 0.31640625 0.1 0.09375
2 0.86171875 0.63828125 0.1109375 0.096875
4 0.8953125 0.83203125 0.05625 0.053125
4 0.82109375 0.815625 0.0515625 0.0640625
4 0.196875 0.4421875 0.0484375 0.0484375
4 0.19921875 0.4796875 0.0453125 0.0453125
4 0.396875 0.08671875 0.0265625 0.0609375