4 0.284375 0.8921875 0.053125 0.0546875
4 0.22265625 0.93984375 0.0578125 0.05625
4 0.1609375 0.93515625 0.059375 0.0546875
4 0.76875 0.34296875 0.05 0.05625
4 0.77421875 0.3875 0.05625 0.0515625
0 0.30546875 0.20234375 0.09375 0.21875
9 0.34453125 0.09375 0.06875 0.1421875
0 0.80703125 0.25234375 0.190625 0.15625
9 0.871875 0.33671875 0.134375 0.125
9 0.83359375 0.4453125 0.1421875 0.134375
9 0.1640625 0.63828125 0.1203125 0.096875
9 0.234375 0.834375 0.1421875 0.1171875
2 0.190625 0.734375 0.121875 0.1078125
12 0.42890625 0.51015625 0.16875 0.5015625