0 0.1296875 0.3671875 0.178125 0.1421875
9 0.08828125 0.46640625 0.125 0.10625
9 0.1359375 0.5515625 0.1328125 0.121875
9 0.54140625 0.890625 0.0875 0.2171875
9 0.5765625 0.06328125 0.053125 0.1265625
9 0.85625 0.53671875 0.1140625 0.09375
9 0.84765625 0.74453125 0.13125 0.103125
2 0.85703125 0.63671875 0.115625 0.0890625
2 0.58515625 0.55703125 0.0875 0.13125
4 0.19609375 0.4484375 0.05 0.046875
4 0.19765625 0.47578125 0.046875 0.0515625
4 0.35859375 0.23515625 0.0234375 0.0515625
4 0.7484375 0.44375 0.0453125 0.0578125