0 0.86875 0.36796875 0.178125 0.146875
9 0.9078125 0.46640625 0.125 0.109375
9 0.8609375 0.55234375 0.1328125 0.1203125
9 0.89453125 0.21640625 0.10625 0.1125
9 0.16328125 0.34296875 0.1015625 0.0875
9 0.13984375 0.534375 0.1171875 0.084375
9 0.14765625 0.7421875 0.128125 0.1
4 0.60078125 0.3203125 0.0296875 0.06875
4 0.8015625 0.44375 0.046875 0.0453125
4 0.79921875 0.47890625 0.046875 0.053125
4 0.17890625 0.81796875 0.053125 0.0578125
4 0.10703125 0.834375 0.05625 0.0515625
2 0.13671875 0.63984375 0.1125 0.0875
9 0.42265625 0.0609375 0.0515625 0.121875