9 0.703125 0.1 0.0640625 0.1390625
9 0.4625 0.80859375 0.1 0.2046875
9 0.8296875 0.63984375 0.11875 0.090625
9 0.76640625 0.83125 0.1328125 0.1078125
9 0.11796875 0.3484375 0.1328125 0.1171875
9 0.13984375 0.4453125 0.1421875 0.13125
9 0.915625 0.49921875 0.1078125 0.09375
2 0.803125 0.734375 0.121875 0.1
0 0.184375 0.26328125 0.184375 0.1453125
12 0.3375 0.80625 0.140625 0.346875
4 0.2265625 0.359375 0.046875 0.0484375
4 0.21953125 0.3953125 0.0484375 0.0546875
4 0.71328125 0.8921875 0.0515625 0.0578125
4 0.8390625 0.934375 0.05625 0.0515625