9 0.6234375 0.06875 0.040625 0.134375
9 0.521875 0.81015625 0.0640625 0.196875
9 0.85 0.57421875 0.1078125 0.071875
9 0.825 0.77421875 0.11875 0.0875
9 0.09609375 0.42421875 0.1171875 0.096875
9 0.1359375 0.51484375 0.1234375 0.109375
9 0.9078125 0.4203125 0.0953125 0.0765625
2 0.8421875 0.671875 0.109375 0.08125
0 0.1453125 0.328125 0.165625 0.1171875
12 0.39921875 0.83125 0.078125 0.3375
4 0.2046875 0.4140625 0.0390625 0.0421875
4 0.2046875 0.45078125 0.040625 0.0484375
4 0.784375 0.84453125 0.04375 0.05
4 0.915625 0.86171875 0.05 0.04375