12 0.88828125 0.6171875 0.2234375 0.15
12 0.4171875 0.83125 0.103125 0.3375
0 0.58125 0.08046875 0.05625 0.1609375
2 0.45390625 0.20078125 0.04375 0.103125
2 0.5234375 0.121875 0.0484375 0.1015625
2 0.853125 0.5234375 0.103125 0.065625
2 0.846875 0.76015625 0.1015625 0.0921875
9 0.53125 0.74453125 0.078125 0.1984375
9 0.95390625 0.74765625 0.0921875 0.0890625
9 0.10546875 0.3890625 0.1125 0.075
4 0.36484375 0.565625 0.028125 0.075
4 0.87421875 0.37421875 0.0484375 0.0703125
4 0.36171875 0.69140625 0.025 0.0796875