0 0.62734375 0.11484375 0.053125 0.2125
0 0.1484375 0.3171875 0.16875 0.1234375
9 0.0984375 0.415625 0.1171875 0.1015625
9 0.1578125 0.509375 0.1203125 0.1140625
9 0.859375 0.56640625 0.1140625 0.0859375
9 0.83046875 0.77265625 0.11875 0.090625
2 0.8484375 0.66796875 0.1015625 0.0890625
12 0.5703125 0.3875 0.0640625 0.453125
4 0.20859375 0.40625 0.04375 0.04375
4 0.209375 0.44140625 0.04375 0.046875
4 0.79375 0.84765625 0.05 0.0515625
4 0.8640625 0.871875 0.04375 0.046875
4 0.9234375 0.85703125 0.053125 0.05625