4 0.2015625 0.4078125 0.0421875 0.046875
4 0.203125 0.4484375 0.0453125 0.053125
4 0.396875 0.5984375 0.0265625 0.08125
4 0.859375 0.871875 0.053125 0.0421875
4 0.78828125 0.846875 0.05 0.0515625
9 0.05078125 0.221875 0.0953125 0.08125
9 0.1015625 0.42109375 0.11875 0.103125
9 0.1359375 0.51484375 0.1234375 0.1078125
9 0.62265625 0.065625 0.0375 0.128125
9 0.7484375 0.40859375 0.0953125 0.084375
9 0.853125 0.57265625 0.10625 0.0671875
9 0.8234375 0.775 0.1203125 0.0953125
2 0.8453125 0.671875 0.10625 0.0828125
0 0.146875 0.33046875 0.1703125 0.11875
12 0.45625 0.090625 0.065625 0.178125