0 0.1484375 0.32109375 0.1734375 0.134375
9 0.421875 0.44921875 0.0921875 0.1515625
0 0.65546875 0.62890625 0.084375 0.3
9 0.10234375 0.41484375 0.11875 0.1046875
9 0.16484375 0.50546875 0.121875 0.10625
9 0.578125 0.41640625 0.04375 0.16875
9 0.85703125 0.56796875 0.115625 0.08125
9 0.834375 0.76640625 0.1265625 0.0953125
2 0.8515625 0.66796875 0.1078125 0.0921875
4 0.7953125 0.83984375 0.04375 0.046875
4 0.8640625 0.86640625 0.05 0.0390625
4 0.9265625 0.85546875 0.05625 0.05625
4 0.2078125 0.40390625 0.05 0.0453125
4 0.20625 0.43828125 0.0453125 0.04375