4 0.19375 0.4796875 0.0578125 0.0609375
4 0.1984375 0.5171875 0.053125 0.0546875
4 0.85625 0.771875 0.053125 0.05
4 0.94765625 0.778125 0.059375 0.05625
9 0.59921875 0.59609375 0.1046875 0.1578125
9 0.86015625 0.49609375 0.125 0.1015625
9 0.87578125 0.69609375 0.140625 0.109375
9 0.09296875 0.51640625 0.1390625 0.1234375
9 0.1484375 0.59453125 0.140625 0.13125
9 0.52109375 0.0578125 0.0640625 0.115625
12 0.4296875 0.58984375 0.1953125 0.515625
0 0.1140625 0.415625 0.1859375 0.146875
2 0.875 0.59296875 0.1234375 0.1078125