12 0.56875 0.171875 0.059375 0.340625
0 0.14765625 0.32421875 0.165625 0.1234375
9 0.1015625 0.42265625 0.1234375 0.096875
9 0.159375 0.5078125 0.125 0.0984375
9 0.6421875 0.571875 0.0515625 0.2
9 0.8609375 0.571875 0.109375 0.0796875
9 0.83046875 0.76953125 0.115625 0.096875
2 0.84921875 0.6703125 0.103125 0.0828125
4 0.20703125 0.40546875 0.046875 0.0421875
4 0.20625 0.440625 0.04375 0.0453125
4 0.9234375 0.86015625 0.0546875 0.0515625
4 0.86328125 0.87265625 0.0484375 0.0484375
4 0.79375 0.8453125 0.053125 0.046875