4 0.3984375 0.153125 0.021875 0.046875
4 0.203125 0.41328125 0.040625 0.040625
4 0.203125 0.446875 0.0453125 0.0421875
4 0.83515625 0.4265625 0.0421875 0.05
2 0.659375 0.4796875 0.0859375 0.1046875
2 0.840625 0.675 0.1046875 0.078125
9 0.84921875 0.5765625 0.109375 0.075
9 0.821875 0.7796875 0.121875 0.090625
9 0.5421875 0.71171875 0.0703125 0.1765625
9 0.6203125 0.06484375 0.0390625 0.1265625
9 0.0921875 0.42265625 0.1203125 0.096875
9 0.13125 0.5125 0.125 0.10625
0 0.1421875 0.328125 0.16875 0.128125
4 0.9328125 0.834375 0.0453125 0.053125