4 0.1359375 0.47421875 0.0515625 0.0484375
4 0.1390625 0.5125 0.046875 0.05
4 0.4171875 0.37578125 0.0484375 0.0734375
4 0.7453125 0.76875 0.046875 0.040625
4 0.815625 0.7796875 0.0484375 0.04375
4 0.87265625 0.7484375 0.053125 0.05625
9 0.0453125 0.50546875 0.0890625 0.0859375
9 0.09296875 0.59609375 0.13125 0.103125
9 0.79296875 0.4953125 0.109375 0.071875
9 0.9421875 0.659375 0.1109375 0.096875
9 0.7765625 0.69375 0.1140625 0.090625
2 0.7890625 0.596875 0.10625 0.0984375
2 0.9265625 0.565625 0.0875 0.0734375