0 0.1453125 0.32890625 0.1671875 0.125
9 0.09375 0.4234375 0.115625 0.09375
9 0.1328125 0.51328125 0.121875 0.109375
9 0.5 0.89296875 0.0671875 0.2109375
9 0.6234375 0.06796875 0.040625 0.134375
9 0.85078125 0.5734375 0.10625 0.0828125
9 0.8203125 0.7796875 0.1234375 0.090625
2 0.840625 0.6734375 0.1078125 0.078125
2 0.57890625 0.565625 0.075 0.1234375
4 0.203125 0.4171875 0.046875 0.04375
4 0.2015625 0.44453125 0.0421875 0.046875
4 0.38671875 0.221875 0.01875 0.05
4 0.753125 0.4703125 0.040625 0.0546875