4 0.14453125 0.41796875 0.0578125 0.05625
4 0.14140625 0.45625 0.053125 0.05625
4 0.4375 0.3640625 0.0578125 0.0796875
4 0.7 0.80390625 0.0515625 0.046875
4 0.76796875 0.82578125 0.0546875 0.05
4 0.82890625 0.80390625 0.0609375 0.0625
9 0.05 0.434375 0.1 0.0984375
9 0.0828125 0.53125 0.1453125 0.121875
9 0.78984375 0.54140625 0.11875 0.0875
9 0.91171875 0.7265625 0.1234375 0.1125
9 0.74296875 0.734375 0.128125 0.1078125
2 0.7703125 0.640625 0.1203125 0.1140625
2 0.9109375 0.63125 0.0984375 0.0859375