2 0.19609375 0.7390625 0.11875 0.1046875
12 0.515625 0.24375 0.146875 0.390625
0 0.81875 0.26328125 0.1875 0.15
9 0.8796875 0.34921875 0.1359375 0.121875
9 0.86015625 0.44921875 0.14375 0.134375
9 0.296875 0.0953125 0.0609375 0.1296875
9 0.34765625 0.5203125 0.103125 0.128125
9 0.16875 0.63671875 0.11875 0.09375
9 0.23515625 0.83125 0.13125 0.1046875
4 0.22109375 0.9328125 0.05 0.0484375
4 0.284375 0.89140625 0.0578125 0.0578125
4 0.775 0.3578125 0.0515625 0.0546875
4 0.7828125 0.39296875 0.05 0.053125