4 0.21328125 0.3734375 0.046875 0.0453125
4 0.209375 0.40390625 0.05 0.053125
0 0.13046875 0.27734375 0.1765625 0.140625
0 0.66171875 0.4875 0.1734375 0.20625
9 0.1046875 0.37265625 0.134375 0.11875
9 0.134375 0.4734375 0.13125 0.125
9 0.67578125 0.08359375 0.0578125 0.1328125
9 0.83828125 0.61328125 0.1140625 0.0875
9 0.7875 0.81171875 0.1296875 0.096875
2 0.49453125 0.06875 0.0453125 0.096875
2 0.51484375 0.1859375 0.0609375 0.1359375
2 0.81640625 0.7125 0.1125 0.0890625
4 0.29453125 0.85234375 0.0328125 0.06875