2 0.815625 0.72265625 0.115625 0.1
12 0.47109375 0.2453125 0.128125 0.390625
0 0.16953125 0.2796875 0.1828125 0.1421875
9 0.11328125 0.36875 0.1328125 0.1171875
9 0.1375 0.46796875 0.1390625 0.128125
9 0.68125 0.08515625 0.0546875 0.1296875
9 0.653125 0.51171875 0.0984375 0.125
9 0.83828125 0.61953125 0.115625 0.0890625
9 0.78203125 0.81640625 0.128125 0.1
4 0.80078125 0.91796875 0.0484375 0.046875
4 0.73515625 0.8796875 0.0546875 0.05625
4 0.21796875 0.371875 0.0484375 0.053125
4 0.2125 0.40859375 0.0484375 0.0515625