4 0.6546875 0.70625 0.025 0.090625
4 0.65625 0.840625 0.021875 0.0875
4 0.2453125 0.44375 0.046875 0.059375
4 0.13828125 0.39765625 0.0421875 0.046875
4 0.578125 0.0828125 0.025 0.0515625
2 0.45 0.12265625 0.034375 0.1015625
2 0.1515625 0.55546875 0.096875 0.075
2 0.1765625 0.77890625 0.09375 0.078125
2 0.5296875 0.38125 0.0375 0.115625
9 0.88671875 0.3578125 0.1046875 0.0734375
9 0.05390625 0.7828125 0.1078125 0.090625
0 0.3875 0.08046875 0.04375 0.159375
12 0.11171875 0.64375 0.2234375 0.13125