4 0.71953125 0.89453125 0.0515625 0.0515625
4 0.77890625 0.9328125 0.059375 0.0609375
4 0.84375 0.94140625 0.0671875 0.0625
4 0.23828125 0.34765625 0.0546875 0.0578125
4 0.225 0.3765625 0.0515625 0.053125
2 0.81015625 0.740625 0.121875 0.109375
2 0.63515625 0.4359375 0.071875 0.1640625
0 0.1984375 0.2515625 0.1953125 0.153125
9 0.12578125 0.33515625 0.1359375 0.1296875
9 0.165625 0.43359375 0.1359375 0.128125
9 0.11953125 0.6015625 0.1390625 0.153125
9 0.8390625 0.640625 0.1296875 0.10625
9 0.76953125 0.83125 0.1390625 0.1078125