2 0.15703125 0.66875 0.1078125 0.0828125
9 0.3890625 0.0625 0.040625 0.125
9 0.90546875 0.4296875 0.11875 0.103125
9 0.86796875 0.52109375 0.1171875 0.1140625
9 0.1515625 0.5671875 0.109375 0.0828125
9 0.17578125 0.76796875 0.128125 0.0984375
0 0.25390625 0.415625 0.1640625 0.1484375
0 0.87578125 0.33046875 0.1734375 0.1234375
4 0.79921875 0.41796875 0.0390625 0.0390625
4 0.79765625 0.45 0.0453125 0.0421875
4 0.653125 0.76171875 0.0265625 0.0609375
9 0.14921875 0.10859375 0.0796875 0.1046875
9 0.503125 0.90625 0.071875 0.1875