0 0.2953125 0.15 0.096875 0.21875
0 0.80625 0.2484375 0.190625 0.15625
9 0.875 0.33359375 0.1359375 0.1234375
9 0.83671875 0.43828125 0.140625 0.1359375
9 0.1625 0.63984375 0.128125 0.1078125
9 0.23359375 0.83515625 0.134375 0.1140625
2 0.19375 0.73671875 0.1171875 0.1078125
12 0.4078125 0.4046875 0.15625 0.45625
4 0.765625 0.34765625 0.0515625 0.0515625
4 0.771875 0.38203125 0.053125 0.0546875
4 0.28515625 0.90078125 0.059375 0.0609375
4 0.22109375 0.9390625 0.053125 0.0546875
4 0.16015625 0.9375 0.0625 0.065625