2 0.19609375 0.73125 0.11875 0.0984375
9 0.3078125 0.0921875 0.059375 0.13125
9 0.884375 0.35390625 0.1328125 0.1203125
9 0.86484375 0.45078125 0.1328125 0.13125
9 0.17109375 0.6328125 0.1203125 0.0984375
9 0.2328125 0.825 0.1421875 0.1171875
0 0.2421875 0.46484375 0.184375 0.171875
0 0.83671875 0.2625 0.190625 0.1484375
4 0.778125 0.3625 0.0453125 0.0453125
4 0.7828125 0.39375 0.0515625 0.0484375
4 0.70078125 0.728125 0.0359375 0.0640625
9 0.08046875 0.1828125 0.0953125 0.115625
9 0.58125 0.89921875 0.1 0.1953125