4 0.36015625 0.71640625 0.03125 0.0921875
4 0.36796875 0.85078125 0.0265625 0.0890625
4 0.75 0.42578125 0.0515625 0.0625
4 0.85390625 0.37265625 0.0453125 0.0484375
4 0.39296875 0.0890625 0.028125 0.053125
2 0.5234375 0.1203125 0.0421875 0.103125
2 0.8515625 0.53125 0.103125 0.08125
2 0.8421875 0.75546875 0.0984375 0.084375
2 0.46171875 0.38359375 0.046875 0.11875
9 0.1046875 0.38515625 0.109375 0.08125
9 0.95390625 0.75078125 0.0921875 0.0984375
0 0.58203125 0.0765625 0.0546875 0.153125
12 0.890625 0.615625 0.21875 0.146875