4 0.8 0.44609375 0.0546875 0.046875
4 0.79921875 0.4828125 0.0484375 0.053125
4 0.16171875 0.79765625 0.05625 0.0578125
4 0.0875 0.81015625 0.0609375 0.05
4 0.02890625 0.79765625 0.0578125 0.0640625
9 0.1359375 0.515625 0.1234375 0.0984375
9 0.13515625 0.721875 0.1328125 0.103125
9 0.40390625 0.61171875 0.06875 0.196875
9 0.9078125 0.471875 0.1375 0.115625
9 0.83359375 0.55625 0.1359375 0.1421875
2 0.12734375 0.6125 0.115625 0.0953125
0 0.871875 0.36875 0.1953125 0.1484375
0 0.2953125 0.74921875 0.1265625 0.3328125
9 0.64765625 0.54453125 0.121875 0.16875