2 0.84375 0.6765625 0.1046875 0.0859375
12 0.4359375 0.2515625 0.075 0.384375
0 0.1421875 0.328125 0.1671875 0.1203125
9 0.0984375 0.42421875 0.1203125 0.1015625
9 0.13671875 0.51875 0.125 0.1125
9 0.621875 0.0640625 0.0390625 0.125
9 0.653125 0.490625 0.0828125 0.1140625
9 0.8515625 0.57109375 0.10625 0.075
9 0.8234375 0.77421875 0.1171875 0.084375
4 0.85625 0.871875 0.04375 0.040625
4 0.7859375 0.84296875 0.0484375 0.05
4 0.203125 0.4125 0.04375 0.046875
4 0.20234375 0.44921875 0.0421875 0.046875