4 0.196875 0.47265625 0.05 0.05625
4 0.2015625 0.50234375 0.053125 0.05
4 0.85546875 0.77265625 0.0546875 0.05625
4 0.928125 0.78359375 0.059375 0.05625
4 0.97890625 0.7640625 0.0421875 0.05625
9 0.72109375 0.7578125 0.1 0.228125
9 0.0890625 0.50078125 0.1375 0.1171875
9 0.16875 0.5828125 0.1375 0.1296875
9 0.8640625 0.49296875 0.121875 0.0953125
9 0.878125 0.6953125 0.1359375 0.1171875
2 0.8765625 0.59453125 0.1171875 0.103125
0 0.11953125 0.4 0.1875 0.1578125
12 0.503125 0.19140625 0.140625 0.3828125