4 0.765625 0.3515625 0.05 0.05625
4 0.7734375 0.38125 0.053125 0.05
4 0.28671875 0.89375 0.0546875 0.05625
4 0.22421875 0.93359375 0.059375 0.05625
4 0.1640625 0.93984375 0.0546875 0.05625
9 0.403125 0.82578125 0.1 0.228125
9 0.87578125 0.33359375 0.1375 0.1171875
9 0.83671875 0.440625 0.1375 0.1296875
9 0.1640625 0.64140625 0.121875 0.0953125
9 0.234375 0.83203125 0.1359375 0.1171875
2 0.19453125 0.7390625 0.1171875 0.103125
0 0.80703125 0.253125 0.1875 0.1578125
12 0.3703125 0.21640625 0.140625 0.3921875