2 0.83984375 0.675 0.10625 0.08125
9 0.61875 0.06484375 0.0390625 0.1265625
9 0.09609375 0.42265625 0.1171875 0.1015625
9 0.13203125 0.51484375 0.115625 0.1125
9 0.846875 0.5734375 0.109375 0.08125
9 0.81953125 0.7734375 0.1265625 0.096875
0 0.74765625 0.4203125 0.1609375 0.146875
0 0.12734375 0.32421875 0.171875 0.121875
4 0.20234375 0.4125 0.0390625 0.0390625
4 0.203125 0.44453125 0.0453125 0.0421875
4 0.3421875 0.759375 0.025 0.0609375
9 0.8578125 0.11484375 0.078125 0.1046875
9 0.4890625 0.90703125 0.06875 0.1859375