0 0.09609375 0.5890625 0.1921875 0.153125
0 0.60234375 0.37734375 0.1 0.215625
12 0.89765625 0.5546875 0.2046875 0.171875
2 0.86171875 0.475 0.1125 0.090625
2 0.48125 0.45859375 0.0796875 0.125
2 0.88984375 0.7015625 0.1125 0.0984375
9 0.97578125 0.678125 0.0484375 0.1
9 0.475 0.1140625 0.0671875 0.128125
9 0.103125 0.4515625 0.1125 0.0890625
9 0.0734375 0.521875 0.1171875 0.0796875
4 0.98046875 0.753125 0.0390625 0.059375
4 0.934375 0.7640625 0.0546875 0.0546875
4 0.88515625 0.77734375 0.0609375 0.059375