0 0.91015625 0.53984375 0.1796875 0.1359375
0 0.38359375 0.39140625 0.0765625 0.2125
12 0.10390625 0.60546875 0.2078125 0.1484375
2 0.13828125 0.51953125 0.10625 0.0796875
2 0.51328125 0.45625 0.0671875 0.121875
2 0.1375 0.74765625 0.1046875 0.0875
9 0.034375 0.7390625 0.06875 0.090625
9 0.478125 0.11328125 0.053125 0.125
9 0.88828125 0.403125 0.10625 0.078125
9 0.92578125 0.4703125 0.1125 0.06875
4 0.04453125 0.8109375 0.053125 0.0546875
4 0.10078125 0.81484375 0.05 0.05
4 0.1515625 0.82265625 0.05625 0.0546875