2 0.8578125 0.55390625 0.103125 0.071875
2 0.8375 0.78359375 0.103125 0.075
2 0.5390625 0.29765625 0.0421875 0.1046875
9 0.12265625 0.35703125 0.103125 0.075
9 0.078125 0.425 0.103125 0.05625
9 0.9515625 0.78203125 0.096875 0.08125
0 0.6234375 0.2421875 0.05 0.2015625
0 0.08671875 0.49921875 0.171875 0.109375
12 0.89296875 0.64375 0.2140625 0.13125
4 0.8125 0.8546875 0.05 0.040625
4 0.8609375 0.84921875 0.046875 0.0546875
4 0.9328125 0.84921875 0.0484375 0.04375
4 0.86171875 0.08828125 0.0375 0.0546875