2 0.14453125 0.56640625 0.1046875 0.075
2 0.17265625 0.7953125 0.1046875 0.078125
2 0.45390625 0.29921875 0.0453125 0.1046875
9 0.871875 0.34375 0.10625 0.078125
9 0.91875 0.41015625 0.1046875 0.059375
9 0.05859375 0.79765625 0.0984375 0.084375
0 0.36796875 0.246875 0.05625 0.203125
0 0.9125 0.484375 0.175 0.115625
12 0.1125 0.65703125 0.21875 0.1390625
4 0.2 0.865625 0.0515625 0.0421875
4 0.1515625 0.86171875 0.0484375 0.05625
4 0.0796875 0.8640625 0.0484375 0.0453125
4 0.12421875 0.10078125 0.0390625 0.0546875