4 0.2265625 0.8890625 0.0546875 0.0515625
4 0.171875 0.89296875 0.0546875 0.0625
4 0.11640625 0.9 0.0546875 0.053125
2 0.95 0.66171875 0.090625 0.084375
2 0.15 0.5953125 0.0984375 0.0734375
2 0.19609375 0.81953125 0.1015625 0.0796875
9 0.07890625 0.83046875 0.103125 0.0984375
9 0.59765625 0.50859375 0.1 0.140625
9 0.46484375 0.378125 0.0734375 0.1359375
9 0.859375 0.32421875 0.109375 0.0890625
9 0.9046875 0.38515625 0.1109375 0.0703125
12 0.3390625 0.159375 0.0953125 0.290625
12 0.121875 0.68671875 0.221875 0.15
0 0.91015625 0.4609375 0.1796875 0.134375