4 0.85 0.10390625 0.034375 0.0671875
4 0.92421875 0.85390625 0.04375 0.0390625
4 0.8640625 0.85 0.046875 0.053125
4 0.81015625 0.859375 0.046875 0.046875
0 0.63359375 0.52421875 0.0609375 0.2296875
0 0.0859375 0.503125 0.171875 0.115625
12 0.89296875 0.65234375 0.2140625 0.1359375
2 0.8578125 0.55625 0.096875 0.0671875
2 0.834375 0.7859375 0.1015625 0.084375
2 0.4421875 0.5234375 0.0671875 0.1171875
9 0.125 0.359375 0.1015625 0.0734375
9 0.078125 0.425 0.103125 0.05
9 0.9515625 0.7890625 0.096875 0.0859375
9 0.5578125 0.178125 0.046875 0.1203125