4 0.8109375 0.859375 0.0484375 0.0484375
4 0.865625 0.85703125 0.04375 0.05625
4 0.9234375 0.85703125 0.05 0.05625
2 0.28125 0.64765625 0.084375 0.09375
2 0.859375 0.56171875 0.09375 0.0703125
2 0.8359375 0.7890625 0.09375 0.078125
9 0.95390625 0.7859375 0.0921875 0.084375
9 0.5234375 0.32109375 0.0625 0.13125
9 0.5578125 0.14921875 0.0375 0.1234375
9 0.12734375 0.36171875 0.096875 0.0765625
9 0.0796875 0.42421875 0.10625 0.0625
12 0.8953125 0.646875 0.209375 0.1390625
0 0.08671875 0.509375 0.171875 0.1296875
0 0.66484375 0.88828125 0.0765625 0.221875
12 0.62265625 0.09921875 0.0578125 0.196875