9 0.4109375 0.24921875 0.0703125 0.134375
9 0.37265625 0.09296875 0.05625 0.11875
9 0.85 0.3046875 0.109375 0.0875
9 0.90390625 0.365625 0.1125 0.075
9 0.09765625 0.85546875 0.1046875 0.0984375
2 0.1578125 0.615625 0.109375 0.084375
2 0.2125 0.8359375 0.1078125 0.0875
2 0.64296875 0.57265625 0.090625 0.10625
12 0.13515625 0.70703125 0.2328125 0.171875
0 0.3875 0.7109375 0.109375 0.2515625
0 0.9078125 0.4375 0.184375 0.146875
4 0.015625 0.26953125 0.03125 0.0703125
4 0.24296875 0.9015625 0.05 0.046875
4 0.19296875 0.9078125 0.0546875 0.0578125
4 0.13671875 0.91640625 0.053125 0.0546875