2 0.13984375 0.5609375 0.1015625 0.075
2 0.16640625 0.7921875 0.1 0.0765625
9 0.05234375 0.79296875 0.096875 0.0890625
9 0.87265625 0.35078125 0.1015625 0.0796875
9 0.9171875 0.41796875 0.10625 0.0546875
12 0.10859375 0.65390625 0.2140625 0.1375
12 0.3578125 0.4359375 0.096875 0.5171875
0 0.91171875 0.49296875 0.1765625 0.1328125
4 0.19375 0.8609375 0.053125 0.0515625
4 0.1375 0.859375 0.046875 0.0546875
4 0.0796875 0.8640625 0.0484375 0.0484375
4 0.49921875 0.33359375 0.028125 0.071875
4 0.9546875 0.2890625 0.0421875 0.046875