4 0.8125 0.85859375 0.05 0.046875
4 0.8671875 0.85625 0.05 0.0578125
4 0.9234375 0.8578125 0.05 0.0484375
2 0.06953125 0.7078125 0.0828125 0.0765625
2 0.8578125 0.55859375 0.0921875 0.0640625
2 0.8359375 0.7859375 0.0953125 0.0703125
9 0.953125 0.784375 0.09375 0.0890625
9 0.40390625 0.51875 0.0859375 0.1328125
9 0.521875 0.375 0.059375 0.13125
9 0.12421875 0.3625 0.1015625 0.078125
9 0.08515625 0.428125 0.1046875 0.059375
12 0.62421875 0.14453125 0.065625 0.2859375
12 0.8953125 0.64609375 0.209375 0.128125
0 0.08671875 0.50390625 0.171875 0.1171875