4 0.12109375 0.7921875 0.05625 0.0515625
4 0.078125 0.77890625 0.065625 0.0734375
4 0.021875 0.771875 0.04375 0.0625
4 0.01328125 0.75390625 0.0265625 0.0453125
4 0.77265625 0.35625 0.0484375 0.059375
12 0.41640625 0.50703125 0.165625 0.5140625
12 0.26640625 0.79609375 0.1578125 0.340625
12 0.1046875 0.57265625 0.209375 0.1765625
0 0.90234375 0.5796875 0.1953125 0.146875
9 0.92578125 0.503125 0.109375 0.0765625
9 0.89296875 0.4390625 0.1140625 0.0890625
9 0.02890625 0.69375 0.0578125 0.096875
2 0.11484375 0.71640625 0.115625 0.0984375
2 0.13515625 0.49296875 0.10625 0.0828125
2 0.4296875 0.1890625 0.0546875 0.121875