4 0.921875 0.39609375 0.05 0.05625
4 0.58203125 0.48828125 0.053125 0.0828125
4 0.109375 0.7671875 0.053125 0.05625
4 0.059375 0.753125 0.0609375 0.059375
4 0.0171875 0.74296875 0.034375 0.0609375
4 0.01328125 0.721875 0.0265625 0.05625
2 0.13984375 0.46640625 0.109375 0.084375
2 0.10625 0.69609375 0.1140625 0.103125
9 0.02734375 0.66953125 0.0546875 0.1046875
9 0.896875 0.45546875 0.1125 0.090625
9 0.92421875 0.52890625 0.125 0.09375
12 0.34765625 0.48515625 0.2234375 0.559375
12 0.10078125 0.54609375 0.2015625 0.1859375
0 0.89609375 0.60078125 0.203125 0.15625