4 0.81328125 0.85703125 0.05 0.0359375
4 0.865625 0.8546875 0.0515625 0.0484375
4 0.92109375 0.85546875 0.053125 0.0390625
4 0.975 0.8484375 0.0453125 0.0453125
4 0.2609375 0.30625 0.04375 0.046875
9 0.125 0.359375 0.1015625 0.071875
9 0.08046875 0.4203125 0.1015625 0.0625
9 0.9515625 0.78828125 0.096875 0.0828125
2 0.8359375 0.78828125 0.0984375 0.078125
2 0.85859375 0.5578125 0.0984375 0.065625
2 0.6515625 0.64921875 0.0515625 0.159375
12 0.89453125 0.6421875 0.2109375 0.1375
0 0.08671875 0.496875 0.171875 0.1203125