9 0.62109375 0.6296875 0.0921875 0.1953125
9 0.97734375 0.66875 0.0453125 0.1
9 0.10546875 0.4546875 0.115625 0.096875
9 0.07734375 0.528125 0.1140625 0.084375
0 0.09921875 0.596875 0.196875 0.1546875
12 0.89765625 0.54609375 0.2046875 0.1828125
2 0.86015625 0.46484375 0.109375 0.09375
2 0.64375 0.49609375 0.0828125 0.165625
2 0.8953125 0.696875 0.1125 0.1
4 0.21953125 0.3671875 0.05 0.0625
4 0.8875 0.76875 0.0546875 0.05
4 0.9359375 0.75546875 0.059375 0.0625
4 0.98203125 0.7453125 0.0359375 0.05625