4 0.25546875 0.25 0.0578125 0.0609375
4 0.1359375 0.6203125 0.071875 0.0875
4 0.73359375 0.9125 0.0546875 0.0515625
4 0.78203125 0.92109375 0.0546875 0.0671875
4 0.83828125 0.9328125 0.0578125 0.05625
4 0.8890625 0.93828125 0.0515625 0.0515625
2 0.83828125 0.63203125 0.1125 0.09375
2 0.765625 0.85078125 0.1140625 0.096875
9 0.16484375 0.28828125 0.1171875 0.0984375
9 0.11171875 0.34375 0.11875 0.084375
9 0.8828125 0.871875 0.1046875 0.0953125
2 0.71015625 0.121875 0.05625 0.1171875
12 0.640625 0.1546875 0.1109375 0.26875
12 0.61875 0.71796875 0.2375 0.5640625
12 0.8515625 0.7265625 0.240625 0.1765625
0 0.09921875 0.41484375 0.196875 0.14375