4 0.81953125 0.8515625 0.05 0.0375
4 0.871875 0.8484375 0.053125 0.05
4 0.92734375 0.8484375 0.053125 0.040625
4 0.97890625 0.83984375 0.0421875 0.0453125
4 0.2578125 0.31015625 0.04375 0.046875
9 0.12265625 0.365625 0.103125 0.0734375
9 0.07890625 0.42734375 0.103125 0.0640625
9 0.95390625 0.7796875 0.0921875 0.084375
2 0.840625 0.78203125 0.1 0.08125
2 0.859375 0.5515625 0.1 0.0671875
2 0.65390625 0.646875 0.053125 0.1609375
12 0.89453125 0.634375 0.2109375 0.140625
0 0.08671875 0.50390625 0.1734375 0.121875