4 0.80703125 0.8625 0.05 0.0375
4 0.859375 0.8609375 0.053125 0.05
4 0.91484375 0.8625 0.053125 0.040625
4 0.96875 0.85703125 0.0453125 0.0453125
4 0.2640625 0.30234375 0.04375 0.046875
9 0.12734375 0.353125 0.103125 0.0734375
9 0.08203125 0.41328125 0.103125 0.0640625
9 0.94609375 0.79609375 0.096875 0.084375
2 0.83046875 0.79375 0.1 0.08125
2 0.8578125 0.5640625 0.1 0.0671875
2 0.64921875 0.6515625 0.053125 0.1609375
12 0.8921875 0.64921875 0.2140625 0.140625
0 0.08671875 0.48984375 0.1734375 0.121875