0 0.90859375 0.55859375 0.1828125 0.1421875
12 0.32890625 0.60546875 0.1953125 0.6203125
12 0.10390625 0.5921875 0.2078125 0.1625
2 0.1375 0.50625 0.1046875 0.08125
2 0.128125 0.7359375 0.109375 0.084375
9 0.88984375 0.4140625 0.10625 0.0796875
9 0.925 0.48671875 0.1078125 0.065625
9 0.03203125 0.7203125 0.0640625 0.096875
4 0.0125 0.7828125 0.025 0.05
4 0.0359375 0.79453125 0.05625 0.0640625
4 0.08984375 0.7984375 0.0671875 0.0703125
4 0.14375 0.8140625 0.05625 0.059375
4 0.67265625 0.621875 0.05 0.0734375
4 0.85859375 0.35078125 0.0515625 0.046875