0 0.89921875 0.4078125 0.2015625 0.15625
12 0.384375 0.30703125 0.15625 0.4125
12 0.39921875 0.78125 0.2171875 0.4375
12 0.15390625 0.74296875 0.2359375 0.1734375
2 0.1640625 0.64453125 0.10625 0.0796875
2 0.2921875 0.1875 0.0625 0.115625
2 0.24375 0.859375 0.1140625 0.1
9 0.12890625 0.88984375 0.1078125 0.103125
9 0.82734375 0.275 0.1203125 0.0953125
9 0.8890625 0.33046875 0.115625 0.078125
4 0.70625 0.2453125 0.05 0.0578125
4 0.27578125 0.9265625 0.0515625 0.0546875
4 0.23359375 0.93671875 0.0578125 0.0625
4 0.1796875 0.94609375 0.059375 0.053125
4 0.125 0.953125 0.0578125 0.05625