2 0.34921875 0.28828125 0.053125 0.128125
2 0.15078125 0.59375 0.1046875 0.0796875
2 0.19765625 0.821875 0.1046875 0.0828125
9 0.0796875 0.8328125 0.1015625 0.090625
9 0.85703125 0.32265625 0.1015625 0.0796875
9 0.9171875 0.15859375 0.0984375 0.0984375
9 0.359375 0.12265625 0.053125 0.1265625
9 0.90546875 0.384375 0.1140625 0.06875
4 0.71875 0.28203125 0.0484375 0.05625
4 0.225 0.8859375 0.0578125 0.0484375
4 0.1734375 0.890625 0.0515625 0.0515625
4 0.11796875 0.89921875 0.0515625 0.0515625
4 0.065625 0.89765625 0.053125 0.05
12 0.1234375 0.69140625 0.2234375 0.15625
12 0.43828125 0.76171875 0.1421875 0.4765625
0 0.90859375 0.45703125 0.1828125 0.1390625