0 0.90546875 0.5796875 0.1890625 0.15
12 0.3234375 0.59609375 0.2265625 0.6203125
12 0.103125 0.5703125 0.20625 0.171875
2 0.13828125 0.48671875 0.1078125 0.084375
2 0.11640625 0.715625 0.1125 0.0890625
9 0.89375 0.43515625 0.109375 0.084375
9 0.925 0.50859375 0.1109375 0.0703125
9 0.02734375 0.6953125 0.0546875 0.1
4 0.0125 0.75546875 0.025 0.0515625
4 0.025 0.76875 0.05 0.065625
4 0.075 0.7765625 0.0703125 0.0734375
4 0.12734375 0.7953125 0.059375 0.0609375
4 0.66640625 0.63125 0.053125 0.075
4 0.865625 0.36953125 0.053125 0.0484375