0 0.90390625 0.44296875 0.1921875 0.1421875
12 0.4015625 0.29765625 0.121875 0.415625
12 0.37265625 0.7765625 0.1796875 0.446875
12 0.134375 0.7125 0.228125 0.1578125
2 0.15234375 0.6140625 0.103125 0.0734375
2 0.3203125 0.17109375 0.0546875 0.1140625
2 0.21328125 0.8359375 0.109375 0.09375
9 0.09609375 0.85625 0.1015625 0.096875
9 0.8453125 0.3046875 0.115625 0.0875
9 0.90234375 0.36484375 0.1125 0.0703125
4 0.72734375 0.26484375 0.046875 0.05625
4 0.23984375 0.9046875 0.0484375 0.0515625
4 0.196875 0.91171875 0.0546875 0.059375
4 0.1421875 0.91640625 0.05625 0.0484375
4 0.08671875 0.91875 0.0546875 0.053125