4 0.20859375 0.30625 0.0484375 0.0515625
4 0.16875 0.69375 0.05625 0.0765625
4 0.8140625 0.8546875 0.046875 0.04375
4 0.86328125 0.853125 0.04375 0.059375
4 0.92109375 0.853125 0.0484375 0.046875
4 0.971875 0.84765625 0.04375 0.04375
2 0.85859375 0.55859375 0.0984375 0.075
2 0.8328125 0.7875 0.1015625 0.078125
9 0.128125 0.3625 0.103125 0.078125
9 0.0875 0.428125 0.109375 0.0625
9 0.9515625 0.784375 0.090625 0.078125
2 0.62734375 0.08671875 0.034375 0.1125
12 0.565625 0.1328125 0.0578125 0.2625
12 0.665625 0.70546875 0.11875 0.5859375
12 0.890625 0.6484375 0.21875 0.134375
0 0.090625 0.5 0.178125 0.109375