9 0.5859375 0.65546875 0.0484375 0.1890625
9 0.95390625 0.7875 0.0921875 0.08125
9 0.128125 0.3609375 0.1 0.075
9 0.0828125 0.425 0.103125 0.0609375
0 0.0875 0.496875 0.175 0.1171875
12 0.89296875 0.6453125 0.2140625 0.134375
2 0.8578125 0.553125 0.09375 0.0734375
2 0.640625 0.53125 0.046875 0.159375
2 0.8359375 0.78671875 0.096875 0.0796875
4 0.26015625 0.303125 0.0375 0.0546875
4 0.8109375 0.8546875 0.046875 0.040625
4 0.8609375 0.853125 0.0484375 0.053125
4 0.91953125 0.8578125 0.0484375 0.046875
4 0.971875 0.84765625 0.0453125 0.04375