2 0.8359375 0.78828125 0.0984375 0.0765625
2 0.859375 0.56171875 0.09375 0.0671875
9 0.08046875 0.425 0.10625 0.05625
9 0.12578125 0.359375 0.1078125 0.065625
9 0.95 0.7875 0.0984375 0.08125
12 0.89296875 0.64765625 0.2140625 0.1296875
12 0.86796875 0.12421875 0.228125 0.246875
0 0.0875 0.503125 0.1734375 0.125
4 0.259375 0.30859375 0.046875 0.046875
4 0.8125 0.85859375 0.0421875 0.05
4 0.8609375 0.85703125 0.0515625 0.05625
4 0.91875 0.859375 0.05 0.04375
4 0.97421875 0.84765625 0.0453125 0.0625