2 0.17421875 0.8 0.1015625 0.0796875
2 0.14296875 0.57421875 0.0953125 0.071875
9 0.91640625 0.41015625 0.1078125 0.059375
9 0.86875 0.34609375 0.109375 0.06875
9 0.06015625 0.803125 0.1 0.084375
12 0.1125 0.6609375 0.21875 0.1375
12 0.11953125 0.1375 0.2359375 0.253125
0 0.91171875 0.4890625 0.1765625 0.13125
4 0.73359375 0.3 0.0484375 0.0484375
4 0.2 0.86953125 0.04375 0.0515625
4 0.1515625 0.86953125 0.053125 0.0578125
4 0.09375 0.8734375 0.05 0.0453125
4 0.03828125 0.8640625 0.046875 0.0640625