4 0.28828125 0.27734375 0.05 0.05625
4 0.76875 0.8890625 0.05 0.05625
4 0.82109375 0.8953125 0.0546875 0.0578125
4 0.8765625 0.903125 0.05625 0.059375
4 0.92890625 0.90703125 0.05 0.05
2 0.796875 0.82265625 0.1078125 0.084375
2 0.84609375 0.60078125 0.10625 0.0765625
9 0.14453125 0.3125 0.109375 0.084375
9 0.0921875 0.371875 0.109375 0.065625
9 0.9140625 0.83359375 0.1046875 0.096875
12 0.871875 0.69296875 0.228125 0.1546875
0 0.09140625 0.44921875 0.1828125 0.1359375
4 0.90859375 0.1375 0.0390625 0.0609375