0 0.0859375 0.5046875 0.1703125 0.121875
9 0.125 0.36171875 0.1 0.06875
9 0.078125 0.42421875 0.1078125 0.0546875
9 0.953125 0.7890625 0.09375 0.0859375
12 0.88984375 0.65390625 0.2203125 0.1296875
2 0.85625 0.56171875 0.0984375 0.0703125
2 0.83515625 0.78515625 0.096875 0.0828125
2 0.58125 0.5140625 0.0484375 0.1453125
4 0.2578125 0.30859375 0.046875 0.05625
4 0.8125 0.8578125 0.05 0.046875
4 0.8671875 0.85390625 0.0421875 0.05625
4 0.9234375 0.8578125 0.046875 0.0625
4 0.9734375 0.8515625 0.0453125 0.0453125