12 0.80859375 0.5328125 0.271875 0.1328125
9 0.75625 0.40546875 0.0953125 0.1
9 0.7953125 0.45546875 0.0953125 0.0828125
9 0.1625 0.35546875 0.0859375 0.065625
9 0.17734375 0.40546875 0.0765625 0.053125
9 0.059375 0.425 0.0890625 0.0625
9 0.09609375 0.4796875 0.0875 0.06875
9 0.44375 0.9140625 0.05625 0.171875
2 0.690625 0.49609375 0.071875 0.0609375
2 0.8953125 0.45 0.078125 0.05625
2 0.38046875 0.93359375 0.0484375 0.1328125
4 0.2078125 0.45703125 0.0328125 0.04375
4 0.19296875 0.490625 0.0359375 0.04375
4 0.69765625 0.39140625 0.034375 0.040625
4 0.66171875 0.41953125 0.0421875 0.0375
4 0.69609375 0.61328125 0.040625 0.046875
4 0.6609375 0.6234375 0.0359375 0.040625