4 0.63046875 0.4265625 0.03125 0.05
13 0.8984375 0.4171875 0.090625 0.0828125
9 0.8015625 0.42734375 0.0828125 0.0625
9 0.69453125 0.446875 0.0921875 0.0671875
9 0.78203125 0.48828125 0.0828125 0.0625
9 0.7421875 0.5765625 0.0984375 0.071875
9 0.95625 0.5484375 0.0875 0.1
9 0.2140625 0.31484375 0.0921875 0.0875
9 0.1109375 0.325 0.090625 0.078125
9 0.046875 0.45859375 0.0828125 0.0640625
2 0.1015625 0.3953125 0.0765625 0.0625
2 0.20234375 0.39140625 0.0671875 0.0609375
2 0.6875 0.50390625 0.0765625 0.0640625
2 0.853125 0.565625 0.0875 0.0671875
2 0.89609375 0.48515625 0.0765625 0.059375
2 0.4359375 0.8890625 0.0484375 0.15625
0 0.14921875 0.44296875 0.1390625 0.103125