4 0.79609375 0.534375 0.046875 0.0484375
4 0.3515625 0.3828125 0.0390625 0.0421875
4 0.3140625 0.57890625 0.04375 0.04375
9 0.2796875 0.246875 0.0875 0.0734375
9 0.2109375 0.39375 0.1015625 0.0953125
9 0.6125 0.090625 0.0546875 0.1125
9 0.85390625 0.40703125 0.096875 0.0828125
9 0.8359375 0.45859375 0.084375 0.071875
9 0.521875 0.68046875 0.0765625 0.159375
2 0.56640625 0.10703125 0.053125 0.0953125
2 0.3078125 0.45078125 0.084375 0.0796875
2 0.1140625 0.37265625 0.0859375 0.0625
2 0.10703125 0.23125 0.0890625 0.0765625
12 0.184375 0.471875 0.2796875 0.1734375
0 0.096875 0.14921875 0.0859375 0.115625