4 0.36796875 0.65859375 0.04375 0.0484375
4 0.3140625 0.46953125 0.046875 0.0515625
4 0.775 0.396875 0.0453125 0.046875
9 0.76640625 0.2578125 0.09375 0.08125
9 0.4125 0.08671875 0.0609375 0.1109375
9 0.6625 0.84921875 0.084375 0.1765625
9 0.19296875 0.53515625 0.1 0.0921875
2 0.30703125 0.546875 0.084375 0.0734375
2 0.10234375 0.56796875 0.0859375 0.0703125
2 0.47265625 0.07265625 0.05 0.078125
2 0.38125 0.121875 0.05625 0.096875
2 0.60625 0.646875 0.078125 0.1578125
0 0.4234375 0.37578125 0.146875 0.1828125
12 0.20390625 0.61953125 0.290625 0.1875