4 0.2015625 0.49765625 0.040625 0.0484375
4 0.678125 0.603125 0.0359375 0.04375
4 0.6625 0.40625 0.0421875 0.0421875
9 0.375 0.41484375 0.0484375 0.1140625
9 0.8 0.4296875 0.096875 0.078125
9 0.14921875 0.36640625 0.084375 0.071875
9 0.4375 0.07578125 0.0375 0.0984375
2 0.484375 0.10703125 0.0359375 0.1015625
2 0.375 0.0515625 0.034375 0.0703125
2 0.38828125 0.60546875 0.0484375 0.1234375
2 0.696875 0.47734375 0.075 0.0609375
2 0.93046875 0.42109375 0.0734375 0.0640625
12 0.815625 0.51015625 0.271875 0.146875
0 0.446875 0.646875 0.08125 0.2375