12 0.8171875 0.54453125 0.2640625 0.121875
12 0.6125 0.89296875 0.0953125 0.2140625
9 0.25078125 0.4578125 0.0859375 0.0765625
9 0.37578125 0.90859375 0.05 0.1640625
9 0.478125 0.071875 0.03125 0.1125
9 0.809375 0.46328125 0.09375 0.090625
2 0.7015625 0.49453125 0.071875 0.0609375
2 0.9703125 0.27265625 0.05625 0.0625
2 0.5171875 0.10546875 0.0359375 0.0953125
2 0.3625 0.334375 0.0734375 0.046875
2 0.434375 0.88046875 0.0421875 0.1453125
4 0.67578125 0.421875 0.0375 0.040625
4 0.665625 0.6234375 0.0390625 0.04375
4 0.6625 0.04609375 0.0234375 0.040625
2 0.9703125 0.46796875 0.059375 0.0640625
9 0.03125 0.246875 0.0609375 0.071875