13 0.896875 0.41796875 0.0921875 0.071875
2 0.8953125 0.48984375 0.0765625 0.065625
2 0.8515625 0.5625 0.090625 0.071875
2 0.684375 0.503125 0.075 0.0578125
2 0.096875 0.390625 0.075 0.0546875
2 0.20234375 0.3875 0.06875 0.059375
2 0.72734375 0.1171875 0.0546875 0.0625
2 0.4390625 0.8859375 0.0421875 0.15
9 0.1109375 0.328125 0.09375 0.0859375
9 0.21328125 0.315625 0.090625 0.090625
9 0.0453125 0.45625 0.0859375 0.06875
9 0.6953125 0.44296875 0.084375 0.078125
9 0.7796875 0.48984375 0.0875 0.059375
9 0.74375 0.5734375 0.0875 0.08125
9 0.95546875 0.546875 0.0890625 0.10625
9 0.80234375 0.4265625 0.0796875 0.0703125
4 0.63046875 0.425 0.034375 0.046875
0 0.1453125 0.440625 0.1421875 0.0953125