12 0.8015625 0.56796875 0.275 0.14375
2 0.896875 0.5 0.0796875 0.0546875
2 0.68984375 0.515625 0.06875 0.05625
2 0.328125 0.909375 0.0484375 0.1375
9 0.1765625 0.3125 0.0859375 0.065625
9 0.19453125 0.36796875 0.078125 0.0625
9 0.06953125 0.36875 0.0875 0.0671875
9 0.1 0.4265625 0.0921875 0.075
9 0.39296875 0.89765625 0.0671875 0.1875
9 0.79765625 0.484375 0.0984375 0.0859375
9 0.76875 0.43671875 0.0953125 0.0890625
4 0.6828125 0.63203125 0.046875 0.046875
4 0.7078125 0.415625 0.040625 0.04375
4 0.6671875 0.440625 0.0390625 0.046875
4 0.64609375 0.64140625 0.0390625 0.04375
4 0.21171875 0.41640625 0.04375 0.040625
4 0.19609375 0.45 0.0390625 0.0390625