12 0.80859375 0.53359375 0.2640625 0.1171875
4 0.696875 0.615625 0.0390625 0.046875
4 0.659375 0.61953125 0.0375 0.0359375
4 0.7 0.390625 0.0359375 0.0390625
4 0.6671875 0.42421875 0.034375 0.0375
4 0.2109375 0.4359375 0.0375 0.0359375
4 0.19765625 0.47734375 0.0359375 0.04375
4 0.6484375 0.0296875 0.021875 0.0375
9 0.81953125 0.3078125 0.0703125 0.065625
9 0.6578125 0.34453125 0.0734375 0.0703125
9 0.5421875 0.4125 0.0671875 0.096875
9 0.46875 0.07109375 0.0265625 0.109375
9 0.1671875 0.334375 0.0875 0.0625
9 0.184375 0.3921875 0.0828125 0.059375
9 0.065625 0.403125 0.0890625 0.0640625
9 0.8 0.4578125 0.0875 0.071875
2 0.89453125 0.45546875 0.078125 0.0421875
2 0.6921875 0.496875 0.06875 0.0578125
2 0.51328125 0.10390625 0.0359375 0.10625