4 0.2421875 0.50703125 0.040625 0.0671875
4 0.20703125 0.43671875 0.0359375 0.040625
4 0.1921875 0.4765625 0.040625 0.0390625
4 0.7015625 0.39453125 0.0328125 0.0421875
4 0.6625 0.4203125 0.034375 0.0375
4 0.5453125 0.46328125 0.0234375 0.0625
4 0.6921875 0.615625 0.0390625 0.04375
4 0.6578125 0.62578125 0.040625 0.040625
9 0.16875 0.15859375 0.071875 0.075
9 0.509375 0.26171875 0.0328125 0.1015625
9 0.165625 0.3359375 0.0828125 0.0671875
9 0.18125 0.39140625 0.0796875 0.0609375
9 0.06015625 0.40390625 0.0828125 0.0671875
9 0.096875 0.4625 0.0890625 0.0640625
9 0.4296875 0.90390625 0.0515625 0.175
9 0.7984375 0.45625 0.090625 0.0765625
9 0.7609375 0.41015625 0.0953125 0.0828125
9 0.02578125 0.565625 0.05 0.0734375
2 0.5015625 0.671875 0.0390625 0.146875
2 0.3828125 0.39140625 0.053125 0.1
2 0.45 0.25703125 0.0390625 0.096875
2 0.3640625 0.921875 0.0390625 0.1359375
2 0.6890625 0.50078125 0.0671875 0.0703125
2 0.8953125 0.46015625 0.078125 0.0515625
12 0.80625 0.53515625 0.2703125 0.115625