12 0.80234375 0.5703125 0.2765625 0.146875
9 0.765625 0.4375 0.1 0.103125
9 0.7984375 0.49140625 0.1 0.0859375
9 0.1828125 0.315625 0.0890625 0.0703125
9 0.190625 0.3671875 0.0796875 0.05625
9 0.071875 0.371875 0.0921875 0.0671875
9 0.1015625 0.43046875 0.090625 0.0734375
9 0.39375 0.9046875 0.065625 0.175
2 0.68984375 0.51953125 0.075 0.0640625
2 0.8984375 0.4984375 0.08125 0.059375
2 0.328125 0.91875 0.0546875 0.1390625
4 0.21484375 0.421875 0.0359375 0.0453125
4 0.196875 0.453125 0.0375 0.0453125
4 0.709375 0.41640625 0.0359375 0.0421875
4 0.6703125 0.43984375 0.04375 0.0390625
4 0.68125 0.63671875 0.0421875 0.05
4 0.64453125 0.6421875 0.0390625 0.0421875