4 0.3203125 0.46484375 0.046875 0.05
4 0.27734375 0.44765625 0.040625 0.0421875
4 0.7640625 0.3625 0.04375 0.0484375
4 0.7875 0.39375 0.05 0.05
4 0.34140625 0.66015625 0.0484375 0.046875
4 0.38046875 0.6578125 0.0453125 0.0515625
9 0.2203125 0.4765625 0.109375 0.1
9 0.203125 0.534375 0.10625 0.096875
9 0.078125 0.4234375 0.090625 0.078125
9 0.4203125 0.08359375 0.0546875 0.1109375
9 0.778125 0.25234375 0.09375 0.08125
9 0.8921875 0.2921875 0.1015625 0.090625
9 0.77734375 0.3109375 0.0890625 0.0734375
9 0.67265625 0.88671875 0.090625 0.171875
12 0.2125 0.61484375 0.2875 0.1875
2 0.1078125 0.5625 0.0875 0.065625
2 0.3140625 0.546875 0.0796875 0.0828125
2 0.39453125 0.1515625 0.053125 0.10625
9 0.2765625 0.3765625 0.0890625 0.0828125