12 0.80625 0.54140625 0.265625 0.121875
2 0.8953125 0.465625 0.0765625 0.0484375
2 0.690625 0.49921875 0.065625 0.0515625
2 0.3640625 0.92265625 0.0375 0.134375
9 0.16171875 0.34140625 0.08125 0.059375
9 0.184375 0.3953125 0.0734375 0.0578125
9 0.059375 0.40703125 0.0828125 0.0609375
9 0.0953125 0.46171875 0.0859375 0.06875
9 0.428125 0.90546875 0.0515625 0.184375
9 0.7953125 0.45859375 0.0921875 0.078125
9 0.7625 0.41328125 0.0890625 0.0828125
4 0.69375 0.615625 0.04375 0.04375
4 0.7 0.39765625 0.0359375 0.040625
4 0.66171875 0.4265625 0.0359375 0.0453125
4 0.6578125 0.628125 0.0359375 0.0421875
4 0.20546875 0.4421875 0.040625 0.0375
4 0.19296875 0.4765625 0.0359375 0.0359375