2 0.07265625 0.81953125 0.0796875 0.1234375
2 0.45546875 0.21875 0.04375 0.1
2 0.5 0.18359375 0.0484375 0.096875
2 0.4671875 0.0453125 0.0375 0.08125
2 0.10390625 0.51328125 0.0765625 0.05625
2 0.3078125 0.5203125 0.0796875 0.075
9 0.80859375 0.29140625 0.090625 0.0765625
9 0.80078125 0.34765625 0.0796875 0.06875
9 0.921875 0.34375 0.0875 0.0765625
9 0.89140625 0.4078125 0.09375 0.0765625
9 0.68515625 0.4390625 0.0875 0.1109375
9 0.46875 0.41953125 0.0578125 0.146875
9 0.628125 0.89375 0.075 0.18125
9 0.22578125 0.446875 0.1015625 0.090625
9 0.20078125 0.5015625 0.1015625 0.090625
2 0.690625 0.9 0.0578125 0.1390625
2 0.28984375 0.42109375 0.0390625 0.04375
2 0.32578125 0.44453125 0.040625 0.0484375
2 0.3234375 0.6359375 0.0421875 0.046875
2 0.36015625 0.64296875 0.0421875 0.0421875
2 0.7828125 0.39609375 0.0453125 0.0421875
2 0.80078125 0.4296875 0.0484375 0.046875
2 0.41328125 0.15078125 0.0265625 0.0515625
2 0.5671875 0.30703125 0.0453125 0.065625
12 0.20546875 0.578125 0.2796875 0.15625