12 0.19453125 0.54453125 0.265625 0.1328125
9 0.8328125 0.33203125 0.0875 0.0671875
9 0.9375 0.39609375 0.084375 0.0625
9 0.81796875 0.384375 0.078125 0.0640625
9 0.484375 0.38828125 0.0375 0.109375
9 0.734375 0.06796875 0.0640625 0.084375
9 0.90234375 0.45546875 0.0890625 0.05625
9 0.2375 0.415625 0.0890625 0.084375
9 0.2015625 0.4640625 0.09375 0.0828125
9 0.58203125 0.9 0.0484375 0.18125
2 0.51640625 0.1109375 0.0359375 0.0921875
2 0.5765625 0.3296875 0.05625 0.1046875
2 0.671875 0.46171875 0.075 0.1
2 0.640625 0.91953125 0.0453125 0.14375
2 0.48359375 0.93203125 0.0546875 0.1359375
2 0.10625 0.46640625 0.0765625 0.05
4 0.79296875 0.43359375 0.034375 0.0421875
4 0.809375 0.46640625 0.0328125 0.040625
4 0.296875 0.39765625 0.0375 0.034375
4 0.3359375 0.425 0.0390625 0.0328125
4 0.3078125 0.61640625 0.0375 0.04375
4 0.34453125 0.62734375 0.0375 0.040625
4 0.43671875 0.62890625 0.0296875 0.071875
4 0.846875 0.5671875 0.0515625 0.08125
4 0.53203125 0.01875 0.015625 0.0359375
2 0.3078125 0.49921875 0.0703125 0.059375