2 0.546875 0.103125 0.03125 0.1
2 0.86875 0.32890625 0.0734375 0.0640625
2 0.9671875 0.49765625 0.065625 0.0671875
2 0.7 0.5078125 0.078125 0.059375
2 0.23984375 0.43828125 0.0734375 0.059375
2 0.4078125 0.87578125 0.0515625 0.1453125
9 0.34921875 0.89453125 0.059375 0.18125
9 0.409375 0.56015625 0.08125 0.115625
9 0.50703125 0.078125 0.03125 0.109375
9 0.81171875 0.47890625 0.096875 0.084375
12 0.81328125 0.56015625 0.2703125 0.1453125
9 0.2421875 0.115625 0.071875 0.08125
4 0.82890625 0.165625 0.0328125 0.05
4 0.6765625 0.4375 0.040625 0.05
4 0.65703125 0.6359375 0.0328125 0.0375