2 0.03125 0.3640625 0.0625 0.0625
2 0.096875 0.509375 0.0875 0.0640625
2 0.3078125 0.51953125 0.075 0.06875
2 0.43828125 0.1109375 0.0421875 0.1015625
9 0.4765625 0.071875 0.040625 0.1109375
9 0.50703125 0.484375 0.078125 0.1296875
9 0.409375 0.3828125 0.08125 0.0921875
9 0.27265625 0.34140625 0.084375 0.0765625
9 0.22578125 0.43984375 0.0921875 0.1
9 0.196875 0.4921875 0.0984375 0.090625
9 0.8 0.35234375 0.0859375 0.06875
9 0.80703125 0.29140625 0.0921875 0.0734375
9 0.91796875 0.35 0.09375 0.08125
4 0.28515625 0.41796875 0.0359375 0.04375
4 0.32578125 0.44296875 0.040625 0.0453125
4 0.3203125 0.63515625 0.0421875 0.0484375
4 0.3546875 0.63984375 0.04375 0.0484375
4 0.2609375 0.1125 0.034375 0.0484375
4 0.78046875 0.39921875 0.0390625 0.05
4 0.79765625 0.43515625 0.0421875 0.0453125
12 0.2015625 0.57109375 0.28125 0.146875