12 0.80390625 0.5875 0.278125 0.1609375
9 0.809375 0.5015625 0.1015625 0.090625
9 0.4859375 0.83671875 0.0890625 0.1703125
9 0.3125 0.8796875 0.075 0.18125
9 0.54296875 0.0765625 0.046875 0.109375
2 0.58125 0.1140625 0.0453125 0.1015625
2 0.7046875 0.05859375 0.05625 0.0671875
2 0.3078125 0.3046875 0.071875 0.0640625
2 0.41875 0.5796875 0.078125 0.1078125
2 0.37578125 0.86328125 0.0640625 0.1578125
2 0.696875 0.53046875 0.0734375 0.0765625
2 0.9671875 0.5328125 0.065625 0.0625
4 0.68125 0.4453125 0.0421875 0.0390625
4 0.64609375 0.64296875 0.040625 0.0390625