2 0.5109375 0.109375 0.028125 0.096875
2 0.6921875 0.5 0.0640625 0.071875
2 0.8984375 0.459375 0.071875 0.0484375
9 0.46796875 0.071875 0.03125 0.10625
9 0.16953125 0.33203125 0.08125 0.0609375
9 0.18359375 0.3921875 0.08125 0.05625
9 0.065625 0.409375 0.0875 0.0640625
9 0.6015625 0.35625 0.0796875 0.084375
9 0.76640625 0.33203125 0.0703125 0.0640625
9 0.9515625 0.30625 0.075 0.0625
9 0.765625 0.40625 0.096875 0.0828125
9 0.79921875 0.45625 0.0875 0.0765625
12 0.80703125 0.53828125 0.2703125 0.121875
4 0.69375 0.6125 0.0390625 0.0390625
4 0.6609375 0.621875 0.0390625 0.0421875
4 0.7015625 0.39375 0.034375 0.040625
4 0.66328125 0.41796875 0.034375 0.046875
4 0.20859375 0.43359375 0.034375 0.0390625
4 0.1953125 0.47421875 0.0359375 0.046875