12 0.18515625 0.5328125 0.259375 0.121875
0 0.4140625 0.3171875 0.121875 0.1421875
2 0.48828125 0.10390625 0.0328125 0.0859375
2 0.54296875 0.55390625 0.053125 0.13125
2 0.303125 0.49375 0.071875 0.0703125
2 0.09765625 0.45234375 0.078125 0.0625
9 0.825 0.3421875 0.0828125 0.0671875
9 0.53203125 0.07890625 0.0296875 0.103125
9 0.56796875 0.73359375 0.0390625 0.153125
4 0.33125 0.41796875 0.040625 0.0421875
4 0.33046875 0.6171875 0.034375 0.0375
4 0.79609375 0.4765625 0.0375 0.046875
9 0.19296875 0.45390625 0.090625 0.0828125