2 0.3140625 0.23984375 0.078125 0.075
2 0.34765625 0.0828125 0.0796875 0.0875
2 0.30859375 0.44375 0.0828125 0.06875
2 0.58359375 0.11484375 0.0515625 0.1046875
2 0.46796875 0.88359375 0.075 0.1453125
2 0.3375 0.9140625 0.075 0.1234375
9 0.5140625 0.91484375 0.090625 0.1703125
9 0.21328125 0.38203125 0.1125 0.10625
9 0.63359375 0.0953125 0.0578125 0.1078125
2 0.05859375 0.34296875 0.0796875 0.0765625
12 0.18671875 0.45546875 0.2828125 0.19375
4 0.3578125 0.375 0.05 0.053125
4 0.30859375 0.57421875 0.04375 0.046875