9 0.80546875 0.4546875 0.0921875 0.0734375
9 0.47734375 0.071875 0.028125 0.109375
9 0.178125 0.33984375 0.0796875 0.0765625
9 0.434375 0.596875 0.0421875 0.128125
2 0.496875 0.46640625 0.065625 0.121875
2 0.5171875 0.10546875 0.0328125 0.096875
2 0.6984375 0.4953125 0.071875 0.071875
2 0.89765625 0.4609375 0.0734375 0.053125
12 0.81484375 0.53984375 0.2578125 0.1296875
4 0.6671875 0.61875 0.0453125 0.040625
4 0.66875 0.4234375 0.0421875 0.0390625
4 0.20546875 0.47265625 0.0359375 0.04375
0 0.646875 0.2890625 0.125 0.134375