9 0.15625 0.35546875 0.090625 0.06875
9 0.17265625 0.4078125 0.084375 0.0640625
9 0.0953125 0.48359375 0.0953125 0.071875
9 0.05625 0.4265625 0.0875 0.06875
9 0.75703125 0.39296875 0.1015625 0.0890625
9 0.79140625 0.4390625 0.0953125 0.078125
9 0.45 0.90703125 0.0625 0.18125
9 0.525 0.55546875 0.0421875 0.1328125
2 0.46875 0.225 0.0390625 0.1015625
2 0.24453125 0.54140625 0.0828125 0.09375
2 0.38828125 0.92734375 0.0484375 0.1453125
2 0.89296875 0.4390625 0.0765625 0.0515625
2 0.690625 0.48828125 0.0765625 0.0734375
4 0.69765625 0.384375 0.0453125 0.0515625
4 0.65703125 0.415625 0.04375 0.0484375
4 0.2046875 0.45234375 0.040625 0.0484375
4 0.1921875 0.48828125 0.034375 0.04375
4 0.0703125 0.6421875 0.0515625 0.075
4 0.609375 0.82578125 0.0359375 0.08125
4 0.69921875 0.6015625 0.0359375 0.053125
4 0.66328125 0.61875 0.040625 0.0453125
12 0.80546875 0.5140625 0.2828125 0.1515625
4 0.434375 0.10390625 0.0265625 0.0578125
2 0.378125 0.4109375 0.06875 0.1046875