9 0.771875 0.40625 0.0953125 0.0796875
9 0.7984375 0.45625 0.0890625 0.0734375
9 0.46171875 0.55546875 0.0515625 0.1203125
9 0.471875 0.071875 0.03125 0.096875
9 0.16640625 0.33359375 0.0828125 0.059375
9 0.18359375 0.390625 0.075 0.059375
9 0.428125 0.8125 0.0390625 0.18125
9 0.528125 0.415625 0.0671875 0.096875
2 0.5125 0.1 0.03125 0.096875
2 0.71953125 0.3140625 0.06875 0.0609375
2 0.925 0.309375 0.05625 0.0546875
2 0.9 0.4609375 0.0765625 0.05
2 0.69375 0.49296875 0.0734375 0.0640625
4 0.696875 0.39140625 0.0328125 0.0453125
4 0.6671875 0.41953125 0.034375 0.0359375
9 0.0640625 0.40625 0.0828125 0.065625
4 0.8015625 0.146875 0.028125 0.04375
4 0.2125 0.43671875 0.0390625 0.04375
4 0.19765625 0.471875 0.0359375 0.046875
4 0.69765625 0.615625 0.03125 0.0390625
4 0.6609375 0.61875 0.0359375 0.0328125