12 0.80703125 0.53828125 0.2640625 0.1265625
2 0.89375 0.465625 0.075 0.046875
2 0.6875 0.5 0.06875 0.05625
9 0.79140625 0.46953125 0.0921875 0.084375
9 0.75625 0.41015625 0.0875 0.0828125
9 0.16484375 0.3390625 0.084375 0.071875
9 0.17734375 0.39453125 0.078125 0.0640625
9 0.09375 0.47265625 0.090625 0.0625
9 0.0625 0.40625 0.0828125 0.0734375
9 0.425 0.9125 0.0484375 0.175
2 0.365625 0.928125 0.040625 0.1359375
4 0.690625 0.61953125 0.0359375 0.0421875
4 0.65234375 0.6328125 0.0390625 0.04375
4 0.68828125 0.403125 0.0296875 0.0453125
4 0.6625 0.428125 0.0390625 0.0453125
4 0.20546875 0.44296875 0.034375 0.0421875
4 0.1890625 0.4765625 0.0375 0.0421875