12 0.815625 0.54296875 0.2625 0.128125
12 0.571875 0.76171875 0.16875 0.4765625
2 0.4328125 0.88515625 0.046875 0.14375
2 0.9125 0.8359375 0.0703125 0.121875
2 0.7140625 0.284375 0.0625 0.0546875
2 0.70078125 0.49609375 0.06875 0.0640625
2 0.96953125 0.465625 0.0609375 0.059375
2 0.5203125 0.103125 0.03125 0.1015625
9 0.4796875 0.07421875 0.03125 0.109375
9 0.3765625 0.91015625 0.0515625 0.1765625
9 0.04375 0.45546875 0.0859375 0.0703125
9 0.8015625 0.459375 0.0921875 0.0828125
9 0.9046875 0.18359375 0.0703125 0.0671875
4 0.6734375 0.42421875 0.0390625 0.0515625
4 0.66640625 0.621875 0.0359375 0.04375