9 0.703125 0.46015625 0.0875 0.0640625
9 0.78515625 0.50625 0.0875 0.0703125
9 0.12421875 0.30234375 0.090625 0.0859375
9 0.22734375 0.296875 0.0921875 0.0828125
9 0.05 0.42890625 0.0953125 0.0640625
9 0.81171875 0.440625 0.078125 0.06875
2 0.69140625 0.51953125 0.071875 0.0609375
2 0.9015625 0.5078125 0.08125 0.0609375
2 0.85234375 0.59140625 0.0953125 0.078125
2 0.09375 0.365625 0.078125 0.0578125
2 0.18671875 0.37265625 0.0671875 0.0421875
2 0.421875 0.8890625 0.059375 0.1640625
13 0.9078125 0.44296875 0.090625 0.078125
9 0.74296875 0.58671875 0.09375 0.071875
9 0.95859375 0.5765625 0.08125 0.1015625
0 0.16171875 0.4234375 0.1296875 0.1015625
4 0.63984375 0.43515625 0.0328125 0.040625