4 0.3734375 0.41953125 0.034375 0.0515625
13 0.10625 0.39609375 0.09375 0.0859375
9 0.20234375 0.41171875 0.0859375 0.0671875
9 0.30859375 0.43671875 0.0953125 0.071875
9 0.21875 0.4734375 0.0859375 0.0671875
9 0.25390625 0.5640625 0.1015625 0.0765625
9 0.04375 0.52421875 0.0875 0.1046875
9 0.7953125 0.3296875 0.0953125 0.0921875
9 0.89765625 0.3453125 0.0953125 0.0828125
9 0.9546875 0.48203125 0.0859375 0.06875
2 0.903125 0.41640625 0.0796875 0.0671875
2 0.803125 0.40703125 0.0703125 0.0640625
2 0.3125 0.49375 0.0796875 0.0671875
2 0.14375 0.546875 0.090625 0.071875
2 0.10546875 0.4640625 0.0796875 0.0640625
2 0.54375 0.8921875 0.05625 0.1578125
0 0.853125 0.46171875 0.14375 0.1109375