12 0.8 0.6078125 0.2828125 0.1796875
12 0.51484375 0.76015625 0.2640625 0.4796875
2 0.35390625 0.8625 0.075 0.15
2 0.83359375 0.9140625 0.09375 0.134375
2 0.75390625 0.33359375 0.0734375 0.0671875
2 0.696875 0.53828125 0.08125 0.0765625
2 0.96484375 0.56328125 0.0703125 0.0703125
2 0.60234375 0.11640625 0.053125 0.10625
9 0.56875 0.0796875 0.053125 0.1140625
9 0.29375 0.87578125 0.0859375 0.1828125
9 0.06328125 0.36171875 0.0984375 0.0859375
9 0.803125 0.52265625 0.10625 0.1
9 0.96015625 0.27421875 0.0796875 0.0796875
4 0.68515625 0.46171875 0.0484375 0.0578125
4 0.6375 0.65390625 0.04375 0.05