4 0.47109375 0.1515625 0.0328125 0.065625
4 0.21015625 0.42734375 0.034375 0.040625
4 0.19765625 0.46640625 0.0390625 0.0421875
4 0.7046875 0.403125 0.034375 0.0453125
4 0.66640625 0.428125 0.0359375 0.04375
4 0.690625 0.6203125 0.0375 0.046875
4 0.6546875 0.62421875 0.03125 0.0421875
9 0.76875 0.4171875 0.0984375 0.090625
9 0.52265625 0.16171875 0.0359375 0.1234375
9 0.44609375 0.25390625 0.0515625 0.121875
9 0.1734375 0.32109375 0.0796875 0.06875
9 0.1875 0.3796875 0.0859375 0.0578125
9 0.06875 0.39296875 0.0828125 0.0625
9 0.0609375 0.453125 0.090625 0.065625
9 0.4140625 0.89765625 0.05625 0.178125
9 0.80078125 0.46953125 0.096875 0.0828125
2 0.51875 0.40390625 0.040625 0.1140625
2 0.353125 0.9171875 0.040625 0.1359375
2 0.69375 0.50390625 0.0734375 0.0609375
2 0.8953125 0.4734375 0.071875 0.053125
12 0.8046875 0.5453125 0.26875 0.134375