4 0.20234375 0.48125 0.0359375 0.0484375
4 0.6671875 0.41015625 0.0390625 0.0515625
4 0.66953125 0.6078125 0.034375 0.0421875
9 0.92890625 0.83515625 0.0828125 0.1359375
9 0.803125 0.44375 0.0859375 0.084375
9 0.16640625 0.34140625 0.084375 0.06875
9 0.18359375 0.4015625 0.0765625 0.05625
9 0.06484375 0.415625 0.0890625 0.0703125
9 0.45859375 0.075 0.0328125 0.1015625
9 0.78125 0.12890625 0.0703125 0.0796875
2 0.5015625 0.09921875 0.0359375 0.1
2 0.95234375 0.29375 0.06875 0.059375
2 0.69765625 0.48359375 0.071875 0.06875
2 0.896875 0.446875 0.0828125 0.053125
0 0.65078125 0.28828125 0.1234375 0.1328125
12 0.43828125 0.753125 0.0859375 0.49375
12 0.81640625 0.5265625 0.26875 0.128125