2 0.75703125 0.31015625 0.0671875 0.0640625
2 0.7734375 0.15078125 0.065625 0.0765625
2 0.69921875 0.50546875 0.075 0.0546875
2 0.5390625 0.1078125 0.03125 0.103125
2 0.4125 0.875 0.0484375 0.140625
2 0.52578125 0.94296875 0.0515625 0.1140625
9 0.35546875 0.896875 0.0546875 0.1796875
9 0.809375 0.4765625 0.0984375 0.0890625
9 0.4984375 0.0734375 0.0359375 0.1046875
2 0.9671875 0.48671875 0.065625 0.0640625
12 0.81171875 0.5546875 0.2640625 0.1453125
4 0.6734375 0.42578125 0.040625 0.046875
4 0.659375 0.6296875 0.0375 0.040625