4 0.796875 0.54375 0.0484375 0.0515625
4 0.3578125 0.375 0.046875 0.053125
4 0.3078125 0.5703125 0.0421875 0.046875
9 0.24375 0.20625 0.096875 0.084375
9 0.63359375 0.09140625 0.053125 0.109375
9 0.690625 0.21875 0.0578125 0.1046875
9 0.63359375 0.52578125 0.0703125 0.134375
9 0.8609375 0.42109375 0.090625 0.0765625
9 0.83125 0.47109375 0.0828125 0.0703125
9 0.9421875 0.51328125 0.1015625 0.084375
9 0.21796875 0.37265625 0.10625 0.0953125
2 0.12421875 0.35078125 0.084375 0.0640625
2 0.31171875 0.44140625 0.08125 0.078125
2 0.4078125 0.30390625 0.0890625 0.0859375
2 0.58671875 0.11171875 0.05 0.1
12 0.1859375 0.45234375 0.290625 0.190625
0 0.52890625 0.50703125 0.1390625 0.225