2 0.55 0.1125 0.0421875 0.1
2 0.31015625 0.4703125 0.075 0.08125
2 0.1125 0.39765625 0.078125 0.059375
9 0.5984375 0.08203125 0.046875 0.1109375
9 0.85234375 0.3859375 0.0890625 0.0734375
9 0.8296875 0.44296875 0.0890625 0.06875
9 0.94296875 0.478125 0.0953125 0.0765625
9 0.421875 0.3421875 0.090625 0.0953125
9 0.26328125 0.2921875 0.0796875 0.075
9 0.084375 0.23828125 0.084375 0.0734375
9 0.25234375 0.365625 0.1078125 0.0953125
9 0.2109375 0.41015625 0.0984375 0.0890625
12 0.190625 0.48984375 0.2859375 0.1625
4 0.29140625 0.58046875 0.04375 0.0453125
4 0.321875 0.5953125 0.04375 0.046875
4 0.3171875 0.36328125 0.0390625 0.0453125
4 0.3515625 0.39375 0.040625 0.0515625
4 0.7984375 0.4796875 0.040625 0.04375
4 0.8046875 0.521875 0.0421875 0.0515625