4 0.2046875 0.51328125 0.0421875 0.0515625
4 0.65625 0.396875 0.04375 0.040625
4 0.6828125 0.58984375 0.04375 0.0484375
2 0.4578125 0.10625 0.0453125 0.1015625
2 0.3765625 0.35 0.0515625 0.103125
2 0.890625 0.3984375 0.08125 0.0609375
2 0.696875 0.4625 0.078125 0.0640625
2 0.50859375 0.91875 0.0765625 0.1625
9 0.35 0.18203125 0.0453125 0.09375
9 0.4125 0.0890625 0.0453125 0.1125
9 0.79453125 0.4140625 0.103125 0.0921875
9 0.1546875 0.38828125 0.09375 0.08125
0 0.47109375 0.4828125 0.1171875 0.2125
12 0.81875 0.4875 0.278125 0.1609375