4 0.63671875 0.67109375 0.0359375 0.059375
4 0.7890625 0.41015625 0.0453125 0.0453125
4 0.321875 0.46015625 0.0421875 0.0515625
4 0.028125 0.48671875 0.04375 0.0453125
4 0.365625 0.65 0.0453125 0.05
4 0.56953125 0.00703125 0.0234375 0.0140625
9 0.7875 0.26796875 0.096875 0.0890625
9 0.784375 0.33046875 0.090625 0.08125
9 0.43828125 0.0734375 0.053125 0.1125
9 0.196875 0.52265625 0.1046875 0.0984375
9 0.903125 0.3203125 0.0953125 0.075
0 0.565625 0.55234375 0.13125 0.2546875
12 0.1484375 0.33515625 0.2546875 0.1734375
12 0.20625 0.6046875 0.2875 0.1828125
2 0.10234375 0.54140625 0.08125 0.0578125
2 0.30703125 0.5328125 0.0765625 0.0609375
2 0.375 0.38671875 0.0875 0.090625
2 0.40390625 0.1171875 0.0484375 0.0953125
2 0.65078125 0.91640625 0.0640625 0.1296875