0 0.7171875 0.27890625 0.121875 0.1171875
12 0.8171875 0.5359375 0.2625 0.125
9 0.803125 0.459375 0.0921875 0.0765625
9 0.46640625 0.47890625 0.0546875 0.109375
9 0.4765625 0.07109375 0.0296875 0.103125
9 0.17890625 0.3359375 0.08125 0.071875
2 0.90234375 0.46171875 0.075 0.0578125
2 0.7 0.490625 0.075 0.0578125
2 0.5546875 0.39453125 0.0703125 0.0921875
2 0.5203125 0.1015625 0.03125 0.1
4 0.66875 0.421875 0.0421875 0.040625
4 0.665625 0.61640625 0.0359375 0.04375
4 0.20625 0.4703125 0.034375 0.04375