9 0.2953125 0.4703125 0.090625 0.0671875
9 0.215625 0.52109375 0.090625 0.075
9 0.865625 0.28359375 0.0953125 0.090625
9 0.76171875 0.2828125 0.0953125 0.0875
9 0.9453125 0.40546875 0.0984375 0.06875
9 0.1859375 0.45703125 0.08125 0.0734375
2 0.31015625 0.5296875 0.075 0.0640625
2 0.09921875 0.52890625 0.084375 0.065625
2 0.153125 0.609375 0.0984375 0.0828125
2 0.8984375 0.34453125 0.08125 0.0609375
2 0.80625 0.35625 0.06875 0.0453125
2 0.5984375 0.88515625 0.0671875 0.165625
13 0.08984375 0.46484375 0.0953125 0.0828125
9 0.2625 0.6 0.096875 0.0765625
9 0.04609375 0.6 0.0859375 0.10625
0 0.834375 0.40625 0.134375 0.1078125
4 0.35703125 0.44296875 0.034375 0.0421875