12 0.81484375 0.4890625 0.278125 0.165625
0 0.49140625 0.4140625 0.13125 0.2078125
9 0.7953125 0.40625 0.0984375 0.084375
9 0.41015625 0.08125 0.0484375 0.11875
9 0.34296875 0.07578125 0.0453125 0.0921875
9 0.15625 0.38828125 0.0890625 0.078125
2 0.45703125 0.1109375 0.0453125 0.1015625
2 0.3625 0.221875 0.040625 0.0875
2 0.4796875 0.80390625 0.06875 0.1703125
2 0.69453125 0.4640625 0.08125 0.0703125
2 0.8921875 0.396875 0.08125 0.065625
4 0.6578125 0.39609375 0.04375 0.05
4 0.68671875 0.5921875 0.0390625 0.0390625
4 0.20703125 0.5171875 0.0453125 0.0515625