4 0.2015625 0.465625 0.0390625 0.04375
4 0.66953125 0.415625 0.0359375 0.046875
4 0.6671875 0.61796875 0.034375 0.0390625
9 0.8234375 0.2828125 0.0828125 0.065625
9 0.4765625 0.07109375 0.028125 0.10625
9 0.3890625 0.17890625 0.0328125 0.1
9 0.3640625 0.490625 0.0390625 0.128125
9 0.171875 0.33046875 0.0796875 0.059375
9 0.1875 0.3859375 0.071875 0.053125
9 0.06953125 0.3984375 0.0875 0.0640625
9 0.80546875 0.45 0.090625 0.075
2 0.9015625 0.453125 0.075 0.046875
2 0.696875 0.4921875 0.0671875 0.0625
2 0.63984375 0.334375 0.0734375 0.0703125
2 0.51640625 0.10234375 0.0265625 0.096875
12 0.815625 0.53515625 0.2671875 0.1265625
0 0.4703125 0.49921875 0.0890625 0.209375