4 0.67265625 0.353125 0.04375 0.0453125
4 0.6390625 0.39296875 0.0421875 0.046875
4 0.7171875 0.56875 0.053125 0.0484375
4 0.68125 0.58359375 0.04375 0.04375
4 0.2046875 0.51640625 0.05 0.05
4 0.196875 0.553125 0.04375 0.0453125
9 0.73203125 0.359375 0.109375 0.103125
9 0.778125 0.39453125 0.1078125 0.096875
9 0.13671875 0.4265625 0.096875 0.0859375
9 0.1671875 0.475 0.0890625 0.0796875
9 0.05390625 0.51796875 0.0953125 0.075
9 0.1015625 0.5640625 0.0984375 0.0890625
9 0.53046875 0.9140625 0.0859375 0.171875
2 0.87578125 0.37265625 0.084375 0.065625
2 0.68515625 0.459375 0.084375 0.075
2 0.47265625 0.9375 0.0734375 0.125
12 0.8078125 0.46796875 0.2890625 0.178125