12 0.8015625 0.54453125 0.2703125 0.1203125
2 0.89453125 0.46484375 0.0734375 0.046875
2 0.6921875 0.50234375 0.0734375 0.0625
2 0.36484375 0.92578125 0.0421875 0.134375
9 0.165625 0.340625 0.0859375 0.065625
9 0.18125 0.396875 0.0765625 0.059375
9 0.0625 0.40859375 0.0875 0.0703125
9 0.096875 0.46640625 0.084375 0.0671875
9 0.428125 0.9078125 0.0484375 0.1796875
9 0.7640625 0.41015625 0.0984375 0.090625
9 0.7953125 0.4625 0.090625 0.071875
9 0.7171875 0.1171875 0.0703125 0.0828125
4 0.6921875 0.61875 0.0390625 0.04375
4 0.7 0.39921875 0.0296875 0.0375
4 0.66171875 0.4296875 0.0390625 0.040625
4 0.6546875 0.63046875 0.0390625 0.0359375
4 0.20625 0.44296875 0.0328125 0.0453125
4 0.1921875 0.47890625 0.040625 0.0359375