12 0.79609375 0.59296875 0.278125 0.1640625
9 0.7765625 0.4546875 0.1046875 0.1109375
9 0.79765625 0.5109375 0.1046875 0.0953125
2 0.89453125 0.52890625 0.084375 0.05625
9 0.196875 0.284375 0.09375 0.078125
9 0.20390625 0.33515625 0.08125 0.0671875
9 0.1078125 0.39375 0.1046875 0.0828125
9 0.08125 0.3359375 0.096875 0.0859375
9 0.3578125 0.884375 0.08125 0.190625
2 0.29453125 0.8921875 0.0671875 0.1390625
2 0.68828125 0.53125 0.0796875 0.0765625
4 0.2203125 0.38515625 0.0453125 0.046875
4 0.20078125 0.42265625 0.0421875 0.04375
4 0.159375 0.5140625 0.046875 0.059375
4 0.71640625 0.43359375 0.0453125 0.046875
4 0.671875 0.4515625 0.04375 0.04375
4 0.6703125 0.646875 0.040625 0.0453125
4 0.63359375 0.6515625 0.04375 0.0484375