12 0.2140625 0.621875 0.2859375 0.184375
9 0.22734375 0.48984375 0.1046875 0.103125
9 0.20546875 0.5421875 0.10625 0.096875
9 0.67734375 0.88203125 0.0921875 0.175
9 0.78359375 0.26328125 0.096875 0.0828125
9 0.71953125 0.0828125 0.09375 0.1078125
9 0.90078125 0.3015625 0.0953125 0.084375
9 0.784375 0.31796875 0.0875 0.075
9 0.88125 0.365625 0.1015625 0.090625
9 0.9640625 0.8015625 0.071875 0.1375
2 0.31484375 0.55078125 0.0796875 0.0734375
2 0.11328125 0.56640625 0.084375 0.0640625
2 0.740625 0.87890625 0.0734375 0.1375
4 0.34453125 0.6703125 0.046875 0.0484375
4 0.29296875 0.46171875 0.0375 0.046875
4 0.32578125 0.47421875 0.05 0.0546875
4 0.38359375 0.66328125 0.046875 0.0484375
4 0.76796875 0.36484375 0.0453125 0.0484375
4 0.7953125 0.40234375 0.05 0.0609375