12 0.8140625 0.5390625 0.2625 0.121875
9 0.80546875 0.453125 0.090625 0.078125
9 0.5390625 0.834375 0.065625 0.1625
9 0.37421875 0.9046875 0.0484375 0.1765625
9 0.4765625 0.075 0.03125 0.10625
2 0.51953125 0.10625 0.0296875 0.0984375
2 0.6328125 0.03203125 0.0484375 0.0609375
2 0.2796875 0.3375 0.0640625 0.0546875
2 0.43203125 0.59140625 0.0625 0.1
2 0.434375 0.878125 0.040625 0.153125
2 0.69921875 0.49921875 0.0640625 0.06875
2 0.96875 0.459375 0.0625 0.0546875
4 0.975 0.18515625 0.0296875 0.040625
4 0.6703125 0.41796875 0.0375 0.034375
4 0.66640625 0.61875 0.0359375 0.034375