9 0.73828125 0.3390625 0.1125 0.1
9 0.7765625 0.38046875 0.1046875 0.09375
9 0.47734375 0.56328125 0.08125 0.128125
9 0.36171875 0.09375 0.0546875 0.1
9 0.134375 0.42578125 0.0953125 0.078125
9 0.16640625 0.4765625 0.0875 0.0765625
9 0.51171875 0.8203125 0.084375 0.184375
9 0.50546875 0.4109375 0.0890625 0.1109375
2 0.40859375 0.11015625 0.0546875 0.1015625
2 0.6640625 0.26328125 0.0828125 0.0765625
2 0.8609375 0.20625 0.0671875 0.0671875
2 0.8765625 0.35859375 0.0875 0.06875
2 0.68515625 0.44296875 0.0875 0.08125
4 0.66171875 0.34453125 0.0421875 0.0515625
4 0.640625 0.37890625 0.0421875 0.04375
9 0.0546875 0.52265625 0.096875 0.084375
4 0.7 0.08046875 0.0375 0.0484375
4 0.20625 0.51328125 0.0484375 0.0515625
4 0.20078125 0.55078125 0.046875 0.053125
4 0.72109375 0.56015625 0.040625 0.0453125
4 0.6859375 0.5734375 0.04375 0.040625