4 0.70859375 0.3515625 0.040625 0.040625
4 0.6484375 0.39140625 0.040625 0.046875
4 0.771875 0.5578125 0.04375 0.0421875
4 0.6828125 0.58828125 0.0421875 0.0421875
4 0.6296875 0.2421875 0.0359375 0.0453125
4 0.16171875 0.50390625 0.0421875 0.046875
4 0.2 0.53046875 0.0421875 0.046875
2 0.46484375 0.62109375 0.0625 0.1171875
2 0.53125 0.3984375 0.065625 0.0828125
2 0.690625 0.4578125 0.08125 0.071875
2 0.8828125 0.384375 0.0875 0.0625
2 0.4359375 0.103125 0.04375 0.1
9 0.39296875 0.0875 0.0484375 0.115625
9 0.05703125 0.4875 0.096875 0.078125
9 0.1453125 0.4 0.09375 0.0875
9 0.7875 0.403125 0.103125 0.0921875
12 0.81171875 0.478125 0.28125 0.16875
0 0.73515625 0.21953125 0.1515625 0.146875