4 0.684375 0.46171875 0.04375 0.0484375
4 0.6375 0.65234375 0.0453125 0.05
4 0.21796875 0.40625 0.0390625 0.0484375
9 0.5390625 0.39921875 0.0828125 0.103125
9 0.571875 0.08359375 0.053125 0.1125
9 0.21875 0.26484375 0.1015625 0.084375
9 0.1171875 0.3109375 0.09375 0.0828125
9 0.80859375 0.525 0.103125 0.0921875
2 0.90078125 0.55 0.084375 0.0625
2 0.6984375 0.5359375 0.0828125 0.075
2 0.6515625 0.384375 0.0953125 0.090625
2 0.60859375 0.11484375 0.053125 0.096875
0 0.8296875 0.3359375 0.1453125 0.1359375
12 0.7953125 0.609375 0.284375 0.178125