0 0.15 0.4359375 0.1359375 0.103125
9 0.215625 0.31640625 0.09375 0.0953125
9 0.1125 0.3265625 0.090625 0.084375
9 0.046875 0.459375 0.0828125 0.0703125
9 0.69609375 0.4421875 0.0828125 0.06875
9 0.8015625 0.421875 0.0796875 0.059375
9 0.7828125 0.49296875 0.0828125 0.071875
9 0.74375 0.57265625 0.0890625 0.0671875
9 0.9578125 0.54609375 0.084375 0.1
13 0.90078125 0.41640625 0.0875 0.078125
2 0.7953125 0.165625 0.0515625 0.0671875
2 0.89609375 0.484375 0.0734375 0.06875
2 0.8546875 0.56484375 0.0921875 0.0671875
2 0.6875 0.50234375 0.078125 0.0578125
2 0.1015625 0.39296875 0.0765625 0.059375
2 0.203125 0.38984375 0.0609375 0.0546875
2 0.43984375 0.88828125 0.040625 0.146875
4 0.63125 0.421875 0.034375 0.04375