4 0.66875 0.4171875 0.0359375 0.0375
4 0.6671875 0.61640625 0.034375 0.0359375
4 0.2 0.46796875 0.034375 0.0359375
0 0.434375 0.80390625 0.0609375 0.2859375
12 0.8140625 0.534375 0.2671875 0.134375
9 0.80625 0.45625 0.09375 0.0765625
9 0.6359375 0.32265625 0.0828125 0.06875
9 0.4734375 0.07265625 0.028125 0.1078125
9 0.375 0.47578125 0.0390625 0.115625
9 0.1734375 0.33203125 0.0828125 0.0703125
9 0.1875 0.38671875 0.075 0.0625
9 0.0625 0.40234375 0.0796875 0.065625
9 0.3671875 0.93828125 0.0421875 0.1234375
2 0.5171875 0.096875 0.0328125 0.0953125
2 0.49375 0.45390625 0.0578125 0.0921875
2 0.69609375 0.490625 0.0703125 0.0609375
2 0.903125 0.45625 0.0734375 0.046875
2 0.96015625 0.7421875 0.0796875 0.121875