4 0.7015625 0.39375 0.0328125 0.046875
4 0.2078125 0.434375 0.0375 0.040625
4 0.18984375 0.47421875 0.040625 0.034375
4 0.28125 0.48203125 0.0359375 0.0609375
4 0.66328125 0.42578125 0.0390625 0.046875
4 0.6953125 0.61328125 0.0390625 0.0375
4 0.6578125 0.628125 0.0359375 0.0421875
9 0.16328125 0.334375 0.08125 0.06875
9 0.18203125 0.38984375 0.078125 0.0578125
9 0.09453125 0.4609375 0.0859375 0.0671875
9 0.06171875 0.4046875 0.0828125 0.0625
9 0.7625 0.409375 0.090625 0.08125
9 0.8 0.4625 0.090625 0.078125
2 0.690625 0.503125 0.0703125 0.0703125
9 0.4265625 0.9078125 0.0484375 0.1734375
2 0.8953125 0.465625 0.075 0.05625
2 0.365625 0.92421875 0.0421875 0.1328125
12 0.8109375 0.54296875 0.2640625 0.1109375