2 0.67265625 0.44453125 0.0828125 0.1015625
2 0.48984375 0.36015625 0.0515625 0.1109375
2 0.8734375 0.509375 0.0875 0.075
2 0.696875 0.8953125 0.065625 0.1515625
2 0.31015625 0.52890625 0.0765625 0.06875
2 0.10390625 0.52421875 0.0859375 0.0734375
9 0.22421875 0.4484375 0.1015625 0.0953125
9 0.1984375 0.5046875 0.103125 0.096875
9 0.803125 0.27890625 0.1 0.078125
9 0.79765625 0.34296875 0.084375 0.071875
9 0.91640625 0.33359375 0.0953125 0.071875
9 0.89140625 0.39609375 0.09375 0.0734375
9 0.6359375 0.8875 0.0765625 0.178125
9 0.50625 0.796875 0.0703125 0.165625
0 0.1046875 0.8375 0.1421875 0.2078125
12 0.20625 0.58359375 0.278125 0.1625
4 0.3265625 0.64453125 0.0390625 0.0390625
4 0.36328125 0.64609375 0.04375 0.0484375
4 0.2859375 0.4265625 0.0359375 0.0453125
4 0.3265625 0.4484375 0.040625 0.0453125
4 0.77890625 0.39375 0.04375 0.05
4 0.8 0.42421875 0.04375 0.046875
4 0.50546875 0.18828125 0.028125 0.0578125