2 0.41640625 0.11796875 0.05 0.1015625
2 0.68671875 0.453125 0.0796875 0.0859375
2 0.8765625 0.3640625 0.08125 0.0640625
9 0.365625 0.0921875 0.05625 0.1109375
9 0.1390625 0.4171875 0.09375 0.078125
9 0.1671875 0.471875 0.0921875 0.075
9 0.05625 0.5171875 0.1 0.0828125
9 0.5640625 0.3359375 0.096875 0.1015625
9 0.71796875 0.27265625 0.084375 0.0796875
9 0.89140625 0.203125 0.0875 0.078125
9 0.73515625 0.34453125 0.1125 0.103125
9 0.7796875 0.38515625 0.103125 0.0953125
12 0.80703125 0.4625 0.2921875 0.1828125
4 0.71484375 0.5625 0.046875 0.046875
4 0.6859375 0.5796875 0.046875 0.05
4 0.66953125 0.3484375 0.0421875 0.046875
4 0.63828125 0.38125 0.0453125 0.053125
4 0.2015625 0.50625 0.0421875 0.046875
4 0.1984375 0.5484375 0.0453125 0.053125