12 0.18125 0.471875 0.284375 0.178125
12 0.30234375 0.8578125 0.140625 0.2296875
9 0.75234375 0.51484375 0.1015625 0.09375
9 0.52890625 0.91953125 0.0859375 0.1609375
9 0.61796875 0.0875 0.0546875 0.1171875
9 0.20703125 0.39453125 0.1125 0.109375
2 0.3046875 0.44921875 0.0828125 0.075
2 0.09296875 0.17265625 0.06875 0.0734375
2 0.571875 0.11171875 0.05625 0.1
2 0.67109375 0.36953125 0.08125 0.0625
2 0.478125 0.88515625 0.0734375 0.15
4 0.34609375 0.384375 0.0453125 0.0484375
4 0.3109375 0.5828125 0.0484375 0.0515625
4 0.44375 0.021875 0.03125 0.04375
2 0.04921875 0.36328125 0.071875 0.075
9 0.98828125 0.3578125 0.0234375 0.084375