4 0.284375 0.3625 0.0390625 0.0390625
4 0.34609375 0.39921875 0.0375 0.0453125
4 0.23203125 0.571875 0.0421875 0.040625
4 0.321875 0.5984375 0.040625 0.040625
4 0.35703125 0.24921875 0.034375 0.04375
4 0.83828125 0.4859375 0.0390625 0.0453125
4 0.80078125 0.51484375 0.0390625 0.0453125
2 0.54140625 0.61953125 0.05625 0.115625
2 0.46328125 0.4 0.0625 0.0796875
2 0.30703125 0.46796875 0.0796875 0.06875
2 0.11171875 0.4046875 0.0859375 0.059375
2 0.54375 0.10078125 0.0375 0.1
9 0.5859375 0.08203125 0.04375 0.115625
9 0.9421875 0.4640625 0.0953125 0.0734375
9 0.8484375 0.38203125 0.090625 0.084375
9 0.2078125 0.41875 0.1 0.0890625
12 0.1875 0.49453125 0.2765625 0.15625
0 0.25078125 0.23203125 0.146875 0.1421875