4 0.7203125 0.4421875 0.0421875 0.0515625
4 0.2296875 0.3703125 0.0453125 0.0484375
4 0.20390625 0.40546875 0.046875 0.0421875
4 0.290625 0.43359375 0.0484375 0.0671875
4 0.67578125 0.4640625 0.0484375 0.053125
4 0.66484375 0.6546875 0.046875 0.0453125
4 0.625 0.66015625 0.04375 0.0484375
9 0.209375 0.2625 0.09375 0.084375
9 0.21484375 0.32109375 0.0890625 0.0734375
9 0.1140625 0.37109375 0.0984375 0.084375
9 0.09453125 0.30859375 0.0953125 0.0796875
9 0.77578125 0.47109375 0.10625 0.0984375
9 0.80078125 0.53125 0.10625 0.096875
2 0.68515625 0.54609375 0.084375 0.0828125
9 0.33671875 0.88046875 0.0859375 0.1796875
2 0.89296875 0.55546875 0.0859375 0.0703125
2 0.2734375 0.8828125 0.0703125 0.1375
12 0.79296875 0.61171875 0.28125 0.1671875