9 0.8046875 0.45703125 0.0921875 0.0859375
9 0.6703125 0.30234375 0.0703125 0.0625
9 0.478125 0.071875 0.0296875 0.0984375
9 0.1765625 0.33203125 0.084375 0.0671875
9 0.165625 0.38984375 0.075 0.065625
9 0.4296875 0.834375 0.04375 0.1859375
2 0.51875 0.09921875 0.034375 0.096875
2 0.825 0.3265625 0.08125 0.059375
2 0.903125 0.45546875 0.071875 0.05
2 0.7015625 0.490625 0.0671875 0.0484375
0 0.92578125 0.24765625 0.121875 0.1015625
12 0.81640625 0.534375 0.2625 0.128125
4 0.6671875 0.6171875 0.034375 0.046875
4 0.6703125 0.41875 0.0390625 0.040625
4 0.20625 0.47421875 0.0359375 0.046875