4 0.3609375 0.4453125 0.0375 0.053125
13 0.09375 0.4734375 0.1 0.09375
9 0.19140625 0.4703125 0.090625 0.0734375
9 0.3 0.47421875 0.1 0.078125
9 0.21875 0.52734375 0.090625 0.0734375
9 0.27109375 0.609375 0.10625 0.084375
9 0.0546875 0.61171875 0.1 0.1109375
9 0.75703125 0.2765625 0.103125 0.1
9 0.8609375 0.27265625 0.1015625 0.090625
9 0.94296875 0.39609375 0.090625 0.075
2 0.8796875 0.340625 0.084375 0.071875
2 0.7796875 0.35078125 0.075 0.0703125
2 0.31484375 0.5296875 0.084375 0.0734375
2 0.159375 0.6140625 0.096875 0.0796875
2 0.10546875 0.540625 0.084375 0.06875
2 0.61796875 0.8765625 0.06875 0.1609375
0 0.8390625 0.39453125 0.1515625 0.121875