0 0.8515625 0.4375 0.1359375 0.109375
2 0.90234375 0.384375 0.078125 0.0546875
2 0.79453125 0.38671875 0.0640625 0.0640625
2 0.56796875 0.8953125 0.0484375 0.15625
2 0.3140625 0.5109375 0.0765625 0.0671875
2 0.14609375 0.57578125 0.0890625 0.065625
2 0.10234375 0.49375 0.0765625 0.06875
9 0.1984375 0.43046875 0.0796875 0.05625
9 0.22109375 0.4953125 0.090625 0.0703125
9 0.30546875 0.45234375 0.0953125 0.0671875
9 0.2578125 0.57421875 0.0953125 0.078125
9 0.04296875 0.5609375 0.0859375 0.109375
9 0.784375 0.30859375 0.090625 0.0859375
9 0.8859375 0.32265625 0.096875 0.0859375
9 0.95390625 0.4546875 0.0859375 0.0765625
4 0.3671875 0.4265625 0.0359375 0.046875
13 0.1015625 0.4265625 0.0890625 0.0765625