4 0.384375 0.26328125 0.03125 0.0515625
4 0.47109375 0.38046875 0.03125 0.05
4 0.41640625 0.65390625 0.0390625 0.0421875
4 0.30390625 0.68828125 0.0484375 0.0453125
4 0.20234375 0.49765625 0.0421875 0.0453125
4 0.19296875 0.53828125 0.04375 0.046875
9 0.13984375 0.40078125 0.09375 0.084375
9 0.16640625 0.4546875 0.084375 0.06875
9 0.0953125 0.53515625 0.0953125 0.078125
9 0.0515625 0.490625 0.0921875 0.0796875
9 0.5015625 0.9171875 0.084375 0.165625
9 0.59453125 0.41640625 0.1046875 0.0953125
9 0.6390625 0.459375 0.1015625 0.0953125
9 0.92890625 0.32890625 0.0875 0.075
2 0.8546875 0.4140625 0.0859375 0.0765625
2 0.49375 0.52578125 0.0796875 0.0765625
2 0.4390625 0.9375 0.065625 0.125
12 0.703125 0.5234375 0.2859375 0.1671875