4 0.71953125 0.43828125 0.040625 0.0515625
4 0.228125 0.375 0.04375 0.046875
4 0.20234375 0.41015625 0.046875 0.0421875
4 0.28984375 0.43671875 0.0484375 0.0671875
4 0.675 0.46171875 0.0484375 0.053125
4 0.6671875 0.6515625 0.0453125 0.0453125
4 0.62734375 0.6578125 0.04375 0.0484375
9 0.2046875 0.26796875 0.09375 0.0828125
9 0.21171875 0.32578125 0.0875 0.071875
9 0.11171875 0.37734375 0.0984375 0.0828125
9 0.09140625 0.315625 0.09375 0.078125
9 0.77578125 0.465625 0.1046875 0.096875
9 0.8015625 0.52578125 0.10625 0.0953125
2 0.6859375 0.54296875 0.0828125 0.0828125
9 0.34375 0.88359375 0.0828125 0.1796875
2 0.89375 0.5484375 0.084375 0.0703125
2 0.28046875 0.88671875 0.06875 0.1375
12 0.7953125 0.60703125 0.28125 0.1625