9 0.1390625 0.4046875 0.096875 0.0796875
9 0.16328125 0.45390625 0.0921875 0.0734375
9 0.096875 0.53984375 0.103125 0.0828125
9 0.05078125 0.4890625 0.09375 0.078125
9 0.73984375 0.3578125 0.1109375 0.1015625
9 0.78046875 0.39921875 0.1046875 0.0890625
9 0.50703125 0.90859375 0.0859375 0.1828125
9 0.53203125 0.5515625 0.059375 0.134375
2 0.43046875 0.23203125 0.053125 0.1046875
2 0.253125 0.5765625 0.09375 0.1015625
2 0.4484375 0.93203125 0.06875 0.1359375
2 0.88046875 0.384375 0.0828125 0.0609375
2 0.68671875 0.46171875 0.084375 0.0828125
4 0.67890625 0.3578125 0.0515625 0.0578125
4 0.64375 0.39453125 0.0484375 0.053125
4 0.20078125 0.49375 0.046875 0.053125
4 0.19296875 0.53125 0.040625 0.046875
4 0.09375 0.70078125 0.0609375 0.0796875
4 0.65390625 0.8078125 0.046875 0.0828125
4 0.71171875 0.57265625 0.0421875 0.05625
4 0.678125 0.5953125 0.046875 0.05
12 0.8046875 0.47109375 0.296875 0.1875
4 0.38046875 0.11640625 0.034375 0.0609375
2 0.36640625 0.42890625 0.08125 0.1125