12 0.2109375 0.60859375 0.2875 0.184375
2 0.10546875 0.55 0.0828125 0.0671875
2 0.31171875 0.53828125 0.08125 0.075
2 0.48359375 0.5515625 0.0734375 0.140625
2 0.725 0.88125 0.0671875 0.1390625
2 0.434375 0.0734375 0.04375 0.0921875
2 0.3953125 0.06875 0.0484375 0.084375
9 0.5453125 0.3046875 0.0765625 0.1265625
9 0.425 0.23125 0.0609375 0.1375
9 0.7890625 0.26953125 0.0953125 0.0828125
9 0.7875 0.32109375 0.0890625 0.084375
9 0.9 0.30859375 0.1 0.084375
9 0.8984375 0.37265625 0.103125 0.08125
9 0.6609375 0.88125 0.0875 0.190625
9 0.22421875 0.47265625 0.1109375 0.1
9 0.19921875 0.53046875 0.10625 0.0953125
4 0.28046875 0.44453125 0.0375 0.0515625
4 0.32421875 0.459375 0.0453125 0.046875
4 0.33671875 0.65234375 0.0484375 0.05
4 0.37265625 0.6546875 0.0453125 0.053125
4 0.7703125 0.371875 0.0453125 0.053125
4 0.79296875 0.40859375 0.0453125 0.0484375
4 0.4828125 0.20390625 0.05 0.0765625