0 0.43046875 0.684375 0.06875 0.271875
4 0.3953125 0.85625 0.021875 0.071875
4 0.2 0.471875 0.040625 0.04375
4 0.66875 0.421875 0.0375 0.04375
4 0.6640625 0.61796875 0.0359375 0.04375
12 0.725 0.2859375 0.225 0.146875
12 0.809375 0.53828125 0.2546875 0.121875
9 0.8015625 0.45859375 0.0875 0.08125
9 0.4734375 0.06953125 0.0328125 0.103125
9 0.16875 0.33046875 0.0765625 0.075
9 0.184375 0.38671875 0.071875 0.06875
9 0.065625 0.4015625 0.084375 0.0640625
2 0.6953125 0.49609375 0.0703125 0.0609375
2 0.8984375 0.459375 0.0765625 0.053125
2 0.51328125 0.096875 0.0328125 0.096875
2 0.5328125 0.41875 0.0671875 0.0984375
4 0.26796875 0.07578125 0.0234375 0.04375