9 0.25859375 0.34296875 0.1109375 0.1
9 0.22109375 0.38515625 0.1046875 0.0921875
9 0.5234375 0.56328125 0.0796875 0.128125
9 0.63125 0.09140625 0.053125 0.1
9 0.8640625 0.41953125 0.09375 0.0765625
9 0.83359375 0.4703125 0.0875 0.075
9 0.49375 0.8203125 0.08125 0.184375
9 0.49296875 0.4109375 0.0875 0.109375
2 0.584375 0.10859375 0.053125 0.1015625
2 0.33203125 0.26640625 0.08125 0.075
2 0.13359375 0.2125 0.0671875 0.065625
2 0.12109375 0.365625 0.0859375 0.0671875
2 0.3140625 0.44609375 0.0859375 0.0796875
4 0.33515625 0.346875 0.0421875 0.0515625
4 0.35703125 0.38125 0.0421875 0.04375
9 0.9453125 0.51484375 0.0953125 0.0828125
4 0.29296875 0.084375 0.0375 0.0484375
4 0.79453125 0.5078125 0.046875 0.0515625
4 0.8 0.54609375 0.0453125 0.053125
4 0.28046875 0.5640625 0.0390625 0.0453125
4 0.31484375 0.5765625 0.04375 0.040625