4 0.2828125 0.4359375 0.0421875 0.04375
4 0.3296875 0.45859375 0.040625 0.0453125
4 0.3296875 0.6515625 0.0515625 0.046875
4 0.36875 0.65 0.0421875 0.0421875
4 0.7765625 0.39453125 0.046875 0.0484375
4 0.7984375 0.425 0.0421875 0.04375
9 0.23046875 0.465625 0.1046875 0.0984375
9 0.203125 0.51640625 0.103125 0.090625
9 0.8015625 0.28515625 0.09375 0.08125
9 0.79453125 0.3421875 0.0859375 0.075
9 0.91484375 0.33515625 0.0921875 0.0703125
9 0.890625 0.39609375 0.09375 0.0859375
9 0.6421875 0.89453125 0.0734375 0.178125
2 0.1046875 0.53671875 0.08125 0.0609375
2 0.31484375 0.53828125 0.08125 0.0703125
2 0.70703125 0.8984375 0.0640625 0.1421875
12 0.20625 0.5953125 0.284375 0.1609375