12 0.18828125 0.48046875 0.2875 0.165625
0 0.42578125 0.31015625 0.1484375 0.1625
2 0.1484375 0.2546875 0.0859375 0.0765625
2 0.5546875 0.109375 0.05 0.0984375
2 0.52890625 0.55546875 0.059375 0.0984375
2 0.30859375 0.46015625 0.078125 0.0734375
2 0.11484375 0.390625 0.08125 0.0609375
9 0.2125 0.40390625 0.1 0.09375
9 0.60234375 0.0828125 0.046875 0.1171875
9 0.8546875 0.396875 0.096875 0.0796875
9 0.83046875 0.44296875 0.08125 0.06875
9 0.94296875 0.48046875 0.0984375 0.078125
4 0.3484375 0.39609375 0.04375 0.0515625
4 0.21796875 0.3453125 0.0390625 0.0421875
4 0.14921875 0.5390625 0.0453125 0.0484375
4 0.31875 0.59140625 0.0390625 0.0390625
4 0.50859375 0.3734375 0.034375 0.05
4 0.93671875 0.52890625 0.0359375 0.034375
4 0.8015625 0.525 0.0484375 0.046875
2 0.48828125 0.95234375 0.0609375 0.0953125