2 0.54296875 0.77734375 0.0515625 0.1328125
2 0.50546875 0.46796875 0.059375 0.0875
2 0.53671875 0.1015625 0.040625 0.1
2 0.1078125 0.4109375 0.0765625 0.0640625
2 0.30859375 0.47265625 0.078125 0.0671875
12 0.18828125 0.50546875 0.2734375 0.1515625
0 0.3375 0.2734375 0.14375 0.1625
9 0.58046875 0.078125 0.0453125 0.1171875
9 0.84765625 0.37421875 0.090625 0.075
9 0.82578125 0.43203125 0.08125 0.0703125
9 0.9390625 0.4578125 0.0921875 0.075
9 0.20703125 0.4265625 0.1 0.0890625
9 0.06328125 0.3390625 0.0953125 0.0859375
4 0.19375 0.56953125 0.0515625 0.053125
4 0.24921875 0.36171875 0.0359375 0.0390625
4 0.346875 0.4015625 0.0375 0.05
4 0.43671875 0.30078125 0.0375 0.04375
4 0.32421875 0.60078125 0.0375 0.0375
4 0.8046875 0.509375 0.046875 0.0515625
4 0.88203125 0.49296875 0.04375 0.040625