2 0.70078125 0.49765625 0.0671875 0.071875
2 0.965625 0.74140625 0.0640625 0.10625
2 0.58671875 0.3015625 0.0640625 0.0609375
2 0.4328125 0.884375 0.04375 0.15625
2 0.52109375 0.10390625 0.03125 0.090625
2 0.96796875 0.46796875 0.0640625 0.0640625
9 0.83671875 0.17421875 0.0671875 0.071875
9 0.809375 0.4625 0.0875 0.08125
9 0.378125 0.909375 0.046875 0.18125
9 0.4765625 0.07578125 0.0375 0.1015625
4 0.671875 0.42109375 0.0375 0.0421875
4 0.05625 0.90546875 0.046875 0.05
4 0.66796875 0.62265625 0.0375 0.0328125
12 0.53203125 0.6578125 0.1859375 0.415625
12 0.925 0.25703125 0.15 0.0890625
12 0.81640625 0.54140625 0.265625 0.134375