4 0.89296875 0.59375 0.0359375 0.040625
4 0.853125 0.3921875 0.028125 0.040625
4 0.66640625 0.4234375 0.034375 0.0453125
4 0.6609375 0.62109375 0.0328125 0.0359375
4 0.459375 0.4609375 0.025 0.05
4 0.1984375 0.47109375 0.0359375 0.0421875
9 0.06953125 0.40546875 0.084375 0.059375
9 0.1703125 0.3359375 0.08125 0.0640625
9 0.1875 0.3921875 0.078125 0.0546875
9 0.471875 0.071875 0.03125 0.10625
9 0.8015625 0.45703125 0.0921875 0.071875
2 0.69375 0.49453125 0.06875 0.05625
2 0.9 0.459375 0.0734375 0.0421875
2 0.7796875 0.328125 0.078125 0.065625
2 0.5125 0.103125 0.03125 0.090625
2 0.4390625 0.65234375 0.0359375 0.1078125
0 0.5375 0.38671875 0.1140625 0.1796875
12 0.9390625 0.246875 0.121875 0.1
12 0.8109375 0.53828125 0.265625 0.1375