12 0.19453125 0.525 0.275 0.146875
9 0.24453125 0.39765625 0.09375 0.0921875
9 0.20703125 0.446875 0.096875 0.0875
9 0.5453125 0.91171875 0.0625 0.1765625
9 0.846875 0.36640625 0.084375 0.0703125
9 0.828125 0.41953125 0.0828125 0.065625
9 0.94453125 0.44140625 0.0921875 0.0703125
9 0.9046875 0.4953125 0.0921875 0.0828125
4 0.79765625 0.45859375 0.0421875 0.04375
4 0.80859375 0.5015625 0.0375 0.04375
4 0.328125 0.396875 0.034375 0.040625
4 0.36953125 0.41640625 0.040625 0.0453125
4 0.31875 0.61484375 0.046875 0.04375
4 0.38203125 0.6203125 0.0359375 0.053125
2 0.60546875 0.9328125 0.0484375 0.134375
2 0.3171875 0.49375 0.075 0.0734375
2 0.109375 0.44453125 0.0828125 0.0625