12 0.81484375 0.45859375 0.2796875 0.178125
0 0.7859375 0.1734375 0.146875 0.1359375
2 0.69140625 0.44609375 0.0796875 0.0765625
2 0.8796875 0.3609375 0.0828125 0.06875
2 0.67109375 0.28515625 0.0921875 0.0765625
2 0.42109375 0.1109375 0.053125 0.1078125
9 0.375 0.09375 0.053125 0.1125
9 0.14375 0.41171875 0.1 0.0875
9 0.1234375 0.48671875 0.084375 0.075
9 0.54140625 0.31796875 0.0890625 0.090625
4 0.65 0.38125 0.04375 0.0515625
4 0.690625 0.575 0.0421875 0.04375
4 0.20625 0.54609375 0.0421875 0.04375
9 0.7828125 0.3828125 0.1125 0.1046875