0 0.54296875 0.6921875 0.10625 0.278125
4 0.55390625 0.8671875 0.03125 0.0734375
4 0.80078125 0.5140625 0.0453125 0.0484375
4 0.34375 0.39921875 0.04375 0.0484375
4 0.32109375 0.59375 0.040625 0.0484375
12 0.30703125 0.25703125 0.2421875 0.1765625
12 0.18828125 0.49453125 0.26875 0.1546875
9 0.20703125 0.4171875 0.096875 0.0921875
9 0.5859375 0.07734375 0.0453125 0.10625
9 0.8515625 0.378125 0.0875 0.084375
9 0.828125 0.43203125 0.0796875 0.0765625
9 0.94375 0.46328125 0.0921875 0.075
2 0.30703125 0.46875 0.078125 0.0703125
2 0.1109375 0.4046875 0.0828125 0.0625
2 0.54296875 0.09921875 0.0453125 0.1
2 0.47890625 0.41484375 0.0796875 0.10625
4 0.7890625 0.1125 0.0296875 0.0453125