12 0.80703125 0.54375 0.2671875 0.1234375
9 0.759375 0.41484375 0.090625 0.096875
9 0.796875 0.465625 0.09375 0.0796875
9 0.16796875 0.34375 0.084375 0.0625
9 0.18046875 0.39453125 0.075 0.05
9 0.0625 0.409375 0.0875 0.059375
9 0.096875 0.465625 0.0859375 0.0671875
9 0.4296875 0.9125 0.0515625 0.171875
2 0.690625 0.503125 0.0703125 0.059375
2 0.896875 0.4640625 0.0765625 0.053125
2 0.365625 0.93203125 0.04375 0.1359375
4 0.209375 0.446875 0.0328125 0.04375
4 0.19375 0.4796875 0.034375 0.04375
4 0.7015625 0.3984375 0.0328125 0.0390625
4 0.6640625 0.425 0.040625 0.0359375
4 0.6921875 0.6203125 0.0390625 0.046875
4 0.65625 0.62890625 0.0359375 0.0390625