2 0.1078125 0.8625 0.090625 0.128125
2 0.4265625 0.225 0.053125 0.1015625
2 0.46640625 0.18515625 0.05625 0.0984375
2 0.41953125 0.0515625 0.0453125 0.0828125
2 0.1078125 0.5546875 0.0796875 0.0625
2 0.3109375 0.540625 0.0859375 0.08125
9 0.78515625 0.2609375 0.0953125 0.0828125
9 0.7828125 0.31640625 0.084375 0.075
9 0.90390625 0.3 0.09375 0.084375
9 0.8796875 0.3671875 0.1 0.084375
9 0.678125 0.4203125 0.096875 0.1171875
9 0.4609375 0.42265625 0.0703125 0.1484375
9 0.66875 0.878125 0.0921875 0.184375
9 0.221875 0.47578125 0.1078125 0.0984375
9 0.20234375 0.5328125 0.1078125 0.0984375
2 0.73125 0.878125 0.071875 0.140625
2 0.2828125 0.44375 0.0421875 0.046875
2 0.32109375 0.46328125 0.04375 0.0515625
2 0.33828125 0.65390625 0.0453125 0.05
2 0.37578125 0.65625 0.0453125 0.0453125
2 0.7703125 0.3671875 0.0484375 0.046875
2 0.7921875 0.3984375 0.0515625 0.05
2 0.37734375 0.16171875 0.03125 0.0515625
2 0.546875 0.30078125 0.0515625 0.06875
12 0.215625 0.60859375 0.2875 0.18125