12 0.8140625 0.48359375 0.2796875 0.1703125
0 0.48984375 0.41484375 0.134375 0.209375
9 0.79375 0.4015625 0.1 0.0859375
9 0.40234375 0.08359375 0.0515625 0.11875
9 0.33515625 0.078125 0.046875 0.0921875
9 0.1546875 0.39453125 0.0890625 0.0796875
2 0.45078125 0.11171875 0.046875 0.1015625
2 0.3578125 0.22421875 0.0421875 0.0875
2 0.484375 0.80390625 0.071875 0.1703125
2 0.69375 0.4609375 0.0828125 0.071875
2 0.88984375 0.38984375 0.0828125 0.0671875
4 0.65546875 0.39296875 0.04375 0.05
4 0.68828125 0.5890625 0.0390625 0.0390625
4 0.20703125 0.52265625 0.0453125 0.053125