12 0.80625 0.5390625 0.2640625 0.128125
9 0.1640625 0.3375 0.0859375 0.0671875
9 0.0609375 0.40390625 0.084375 0.0609375
9 0.1796875 0.38984375 0.078125 0.0625
9 0.5140625 0.38828125 0.0359375 0.109375
9 0.2578125 0.071875 0.0640625 0.084375
9 0.096875 0.4625 0.0890625 0.05625
9 0.7609375 0.4109375 0.0890625 0.084375
9 0.79765625 0.45859375 0.0921875 0.08125
9 0.425 0.9015625 0.0453125 0.18125
2 0.4765625 0.1109375 0.034375 0.090625
2 0.4203125 0.33125 0.0546875 0.1046875
2 0.32734375 0.46484375 0.0734375 0.0984375
2 0.36640625 0.921875 0.0421875 0.14375
2 0.52421875 0.9328125 0.053125 0.134375
2 0.89296875 0.459375 0.075 0.0484375
4 0.20625 0.4390625 0.034375 0.0421875
4 0.18984375 0.471875 0.0328125 0.040625
4 0.7015625 0.39375 0.0375 0.034375
4 0.6625 0.421875 0.0390625 0.0328125
4 0.69453125 0.61328125 0.0375 0.04375
4 0.6578125 0.62421875 0.0359375 0.040625
4 0.565625 0.628125 0.028125 0.071875
4 0.1546875 0.5734375 0.05 0.08125
4 0.459375 0.01953125 0.015625 0.0359375
2 0.6921875 0.49609375 0.0703125 0.059375