4 0.21484375 0.41640625 0.0375 0.0453125
4 0.19453125 0.453125 0.0375 0.05
4 0.70546875 0.40703125 0.03125 0.04375
4 0.66875 0.4359375 0.0375 0.040625
4 0.684375 0.61875 0.0421875 0.05
4 0.65078125 0.63125 0.0375 0.0390625
2 0.68828125 0.5078125 0.0703125 0.06875
2 0.89609375 0.4890625 0.078125 0.05625
2 0.52734375 0.2421875 0.0390625 0.121875
2 0.340625 0.928125 0.0484375 0.1234375
12 0.8046875 0.56015625 0.2734375 0.1328125
12 0.8875 0.84453125 0.196875 0.3109375
9 0.80234375 0.478125 0.0953125 0.0859375
9 0.76953125 0.42734375 0.096875 0.0859375
9 0.928125 0.30859375 0.08125 0.065625
9 0.5421875 0.05859375 0.0359375 0.1125
9 0.4875 0.14140625 0.0359375 0.1078125
9 0.178125 0.3125 0.0828125 0.0734375
9 0.1890625 0.371875 0.08125 0.0671875
9 0.071875 0.375 0.0875 0.071875
9 0.403125 0.8953125 0.0625 0.1765625
4 0.49140625 0.059375 0.0375 0.0578125