2 0.38671875 0.75703125 0.0546875 0.1328125
2 0.503125 0.4671875 0.0609375 0.0875
2 0.56796875 0.10546875 0.0421875 0.1
2 0.9015625 0.515625 0.078125 0.0640625
2 0.69140625 0.52265625 0.0796875 0.06875
12 0.79921875 0.5859375 0.275 0.15625
0 0.715625 0.3234375 0.146875 0.1640625
9 0.53203125 0.071875 0.046875 0.1171875
9 0.196875 0.28828125 0.0921875 0.0765625
9 0.203125 0.35 0.0828125 0.0703125
9 0.08671875 0.34609375 0.0921875 0.0765625
9 0.80234375 0.5046875 0.1015625 0.090625
9 0.95703125 0.4578125 0.0859375 0.0875
4 0.77734375 0.64609375 0.053125 0.0546875
4 0.778125 0.43125 0.0375 0.040625
4 0.6734375 0.44453125 0.0375 0.0515625
4 0.6125 0.32421875 0.0375 0.0453125
4 0.64375 0.64296875 0.0375 0.0390625
4 0.203125 0.4296875 0.0484375 0.0515625
4 0.1328125 0.39453125 0.04375 0.040625