4 0.6703125 0.3515625 0.04375 0.053125
4 0.63984375 0.38828125 0.046875 0.05
4 0.71796875 0.56796875 0.04375 0.0453125
4 0.6796875 0.58125 0.046875 0.0484375
4 0.19921875 0.5140625 0.0421875 0.0453125
4 0.19296875 0.5484375 0.0484375 0.0484375
9 0.13515625 0.4265625 0.0984375 0.078125
9 0.16328125 0.4734375 0.090625 0.078125
9 0.05625 0.51484375 0.1015625 0.078125
9 0.1015625 0.56328125 0.096875 0.078125
9 0.73203125 0.353125 0.1109375 0.10625
9 0.7796875 0.38828125 0.103125 0.1
2 0.875 0.36640625 0.0921875 0.071875
2 0.6859375 0.45703125 0.0796875 0.0734375
2 0.471875 0.93359375 0.075 0.1328125
9 0.528125 0.909375 0.096875 0.18125
12 0.8046875 0.4609375 0.2890625 0.1859375