9 0.13984375 0.33671875 0.08125 0.065625
9 0.47734375 0.0671875 0.0296875 0.1015625
9 0.80703125 0.45546875 0.0875 0.078125
9 0.37734375 0.51484375 0.0328125 0.1328125
2 0.51796875 0.10390625 0.0296875 0.09375
2 0.40703125 0.1703125 0.0265625 0.0875
2 0.37421875 0.728125 0.0359375 0.1390625
2 0.6984375 0.49296875 0.0671875 0.059375
2 0.953125 0.4609375 0.06875 0.059375
12 0.81328125 0.53671875 0.2640625 0.1265625
0 0.4296875 0.74609375 0.0546875 0.278125
4 0.66953125 0.4234375 0.0359375 0.0453125
4 0.66875 0.62109375 0.03125 0.0359375
4 0.2078125 0.4703125 0.034375 0.034375