4 0.20703125 0.5390625 0.0453125 0.053125
4 0.646875 0.38359375 0.0453125 0.0421875
4 0.68984375 0.5734375 0.046875 0.05
2 0.4234375 0.11171875 0.053125 0.103125
2 0.3640625 0.36171875 0.059375 0.1046875
2 0.88046875 0.36484375 0.084375 0.0671875
2 0.6921875 0.4453125 0.08125 0.06875
2 0.5453125 0.9171875 0.090625 0.165625
9 0.32265625 0.19609375 0.053125 0.09375
9 0.37734375 0.0984375 0.0546875 0.1125
9 0.7859375 0.38828125 0.1078125 0.0984375
9 0.14609375 0.41875 0.0984375 0.0875
0 0.46953125 0.48515625 0.134375 0.2171875
12 0.81640625 0.46015625 0.284375 0.18125