2 0.46328125 0.10234375 0.0390625 0.1015625
2 0.82578125 0.25625 0.0765625 0.0671875
2 0.9578125 0.4 0.0734375 0.0703125
2 0.696875 0.465625 0.08125 0.0640625
2 0.23203125 0.49375 0.0765625 0.0625
2 0.48828125 0.88671875 0.0609375 0.146875
9 0.434375 0.9125 0.071875 0.175
9 0.42421875 0.57734375 0.0890625 0.1203125
9 0.41875 0.0859375 0.0390625 0.1109375
9 0.8 0.4140625 0.1015625 0.090625
12 0.81875 0.49375 0.278125 0.1625
9 0.1671875 0.17734375 0.0765625 0.0859375
4 0.75234375 0.1046875 0.0359375 0.0515625
4 0.659375 0.4015625 0.0421875 0.0515625
4 0.68203125 0.60078125 0.034375 0.0390625