0 0.85546875 0.49140625 0.15 0.1234375
9 0.809375 0.36328125 0.10625 0.1078125
9 0.91015625 0.3890625 0.1015625 0.096875
9 0.95390625 0.53046875 0.0921875 0.08125
9 0.315625 0.4125 0.0921875 0.0796875
9 0.2140625 0.37578125 0.0875 0.0703125
9 0.221875 0.4484375 0.0921875 0.084375
9 0.24765625 0.53359375 0.0984375 0.08125
9 0.04453125 0.4734375 0.0890625 0.1125
13 0.1171875 0.3546875 0.0984375 0.090625
2 0.2609375 0.1234375 0.0609375 0.075
2 0.1109375 0.42265625 0.0828125 0.078125
2 0.13984375 0.50859375 0.1015625 0.08125
2 0.3140625 0.47265625 0.0859375 0.06875
2 0.91015625 0.45625 0.084375 0.0703125
2 0.81015625 0.4375 0.06875 0.0625
2 0.4984375 0.89296875 0.0625 0.15
4 0.3828125 0.40234375 0.040625 0.0484375