4 0.20078125 0.528125 0.046875 0.05
4 0.6484375 0.38203125 0.0453125 0.053125
4 0.68828125 0.58046875 0.040625 0.0453125
9 0.77109375 0.2203125 0.0953125 0.08125
9 0.38828125 0.08515625 0.0484375 0.109375
9 0.325 0.209375 0.053125 0.1046875
9 0.36484375 0.51875 0.0640625 0.1328125
9 0.14375 0.40234375 0.0890625 0.0734375
9 0.1703125 0.453125 0.08125 0.0671875
9 0.0578125 0.48984375 0.0984375 0.08125
9 0.78828125 0.3875 0.1046875 0.0921875
2 0.8828125 0.3703125 0.0828125 0.0609375
2 0.690625 0.4515625 0.0796875 0.075
2 0.60234375 0.30859375 0.0859375 0.0828125
2 0.43359375 0.1078125 0.0453125 0.1
12 0.81640625 0.46875 0.2875 0.1796875
0 0.47109375 0.50546875 0.1296875 0.2234375