4 0.20625 0.4671875 0.0359375 0.046875
4 0.6703125 0.42265625 0.0390625 0.034375
4 0.66640625 0.6171875 0.0375 0.04375
2 0.51953125 0.1046875 0.0296875 0.0984375
2 0.4015625 0.3328125 0.0359375 0.0984375
2 0.9015625 0.4609375 0.075 0.05
2 0.7 0.49375 0.0703125 0.0546875
2 0.4421875 0.91875 0.053125 0.1625
9 0.4015625 0.1625 0.0328125 0.0890625
9 0.478125 0.08046875 0.0296875 0.109375
9 0.8046875 0.4609375 0.0921875 0.078125
9 0.1765625 0.3359375 0.084375 0.0703125
0 0.47421875 0.478125 0.0875 0.2015625
12 0.81640625 0.5375 0.2625 0.121875