4 0.79375 0.45234375 0.0359375 0.0453125
4 0.80859375 0.490625 0.0375 0.05
4 0.3078125 0.3828125 0.0296875 0.0421875
4 0.33984375 0.415625 0.0375 0.0390625
4 0.30234375 0.5953125 0.040625 0.0484375
4 0.334375 0.61171875 0.0359375 0.0390625
2 0.3125 0.484375 0.06875 0.0671875
2 0.1078125 0.44140625 0.078125 0.0546875
2 0.50390625 0.240625 0.0359375 0.1203125
2 0.6046875 0.94140625 0.046875 0.1171875
12 0.190625 0.52265625 0.271875 0.128125
12 0.0828125 0.81171875 0.165625 0.3421875
9 0.20234375 0.44140625 0.09375 0.084375
9 0.24140625 0.39453125 0.0953125 0.084375
9 0.0984375 0.2578125 0.0796875 0.065625
9 0.5125 0.05703125 0.034375 0.1125
9 0.55625 0.1453125 0.034375 0.10625
9 0.8421875 0.353125 0.0828125 0.071875
9 0.82421875 0.4109375 0.08125 0.0671875
9 0.940625 0.428125 0.0875 0.0703125
9 0.54765625 0.90390625 0.059375 0.1765625
4 0.56171875 0.06328125 0.0359375 0.0578125