9 0.80390625 0.4515625 0.0921875 0.0875
9 0.6671875 0.29921875 0.0703125 0.0640625
9 0.4703125 0.07265625 0.03125 0.0984375
9 0.1734375 0.3375 0.084375 0.0671875
9 0.1640625 0.3953125 0.075 0.0671875
9 0.43515625 0.8359375 0.046875 0.1859375
2 0.51171875 0.09921875 0.0359375 0.096875
2 0.821875 0.32109375 0.08125 0.059375
2 0.90234375 0.4484375 0.0734375 0.0515625
2 0.7015625 0.48671875 0.0671875 0.05
0 0.92109375 0.240625 0.1234375 0.103125
12 0.8171875 0.52890625 0.2640625 0.1328125
4 0.66953125 0.6140625 0.034375 0.046875
4 0.66875 0.415625 0.0390625 0.040625
4 0.20546875 0.4796875 0.0359375 0.046875