2 0.578125 0.38984375 0.0765625 0.0890625
2 0.58671875 0.10703125 0.04375 0.10625
2 0.696875 0.52421875 0.0828125 0.071875
2 0.90546875 0.52421875 0.0796875 0.0671875
2 0.7953125 0.9328125 0.1125 0.134375
9 0.55 0.071875 0.04375 0.1109375
9 0.41484375 0.29921875 0.0484375 0.1125
9 0.328125 0.675 0.0625 0.1578125
9 0.20703125 0.27265625 0.0921875 0.0765625
9 0.21171875 0.3359375 0.0859375 0.0671875
9 0.09453125 0.3234375 0.0953125 0.075
9 0.75859375 0.3390625 0.084375 0.078125
9 0.80859375 0.50703125 0.1015625 0.084375
12 0.80546875 0.59375 0.2796875 0.1609375
4 0.68046875 0.446875 0.04375 0.0453125
4 0.64375 0.6375 0.0390625 0.0453125
4 0.21171875 0.41484375 0.040625 0.046875