9 0.6640625 0.51484375 0.0875 0.09375
9 0.91484375 0.2578125 0.078125 0.0734375
9 0.58984375 0.084375 0.0484375 0.1078125
9 0.20234375 0.41171875 0.1015625 0.0859375
9 0.559375 0.9171875 0.071875 0.165625
2 0.5421875 0.10859375 0.04375 0.1
2 0.30390625 0.4640625 0.0765625 0.0640625
2 0.88671875 0.5203125 0.0828125 0.0765625
2 0.50390625 0.88984375 0.0625 0.1515625
12 0.18125 0.4953125 0.2734375 0.1625
4 0.340625 0.39609375 0.0390625 0.05
4 0.3359375 0.078125 0.03125 0.046875
4 0.31640625 0.59765625 0.0359375 0.040625
2 0.04453125 0.39140625 0.06875 0.06875