12 0.18515625 0.54140625 0.2609375 0.1234375
0 0.13984375 0.25859375 0.125 0.1109375
2 0.30078125 0.496875 0.06875 0.0640625
2 0.096875 0.4640625 0.0734375 0.0546875
2 0.27890625 0.33671875 0.08125 0.0609375
2 0.475 0.103125 0.0296875 0.1046875
9 0.51640625 0.07578125 0.0296875 0.109375
9 0.82109375 0.32265625 0.0875 0.06875
9 0.8609375 0.38984375 0.0734375 0.059375
9 0.4125 0.33515625 0.075 0.0765625
4 0.32421875 0.42421875 0.034375 0.0453125
4 0.33515625 0.621875 0.034375 0.0375
4 0.7953125 0.46796875 0.034375 0.0359375
9 0.19609375 0.46015625 0.0953125 0.0859375