2 0.9515625 0.30859375 0.0625 0.05625
2 0.9015625 0.46015625 0.0828125 0.0546875
2 0.69296875 0.49609375 0.06875 0.0609375
2 0.5140625 0.10625 0.0296875 0.0984375
9 0.47109375 0.071875 0.028125 0.109375
9 0.49140625 0.48515625 0.0640625 0.1234375
9 0.57578125 0.37265625 0.071875 0.084375
9 0.70625 0.31484375 0.078125 0.06875
9 0.76484375 0.40703125 0.08125 0.0921875
9 0.8 0.45546875 0.090625 0.08125
9 0.184375 0.38984375 0.0796875 0.059375
9 0.16953125 0.33046875 0.084375 0.0640625
9 0.0671875 0.40234375 0.0859375 0.071875
4 0.703125 0.3921875 0.03125 0.040625
4 0.665625 0.421875 0.0359375 0.0421875
4 0.69453125 0.6125 0.0375 0.04375
4 0.6609375 0.62109375 0.0390625 0.0453125
4 0.68984375 0.0859375 0.0296875 0.0453125
4 0.209375 0.434375 0.034375 0.046875
4 0.196875 0.471875 0.0375 0.0421875
12 0.8046875 0.534375 0.26875 0.115625