9 0.2453125 0.25625 0.08125 0.0765625
9 0.5953125 0.11328125 0.0484375 0.1046875
9 0.85234375 0.39296875 0.090625 0.0734375
9 0.8328125 0.43828125 0.096875 0.08125
9 0.9453125 0.4765625 0.096875 0.0796875
9 0.25390625 0.365625 0.10625 0.096875
9 0.2140625 0.409375 0.103125 0.0890625
9 0.5046875 0.91015625 0.078125 0.1796875
2 0.53828125 0.184375 0.0484375 0.103125
2 0.3109375 0.465625 0.075 0.071875
2 0.11796875 0.39921875 0.0796875 0.0640625
4 0.31796875 0.36484375 0.0390625 0.0390625
4 0.3515625 0.3984375 0.040625 0.0453125
4 0.28984375 0.578125 0.04375 0.053125
4 0.32421875 0.5953125 0.034375 0.040625
4 0.79765625 0.478125 0.040625 0.05
4 0.8078125 0.52265625 0.046875 0.0515625
4 0.60859375 0.053125 0.0390625 0.0625