2 0.38203125 0.92890625 0.05 0.1421875
2 0.440625 0.11171875 0.03125 0.0875
9 0.85625 0.434375 0.096875 0.0984375
9 0.15 0.35 0.0875 0.06875
9 0.16640625 0.4015625 0.084375 0.06875
9 0.05078125 0.4296875 0.0875 0.071875
9 0.0890625 0.48125 0.09375 0.071875
9 0.4453125 0.91171875 0.0625 0.1765625
12 0.54921875 0.5640625 0.2828125 0.1359375
13 0.63046875 0.478125 0.09375 0.0703125
4 0.1953125 0.4484375 0.0390625 0.0484375
4 0.1828125 0.484375 0.040625 0.0484375
4 0.36015625 0.08203125 0.0203125 0.0484375