2 0.675 0.91484375 0.05 0.1453125
2 0.51484375 0.1078125 0.0359375 0.0921875
2 0.83828125 0.43203125 0.0765625 0.06875
2 0.88359375 0.36875 0.1234375 0.0796875
9 0.67265625 0.46171875 0.0953125 0.084375
9 0.65 0.36484375 0.0859375 0.0734375
9 0.59453125 0.3046875 0.08125 0.0703125
9 0.4859375 0.35625 0.0765625 0.0640625
9 0.60703125 0.90703125 0.059375 0.1703125
9 0.115625 0.88984375 0.0890625 0.1625
2 0.315625 0.496875 0.084375 0.08125
4 0.4390625 0.06640625 0.01875 0.05
4 0.47421875 0.0375 0.0234375 0.0609375
4 0.5015625 0.9109375 0.0375 0.0640625
4 0.35859375 0.628125 0.040625 0.04375
4 0.72421875 0.8328125 0.0296875 0.059375
12 0.86484375 0.30234375 0.2421875 0.1328125