12 0.77734375 0.31328125 0.2453125 0.15625
9 0.50703125 0.3015625 0.0859375 0.075
9 0.37109375 0.47421875 0.1109375 0.128125
9 0.4671875 0.8125 0.090625 0.1734375
9 0.34375 0.88828125 0.084375 0.184375
9 0.928125 0.53359375 0.1125 0.1109375
9 0.1 0.38828125 0.0984375 0.075
9 0.08984375 0.25859375 0.084375 0.071875
2 0.27265625 0.2828125 0.090625 0.0828125
2 0.278125 0.89765625 0.065625 0.1390625
2 0.67890625 0.521875 0.1 0.090625
2 0.71875 0.603125 0.090625 0.08125
2 0.8921875 0.621875 0.0984375 0.0921875
2 0.8625 0.4 0.071875 0.0671875
2 0.53125 0.109375 0.0453125 0.0921875
4 0.621875 0.64375 0.046875 0.046875
4 0.23203125 0.80546875 0.040625 0.0703125
4 0.56171875 0.15625 0.0328125 0.0703125
4 0.5953125 0.190625 0.0328125 0.0625