13 0.8484375 0.39765625 0.0953125 0.08125
9 0.20546875 0.3421875 0.096875 0.096875
9 0.10234375 0.3609375 0.1015625 0.08125
9 0.04609375 0.49375 0.090625 0.0625
9 0.58359375 0.57734375 0.0875 0.0734375
9 0.52578125 0.50859375 0.084375 0.0703125
9 0.42890625 0.26875 0.05625 0.0984375
9 0.459375 0.084375 0.0359375 0.1234375
9 0.6671875 0.4234375 0.0796875 0.0734375
9 0.95078125 0.5125 0.0984375 0.1125
2 0.09375 0.425 0.078125 0.0640625
2 0.19453125 0.4125 0.0734375 0.065625
2 0.33828125 0.55234375 0.0796875 0.075
2 0.465625 0.890625 0.0578125 0.1671875
2 0.771875 0.55625 0.0875 0.0671875
2 0.84296875 0.46640625 0.084375 0.0828125
2 0.95546875 0.3859375 0.0671875 0.0703125
0 0.14609375 0.475 0.1421875 0.10625