12 0.240625 0.4828125 0.3015625 0.1875
12 0.740625 0.6625 0.2953125 0.1890625
2 0.70390625 0.56796875 0.084375 0.075
2 0.54140625 0.934375 0.0734375 0.13125
2 0.62578125 0.12734375 0.0453125 0.084375
9 0.92890625 0.646875 0.0984375 0.0859375
9 0.95234375 0.50625 0.0953125 0.08125
9 0.87109375 0.4125 0.096875 0.0875
9 0.84375 0.46328125 0.090625 0.078125
9 0.9078125 0.553125 0.103125 0.0859375
9 0.48359375 0.91015625 0.0859375 0.1796875
13 0.12265625 0.3765625 0.1171875 0.0890625
4 0.60390625 0.29375 0.0375 0.05625
4 0.80390625 0.503125 0.04375 0.0484375
4 0.8140625 0.54375 0.04375 0.046875