2 0.72265625 0.303125 0.0671875 0.0625
2 0.5046875 0.11171875 0.040625 0.09375
2 0.68671875 0.91484375 0.0609375 0.140625
2 0.3203125 0.50625 0.09375 0.0890625
2 0.2875 0.5859375 0.08125 0.078125
2 0.1796875 0.59140625 0.0890625 0.084375
2 0.24453125 0.31171875 0.08125 0.065625
9 0.1921875 0.49140625 0.1109375 0.115625
9 0.52265625 0.71875 0.09375 0.153125
9 0.625 0.903125 0.06875 0.1765625
9 0.35234375 0.35546875 0.084375 0.0796875
9 0.83515625 0.43359375 0.090625 0.0671875
10 0.68125 0.38125 0.2546875 0.1296875
4 0.46953125 0.15234375 0.028125 0.05625
4 0.4296875 0.1828125 0.03125 0.075
4 0.7375 0.82890625 0.03125 0.06875
4 0.3671875 0.63828125 0.0453125 0.0515625