13 0.9 0.41875 0.0890625 0.0734375
9 0.5375 0.396875 0.075 0.075
9 0.765625 0.428125 0.0734375 0.06875
9 0.678125 0.503125 0.0859375 0.071875
9 0.6921875 0.57578125 0.0875 0.071875
9 0.959375 0.54921875 0.08125 0.0984375
9 0.215625 0.31875 0.0875 0.090625
9 0.1140625 0.33359375 0.0859375 0.075
9 0.04609375 0.465625 0.0828125 0.0640625
9 0.48828125 0.0625 0.028125 0.1140625
0 0.1515625 0.45234375 0.1390625 0.096875
2 0.1 0.396875 0.075 0.0546875
2 0.20390625 0.39375 0.071875 0.065625
2 0.43671875 0.896875 0.0375 0.15
2 0.53671875 0.51875 0.065625 0.0625
2 0.83046875 0.5734375 0.0875 0.075
2 0.89375 0.4875 0.078125 0.05625
4 0.45 0.30703125 0.03125 0.059375