9 0.35703125 0.53046875 0.0859375 0.103125
9 0.3875 0.91015625 0.0609375 0.16875
9 0.8078125 0.4859375 0.103125 0.1109375
9 0.92265625 0.5015625 0.0921875 0.0828125
9 0.76484375 0.36328125 0.0859375 0.08125
9 0.53359375 0.0890625 0.0375 0.0984375
2 0.071875 0.33125 0.075 0.05625
2 0.28359375 0.31875 0.078125 0.0640625
2 0.48359375 0.11171875 0.0328125 0.096875
2 0.68046875 0.50625 0.0875 0.0828125
2 0.7140625 0.57734375 0.08125 0.0765625
2 0.821875 0.58125 0.0859375 0.071875
2 0.9671875 0.35390625 0.065625 0.0671875
2 0.3234375 0.92265625 0.05 0.1359375
12 0.71875 0.28828125 0.23125 0.14375
4 0.2703125 0.8359375 0.03125 0.08125
4 0.5546875 0.18515625 0.025 0.0703125
4 0.51640625 0.15234375 0.021875 0.0609375
4 0.63828125 0.63203125 0.0390625 0.0515625