4 0.76171875 0.6046875 0.0453125 0.046875
4 0.4203125 0.54296875 0.034375 0.0390625
4 0.3453125 0.56171875 0.0296875 0.040625
9 0.428125 0.9125 0.053125 0.175
9 0.26171875 0.38671875 0.075 0.0671875
9 0.1984375 0.33359375 0.0796875 0.0703125
9 0.1265625 0.39765625 0.0859375 0.0703125
9 0.15390625 0.459375 0.090625 0.0640625
2 0.68125 0.47734375 0.090625 0.0734375
2 0.36484375 0.93203125 0.0453125 0.1359375
2 0.45234375 0.10703125 0.0296875 0.0875
4 0.30625 0.88125 0.028125 0.078125
13 0.91484375 0.17734375 0.0734375 0.071875