4 0.6328125 0.8890625 0.040625 0.075
4 0.53046875 0.1765625 0.0375 0.0703125
4 0.575 0.16328125 0.03125 0.053125
4 0.33046875 0.59765625 0.04375 0.0515625
9 0.415625 0.340625 0.09375 0.0859375
9 0.72421875 0.52421875 0.1125 0.1
9 0.20625 0.409375 0.115625 0.115625
9 0.090625 0.38515625 0.096875 0.0921875
9 0.575 0.0984375 0.0484375 0.1015625
12 0.48046875 0.28203125 0.24375 0.153125
2 0.2234375 0.28203125 0.0953125 0.0921875
2 0.325 0.45390625 0.096875 0.096875
2 0.275 0.525 0.0890625 0.08125
2 0.16953125 0.4921875 0.0921875 0.0859375
2 0.5609375 0.93984375 0.06875 0.1203125
2 0.88515625 0.42421875 0.084375 0.075
2 0.61796875 0.13203125 0.046875 0.0859375
9 0.49921875 0.915625 0.0890625 0.16875