4 0.20703125 0.44375 0.0375 0.0375
4 0.190625 0.48125 0.0375 0.040625
2 0.46328125 0.1203125 0.03125 0.078125
2 0.36328125 0.93359375 0.0390625 0.1328125
9 0.92265625 0.4640625 0.0859375 0.0859375
9 0.7390625 0.4890625 0.0859375 0.059375
9 0.43515625 0.33125 0.05625 0.084375
9 0.1609375 0.340625 0.084375 0.059375
9 0.05625 0.409375 0.08125 0.0578125
9 0.17734375 0.396875 0.078125 0.0578125
9 0.09375 0.47109375 0.0859375 0.0609375
9 0.42578125 0.9140625 0.05 0.171875
9 0.3953125 0.05078125 0.03125 0.0984375
2 0.409375 0.53046875 0.075 0.0703125
12 0.3703125 0.59765625 0.271875 0.140625
0 0.71875 0.55703125 0.1546875 0.1140625