4 0.3203125 0.86953125 0.03125 0.078125
4 0.4671875 0.146875 0.0234375 0.0546875
4 0.51328125 0.18046875 0.0265625 0.0734375
4 0.653125 0.609375 0.040625 0.04375
0 0.52890625 0.61796875 0.10625 0.2453125
9 0.04140625 0.45390625 0.0828125 0.0734375
9 0.47890625 0.31484375 0.0875 0.075
9 0.44765625 0.915625 0.0640625 0.16875
9 0.80625 0.44375 0.10625 0.10625
9 0.47265625 0.04609375 0.03125 0.0890625
2 0.19609375 0.41796875 0.0875 0.078125
2 0.4453125 0.37890625 0.078125 0.065625
2 0.38359375 0.934375 0.0546875 0.13125
2 0.68203125 0.47890625 0.084375 0.0859375
2 0.72421875 0.54765625 0.078125 0.0734375
2 0.83125 0.5328125 0.084375 0.071875
2 0.4296875 0.1203125 0.034375 0.09375
13 0.753125 0.26484375 0.096875 0.090625