4 0.346875 0.88125 0.0375 0.0796875
4 0.44296875 0.15 0.028125 0.05625
4 0.49140625 0.18046875 0.03125 0.075
4 0.66015625 0.5984375 0.04375 0.046875
0 0.53671875 0.615625 0.121875 0.25
9 0.04140625 0.4859375 0.0828125 0.078125
9 0.46640625 0.3171875 0.0921875 0.0796875
9 0.4765625 0.915625 0.075 0.16875
9 0.8015625 0.42265625 0.1125 0.1125
9 0.44140625 0.04921875 0.0375 0.090625
2 0.190625 0.4390625 0.0921875 0.0828125
2 0.43671875 0.3828125 0.08125 0.0703125
2 0.41484375 0.9375 0.0640625 0.125
2 0.6796875 0.46640625 0.0890625 0.090625
2 0.72734375 0.53203125 0.0828125 0.078125
2 0.8328125 0.509375 0.0890625 0.0765625
2 0.403125 0.1265625 0.0390625 0.09375
13 0.7359375 0.24765625 0.1015625 0.096875