4 0.64609375 0.6203125 0.0375 0.0375
4 0.29921875 0.85078125 0.0234375 0.071875
4 0.53515625 0.17421875 0.0234375 0.0671875
4 0.49296875 0.14921875 0.0203125 0.0578125
2 0.4546875 0.1140625 0.0296875 0.0859375
2 0.2328125 0.3890625 0.0859375 0.071875
2 0.0421875 0.41484375 0.0828125 0.059375
2 0.35546875 0.93046875 0.04375 0.1359375
2 0.68125 0.490625 0.0828125 0.0859375
2 0.7203125 0.5578125 0.078125 0.065625
2 0.828125 0.559375 0.084375 0.071875
9 0.8 0.28828125 0.0796875 0.0765625
9 0.80625 0.4609375 0.09375 0.1
9 0.209375 0.3390625 0.0890625 0.0703125
9 0.4546875 0.66953125 0.065625 0.1359375
9 0.41953125 0.91484375 0.0578125 0.1703125
0 0.41875 0.4234375 0.11875 0.184375
10 0.56328125 0.87734375 0.1015625 0.2453125