4 0.2015625 0.50078125 0.04375 0.04375
4 0.19296875 0.540625 0.0453125 0.046875
2 0.39140625 0.134375 0.0453125 0.0828125
2 0.44765625 0.94140625 0.0640625 0.1171875
9 0.9078125 0.384375 0.1 0.1
9 0.7328125 0.44375 0.096875 0.0734375
9 0.40390625 0.346875 0.071875 0.09375
9 0.13671875 0.40859375 0.0953125 0.075
9 0.046875 0.49609375 0.090625 0.071875
9 0.16328125 0.46015625 0.0875 0.0703125
9 0.0953125 0.54921875 0.0953125 0.0765625
9 0.50625 0.915625 0.08125 0.16875
9 0.31171875 0.07890625 0.05 0.103125
2 0.4171875 0.546875 0.0875 0.0828125
12 0.39140625 0.6203125 0.29375 0.190625
0 0.72578125 0.5140625 0.1734375 0.1421875