0 0.15546875 0.4234375 0.140625 0.1015625
9 0.109375 0.52578125 0.0921875 0.0734375
9 0.04609375 0.4328125 0.0875 0.065625
9 0.1234375 0.30546875 0.0953125 0.0859375
9 0.22734375 0.3046875 0.09375 0.096875
9 0.30546875 0.6078125 0.0875 0.084375
9 0.51484375 0.38046875 0.0734375 0.0828125
9 0.51875 0.078125 0.0375 0.1140625
9 0.8359375 0.58125 0.10625 0.1
2 0.53984375 0.58515625 0.0921875 0.071875
2 0.65390625 0.51484375 0.078125 0.06875
2 0.8328125 0.45390625 0.06875 0.0625
2 0.95546875 0.51640625 0.065625 0.071875
2 0.10625 0.36640625 0.0765625 0.0609375
2 0.2109375 0.375 0.0671875 0.0578125
2 0.409375 0.89140625 0.046875 0.1484375
13 0.72734375 0.4453125 0.09375 0.084375