4 0.5078125 0.34453125 0.03125 0.0421875
4 0.2 0.4359375 0.0296875 0.0359375
4 0.1890625 0.47578125 0.0375 0.0328125
2 0.4609375 0.11171875 0.028125 0.090625
2 0.428125 0.509375 0.0734375 0.0625
2 0.3625 0.9265625 0.040625 0.146875
9 0.1578125 0.33359375 0.0828125 0.0671875
9 0.1765625 0.38828125 0.0796875 0.065625
9 0.0546875 0.403125 0.084375 0.06875
9 0.09140625 0.4640625 0.0890625 0.071875
9 0.1875 0.5296875 0.0875 0.065625
12 0.35 0.5859375 0.2703125 0.1390625
12 0.8625 0.534375 0.2703125 0.1203125