0 0.8140625 0.31484375 0.153125 0.1328125
10 0.571875 0.475 0.265625 0.278125
9 0.69453125 0.28671875 0.090625 0.0765625
9 0.7296875 0.42578125 0.0953125 0.0765625
9 0.66484375 0.88984375 0.0859375 0.175
9 0.18984375 0.52890625 0.1140625 0.1140625
9 0.2171875 0.98046875 0.1 0.0390625
9 0.03359375 0.41875 0.0671875 0.08125
2 0.02265625 0.365625 0.0453125 0.071875
2 0.18828125 0.61953125 0.09375 0.0828125
2 0.3234375 0.525 0.1 0.090625
2 0.2984375 0.6046875 0.0953125 0.0890625
2 0.4328125 0.31953125 0.0671875 0.0640625
2 0.46015625 0.109375 0.0421875 0.0890625
2 0.7296875 0.8953125 0.06875 0.134375
4 0.7734375 0.80546875 0.0375 0.0734375
4 0.38203125 0.65234375 0.04375 0.040625
4 0.40078125 0.190625 0.03125 0.0671875
4 0.43359375 0.1578125 0.03125 0.0609375