4 0.3015625 0.84921875 0.0265625 0.065625
4 0.64765625 0.615625 0.0390625 0.0421875
4 0.4890625 0.13984375 0.021875 0.0515625
4 0.5296875 0.15859375 0.025 0.06875
9 0.85625 0.31953125 0.075 0.0609375
9 0.6453125 0.284375 0.08125 0.0640625
9 0.65625 0.33359375 0.078125 0.0671875
2 0.39921875 0.3671875 0.1078125 0.0734375
9 0.209375 0.453125 0.0859375 0.05625
9 0.484375 0.67109375 0.071875 0.1515625
9 0.428125 0.9125 0.053125 0.1671875
9 0.06484375 0.34765625 0.0875 0.0671875
12 0.309375 0.30703125 0.2359375 0.115625
2 0.1953125 0.396875 0.0703125 0.065625
2 0.365625 0.93359375 0.046875 0.1328125
2 0.6828125 0.478125 0.0921875 0.075
2 0.44921875 0.1046875 0.0296875 0.0859375
2 0.37421875 0.525 0.071875 0.0828125