9 0.728125 0.10859375 0.0640625 0.084375
9 0.6984375 0.44453125 0.0828125 0.05625
9 0.746875 0.571875 0.0890625 0.0609375
9 0.78515625 0.490625 0.0796875 0.0671875
9 0.959375 0.54609375 0.08125 0.1
9 0.803125 0.42109375 0.0796875 0.0609375
9 0.2171875 0.31640625 0.0875 0.078125
9 0.11328125 0.3296875 0.0875 0.078125
9 0.0453125 0.4578125 0.08125 0.0625
2 0.0984375 0.39140625 0.071875 0.0703125
2 0.20546875 0.3890625 0.06875 0.053125
2 0.6859375 0.503125 0.071875 0.059375
2 0.896875 0.484375 0.075 0.0640625
2 0.8546875 0.56640625 0.09375 0.071875
2 0.43828125 0.890625 0.04375 0.1484375
2 0.95 0.203125 0.0546875 0.0546875
0 0.15234375 0.440625 0.140625 0.0921875
4 0.6234375 0.42265625 0.0359375 0.0328125