0 0.6421875 0.565625 0.1453125 0.1109375
12 0.2953125 0.61015625 0.2703125 0.153125
9 0.39765625 0.23671875 0.0421875 0.0875
9 0.16328125 0.34140625 0.0890625 0.059375
9 0.175 0.396875 0.08125 0.0640625
9 0.0921875 0.4703125 0.090625 0.065625
9 0.0609375 0.41015625 0.0921875 0.0625
9 0.425 0.91484375 0.046875 0.1703125
2 0.4609375 0.11640625 0.028125 0.0859375
2 0.271875 0.5390625 0.0796875 0.05625
2 0.36328125 0.93125 0.040625 0.1375
9 0.659375 0.48828125 0.0890625 0.06875
9 0.8546875 0.471875 0.0890625 0.0734375
4 0.2046875 0.44453125 0.0421875 0.0390625
4 0.19375 0.478125 0.040625 0.046875