0 0.3625 0.575 0.1515625 0.1203125
12 0.71171875 0.5953125 0.2796875 0.171875
9 0.58359375 0.23046875 0.0484375 0.090625
9 0.825 0.31796875 0.0921875 0.0640625
9 0.8171875 0.37421875 0.084375 0.06875
9 0.9046875 0.4421875 0.09375 0.071875
9 0.93203125 0.3796875 0.0953125 0.06875
9 0.60390625 0.90859375 0.059375 0.1734375
2 0.5125 0.11484375 0.034375 0.0875
2 0.73046875 0.5234375 0.0828125 0.0609375
2 0.66640625 0.9203125 0.05 0.140625
9 0.33984375 0.49921875 0.0921875 0.0734375
9 0.14453125 0.496875 0.09375 0.0796875
4 0.790625 0.42421875 0.0453125 0.0421875
4 0.80390625 0.45703125 0.0421875 0.0484375