2 0.45546875 0.115625 0.028125 0.08125
2 0.3265625 0.334375 0.0671875 0.046875
2 0.5625 0.30390625 0.0703125 0.0671875
2 0.678125 0.4890625 0.0859375 0.084375
2 0.715625 0.56640625 0.078125 0.0671875
2 0.828125 0.5609375 0.084375 0.071875
2 0.35625 0.9359375 0.046875 0.128125
9 0.81015625 0.465625 0.096875 0.1046875
9 0.921875 0.47265625 0.0875 0.071875
9 0.5 0.80078125 0.0703125 0.1578125
9 0.4203125 0.91484375 0.0578125 0.16875
12 0.9359375 0.25625 0.128125 0.1015625
9 0.503125 0.0890625 0.0328125 0.0890625
4 0.49375 0.15390625 0.0265625 0.05625
4 0.53125 0.18125 0.0234375 0.065625
4 0.646875 0.628125 0.0421875 0.0515625
4 0.29375 0.846875 0.025 0.06875