9 0.70703125 0.096875 0.0671875 0.0875
9 0.6953125 0.434375 0.084375 0.059375
9 0.75 0.55859375 0.0921875 0.065625
9 0.784375 0.47578125 0.0828125 0.071875
9 0.95859375 0.52109375 0.0828125 0.1046875
9 0.7984375 0.40546875 0.08125 0.065625
9 0.2078125 0.33125 0.090625 0.0828125
9 0.1046875 0.35 0.0921875 0.0828125
9 0.04375 0.48203125 0.084375 0.0671875
2 0.09296875 0.4125 0.075 0.0734375
2 0.2 0.4046875 0.071875 0.05625
2 0.6859375 0.49375 0.075 0.0625
2 0.8953125 0.46328125 0.078125 0.0671875
2 0.8578125 0.54765625 0.096875 0.0765625
2 0.45859375 0.89296875 0.0515625 0.15
2 0.93359375 0.1796875 0.05625 0.05625
0 0.15 0.45859375 0.1453125 0.0984375
4 0.61953125 0.41640625 0.0390625 0.034375