4 0.78203125 0.38515625 0.0453125 0.0453125
4 0.80546875 0.4171875 0.0421875 0.040625
9 0.65 0.88984375 0.0875 0.1859375
9 0.65625 0.49453125 0.0984375 0.0859375
9 0.40078125 0.51640625 0.0953125 0.0875
9 0.23359375 0.5296875 0.0890625 0.0734375
9 0.8015625 0.28125 0.096875 0.0796875
9 0.796875 0.33671875 0.090625 0.078125
9 0.91796875 0.32578125 0.0921875 0.075
9 0.89296875 0.3953125 0.0953125 0.078125
2 0.7171875 0.8953125 0.0640625 0.1421875
2 0.46484375 0.11484375 0.0390625 0.078125
0 0.5765625 0.56796875 0.1609375 0.1421875
12 0.17109375 0.60078125 0.2765625 0.175
12 0.9125 0.55 0.175 0.165625
4 0.046875 0.47890625 0.0484375 0.040625
4 0.10078125 0.90625 0.0453125 0.0625