4 0.67265625 0.58515625 0.0359375 0.0375
4 0.3875 0.8828125 0.0359375 0.071875
4 0.43125 0.10234375 0.0296875 0.0609375
4 0.3953125 0.0984375 0.03125 0.05625
2 0.66953125 0.4375 0.10625 0.0953125
2 0.46640625 0.940625 0.0734375 0.11875
2 0.36640625 0.1265625 0.04375 0.0828125
2 0.22578125 0.525 0.084375 0.06875
2 0.17578125 0.46796875 0.125 0.0875
9 0.40703125 0.38046875 0.090625 0.0828125
9 0.421875 0.32265625 0.084375 0.08125
9 0.56875 0.32734375 0.084375 0.075
9 0.3875 0.53359375 0.1046875 0.1125
9 0.52109375 0.91015625 0.0921875 0.1796875
9 0.16484375 0.95546875 0.1171875 0.0890625
9 0.0703125 0.56796875 0.1 0.08125
12 0.14140625 0.40625 0.2578125 0.1671875