2 0.50703125 0.1078125 0.0375 0.0796875
2 0.56328125 0.4953125 0.084375 0.0671875
2 0.31015625 0.90234375 0.05625 0.140625
9 0.18125 0.2921875 0.0953125 0.0765625
9 0.1890625 0.35 0.0859375 0.0703125
9 0.06875 0.34765625 0.0921875 0.0734375
9 0.0984375 0.4109375 0.096875 0.084375
9 0.1390625 0.4921875 0.096875 0.0796875
9 0.37578125 0.89765625 0.06875 0.1828125
9 0.3109375 0.49921875 0.090625 0.0875
12 0.46015625 0.57421875 0.271875 0.1640625
12 0.909375 0.58359375 0.1796875 0.134375
4 0.2125 0.40390625 0.0421875 0.046875
4 0.19140625 0.43671875 0.0421875 0.04375
4 0.58828125 0.41171875 0.0359375 0.05625