4 0.3625 0.63515625 0.0375 0.0515625
4 0.48828125 0.15390625 0.021875 0.0546875
4 0.45078125 0.1828125 0.021875 0.0625
4 0.721875 0.8484375 0.025 0.065625
9 0.1921875 0.3015625 0.0796875 0.0703125
9 0.06640625 0.4890625 0.0828125 0.0875
9 0.1890625 0.47421875 0.10625 0.0953125
9 0.75859375 0.3890625 0.0875 0.0640625
9 0.6015625 0.91015625 0.059375 0.1734375
9 0.47265625 0.05390625 0.0359375 0.0953125
2 0.52265625 0.11015625 0.034375 0.0921875
2 0.58125 0.371875 0.0765625 0.0671875
2 0.253125 0.3625 0.0796875 0.0671875
2 0.1734375 0.57265625 0.0921875 0.0734375
2 0.3171875 0.49921875 0.0890625 0.075
2 0.665625 0.92890625 0.0484375 0.128125
2 0.28984375 0.5796875 0.0796875 0.075
12 0.84765625 0.31328125 0.2453125 0.1375
0 0.43515625 0.92265625 0.0859375 0.1546875