12 0.24296875 0.38046875 0.259375 0.175
9 0.33046875 0.42578125 0.0953125 0.0890625
9 0.0671875 0.57421875 0.1 0.084375
9 0.7890625 0.3890625 0.1109375 0.1109375
9 0.90546875 0.36875 0.1015625 0.1
9 0.8859375 0.16796875 0.084375 0.0796875
9 0.39921875 0.0765625 0.05 0.096875
9 0.52265625 0.915625 0.0921875 0.16875
2 0.66953125 0.44609375 0.0953125 0.084375
2 0.72421875 0.5109375 0.0875 0.078125
2 0.83359375 0.47890625 0.0984375 0.09375
2 0.50625 0.35625 0.0828125 0.08125
2 0.36328125 0.13984375 0.0484375 0.0921875
2 0.46796875 0.9453125 0.0734375 0.109375
4 0.40859375 0.16484375 0.0328125 0.0625
4 0.45078125 0.17734375 0.0375 0.0734375
4 0.38984375 0.89296875 0.040625 0.0765625
4 0.67578125 0.58984375 0.0453125 0.053125
2 0.85078125 0.23515625 0.0828125 0.0890625