4 0.4125 0.221875 0.025 0.046875
9 0.4921875 0.346875 0.0734375 0.090625
9 0.725 0.428125 0.0828125 0.0625
9 0.60390625 0.50546875 0.078125 0.0671875
9 0.6421875 0.58203125 0.0875 0.078125
9 0.95703125 0.54765625 0.0859375 0.1015625
9 0.48984375 0.078125 0.03125 0.109375
9 0.2140625 0.3234375 0.0859375 0.08125
9 0.11328125 0.334375 0.0890625 0.0796875
9 0.0453125 0.459375 0.0890625 0.0625
2 0.10078125 0.39765625 0.0796875 0.065625
2 0.20546875 0.3984375 0.06875 0.059375
2 0.4375 0.89296875 0.0421875 0.1453125
2 0.446875 0.525 0.071875 0.0640625
2 0.8734375 0.4875 0.08125 0.0640625
2 0.803125 0.5703125 0.0890625 0.065625
13 0.884375 0.4203125 0.090625 0.0796875