4 0.3140625 0.85703125 0.0296875 0.071875
4 0.51796875 0.1828125 0.028125 0.0671875
4 0.47421875 0.1515625 0.0234375 0.0546875
4 0.6578125 0.61640625 0.046875 0.05
2 0.678125 0.48046875 0.090625 0.075
2 0.71875 0.55859375 0.075 0.0765625
2 0.83125 0.54453125 0.0875 0.08125
2 0.69765625 0.27734375 0.0640625 0.0625
2 0.4578125 0.3265625 0.0703125 0.0609375
2 0.434375 0.1171875 0.0328125 0.090625
2 0.37421875 0.9390625 0.0453125 0.121875
9 0.80390625 0.44609375 0.0984375 0.0984375
9 0.92109375 0.44765625 0.0953125 0.0828125
9 0.4390625 0.9171875 0.05625 0.165625
9 0.48125 0.08671875 0.0390625 0.096875