2 0.3546875 0.92578125 0.0390625 0.14375
2 0.4578125 0.11015625 0.0296875 0.090625
2 0.1578125 0.45546875 0.0734375 0.0640625
2 0.10859375 0.39609375 0.11875 0.071875
9 0.325 0.47421875 0.090625 0.0796875
9 0.340625 0.37578125 0.0828125 0.06875
9 0.3921875 0.31171875 0.078125 0.065625
9 0.50390625 0.35546875 0.071875 0.059375
9 0.421875 0.91328125 0.0484375 0.16875
9 0.9109375 0.86171875 0.0796875 0.1578125
2 0.68359375 0.484375 0.0796875 0.0765625
4 0.53046875 0.06328125 0.015625 0.0484375
4 0.49375 0.03671875 0.01875 0.059375
4 0.52734375 0.91015625 0.0328125 0.0625
4 0.65 0.61796875 0.0390625 0.0421875
4 0.29921875 0.84765625 0.025 0.0578125
12 0.121875 0.328125 0.2359375 0.1171875