2 0.36015625 0.32265625 0.084375 0.08125
2 0.321875 0.459375 0.1015625 0.0953125
2 0.27421875 0.528125 0.084375 0.075
2 0.16875 0.5 0.096875 0.0875
2 0.565625 0.94296875 0.071875 0.1140625
2 0.61171875 0.134375 0.0375 0.0875
12 0.615625 0.31875 0.24375 0.14375
9 0.540625 0.38671875 0.0921875 0.084375
9 0.50546875 0.91875 0.0796875 0.1625
9 0.82890625 0.51875 0.1046875 0.0875
9 0.20390625 0.4078125 0.1125 0.1046875
9 0.08828125 0.39609375 0.09375 0.0875
9 0.5703125 0.0859375 0.04375 0.09375
4 0.56640625 0.165625 0.034375 0.0765625
4 0.52421875 0.18359375 0.0328125 0.0609375
4 0.63671875 0.8875 0.034375 0.06875
4 0.32890625 0.5984375 0.0484375 0.0515625