4 0.528125 0.1703125 0.021875 0.0703125
4 0.48828125 0.146875 0.015625 0.0484375
4 0.64921875 0.6171875 0.0375 0.0421875
4 0.3046875 0.8546875 0.0265625 0.0671875
2 0.1421875 0.340625 0.0890625 0.078125
2 0.365625 0.93046875 0.04375 0.1390625
2 0.68125 0.48046875 0.090625 0.0734375
2 0.75390625 0.553125 0.078125 0.0671875
2 0.96640625 0.52578125 0.0671875 0.0765625
2 0.68828125 0.34609375 0.0609375 0.0640625
2 0.9171875 0.30703125 0.103125 0.071875
2 0.4515625 0.10703125 0.0328125 0.0796875
9 0.42734375 0.9140625 0.0546875 0.1703125
9 0.27578125 0.45703125 0.0921875 0.0953125
9 0.48359375 0.65703125 0.06875 0.1453125
9 0.38125 0.31484375 0.078125 0.0671875
12 0.63828125 0.26875 0.225 0.1140625