10 0.51953125 0.696875 0.246875 0.4328125
0 0.68984375 0.3453125 0.146875 0.1390625
13 0.76015625 0.27578125 0.103125 0.1
2 0.89453125 0.33359375 0.09375 0.0921875
2 0.71875 0.903125 0.0671875 0.13125
2 0.296875 0.60859375 0.0890625 0.0859375
2 0.184375 0.61953125 0.096875 0.08125
2 0.3171875 0.51640625 0.0953125 0.090625
2 0.1484375 0.33828125 0.0640625 0.0671875
2 0.46953125 0.10859375 0.0484375 0.096875
9 0.64296875 0.49921875 0.0984375 0.1046875
9 0.659375 0.89296875 0.0828125 0.1734375
9 0.45390625 0.31953125 0.0828125 0.0765625
9 0.18671875 0.51875 0.115625 0.121875
4 0.37890625 0.64765625 0.0484375 0.053125
4 0.4046875 0.18984375 0.0359375 0.0703125
4 0.440625 0.15546875 0.03125 0.065625
4 0.7640625 0.8078125 0.0421875 0.0703125
0 0.94921875 0.84765625 0.1015625 0.1578125