12 0.3328125 0.52890625 0.29375 0.1875
2 0.184375 0.4015625 0.0828125 0.078125
2 0.590625 0.553125 0.0828125 0.0734375
2 0.53828125 0.93984375 0.0703125 0.1203125
2 0.63515625 0.0828125 0.046875 0.08125
9 0.4453125 0.4796875 0.1015625 0.1046875
9 0.4875 0.415625 0.0984375 0.0953125
9 0.16875 0.33515625 0.0921875 0.0859375
9 0.86484375 0.4203125 0.0953125 0.0828125
9 0.83515625 0.471875 0.0828125 0.0703125
9 0.9515625 0.5140625 0.0921875 0.078125
9 0.90234375 0.5578125 0.1015625 0.08125
9 0.47734375 0.9140625 0.0859375 0.171875
4 0.79921875 0.5125 0.0453125 0.046875
4 0.80703125 0.55234375 0.046875 0.04375
4 0.82421875 0.74140625 0.0453125 0.0515625
4 0.68828125 0.69609375 0.046875 0.046875
4 0.596875 0.33671875 0.0375 0.05625
4 0.678125 0.1859375 0.03125 0.05