4 0.2953125 0.8453125 0.025 0.065625
4 0.6453125 0.61796875 0.0390625 0.0421875
4 0.4953125 0.13984375 0.021875 0.0515625
4 0.5359375 0.159375 0.0234375 0.06875
9 0.859375 0.32578125 0.0734375 0.059375
9 0.64921875 0.28671875 0.0796875 0.0625
9 0.659375 0.33671875 0.078125 0.065625
2 0.4015625 0.365625 0.1078125 0.071875
9 0.21015625 0.4484375 0.084375 0.05625
9 0.48125 0.67109375 0.06875 0.15
9 0.42109375 0.9109375 0.05 0.1671875
9 0.0671875 0.33984375 0.0875 0.065625
12 0.3125 0.30390625 0.234375 0.1109375
2 0.196875 0.39140625 0.0703125 0.0640625
2 0.3578125 0.9328125 0.0453125 0.134375
2 0.6828125 0.48125 0.090625 0.0734375
2 0.45625 0.10390625 0.0296875 0.0859375
2 0.3734375 0.52265625 0.071875 0.0828125