4 0.20390625 0.43046875 0.0390625 0.0375
4 0.18984375 0.47109375 0.0375 0.0296875
9 0.571875 0.503125 0.0890625 0.06875
9 0.7828125 0.484375 0.0859375 0.0796875
9 0.92734375 0.478125 0.08125 0.05625
9 0.40078125 0.12109375 0.0296875 0.090625
9 0.16953125 0.32890625 0.0828125 0.0703125
9 0.18203125 0.3859375 0.08125 0.065625
9 0.06171875 0.39375 0.0890625 0.0578125
9 0.09453125 0.44765625 0.084375 0.0546875
9 0.4078125 0.9109375 0.0484375 0.1734375
2 0.34921875 0.92578125 0.04375 0.134375
2 0.115625 0.54296875 0.078125 0.0546875
2 0.47734375 0.11328125 0.0328125 0.0796875
12 0.21171875 0.60546875 0.284375 0.1625
0 0.57734375 0.56953125 0.1515625 0.121875