2 0.67890625 0.9140625 0.0546875 0.1328125
2 0.31640625 0.49453125 0.090625 0.0796875
2 0.509375 0.10703125 0.0390625 0.0890625
2 0.959375 0.4265625 0.075 0.0625
9 0.8109375 0.36171875 0.090625 0.0625
9 0.73515625 0.30390625 0.0828125 0.08125
9 0.65078125 0.36171875 0.078125 0.084375
9 0.78828125 0.42265625 0.090625 0.0796875
9 0.6140625 0.9 0.0671875 0.1859375
4 0.7296875 0.828125 0.03125 0.0734375
4 0.60546875 0.6203125 0.0375 0.05625
4 0.534375 0.640625 0.034375 0.0578125
4 0.29765625 0.62734375 0.0453125 0.05
12 0.9125 0.28984375 0.1484375 0.1125