2 0.5578125 0.36015625 0.115625 0.0890625
2 0.33203125 0.3390625 0.075 0.078125
2 0.678125 0.52734375 0.10625 0.1015625
2 0.928125 0.63828125 0.09375 0.0875
2 0.4125 0.58125 0.0828125 0.1078125
2 0.2640625 0.88984375 0.0671875 0.1390625
2 0.5484375 0.1078125 0.04375 0.0875
9 0.80078125 0.33671875 0.0890625 0.0796875
9 0.81953125 0.3953125 0.0875 0.0796875
9 0.2984375 0.415625 0.1 0.090625
9 0.4421875 0.80625 0.09375 0.18125
9 0.33125 0.88203125 0.0875 0.1828125
9 0.18046875 0.2515625 0.096875 0.0828125
12 0.4390625 0.28203125 0.2625 0.1734375
4 0.61796875 0.64921875 0.053125 0.05
4 0.22578125 0.79140625 0.04375 0.0828125
4 0.60703125 0.18671875 0.03125 0.0640625
4 0.57265625 0.153125 0.0296875 0.059375