4 0.56328125 0.215625 0.028125 0.0484375
9 0.49453125 0.346875 0.0796875 0.096875
9 0.26953125 0.44765625 0.0875 0.06875
9 0.396875 0.51484375 0.084375 0.0734375
9 0.365625 0.59375 0.09375 0.0859375
9 0.04921875 0.5875 0.09375 0.109375
9 0.4734375 0.07890625 0.040625 0.1109375
9 0.76953125 0.29921875 0.0921875 0.0875
9 0.87109375 0.3015625 0.0953125 0.0875
9 0.94921875 0.41953125 0.09375 0.0703125
2 0.8890625 0.36328125 0.084375 0.071875
2 0.784375 0.3734375 0.0734375 0.0640625
2 0.596875 0.8859375 0.053125 0.146875
2 0.55546875 0.5203125 0.0765625 0.0703125
2 0.1265625 0.5203125 0.0859375 0.0703125
2 0.20390625 0.59609375 0.09375 0.0734375
13 0.11015625 0.45390625 0.096875 0.0859375