4 0.79765625 0.43515625 0.0390625 0.0359375
4 0.8109375 0.4765625 0.0359375 0.028125
9 0.428125 0.50234375 0.0875 0.0671875
9 0.2171875 0.47890625 0.084375 0.078125
9 0.07265625 0.47109375 0.0796875 0.0546875
9 0.60625 0.1234375 0.028125 0.0890625
9 0.8328125 0.33515625 0.08125 0.06875
9 0.8203125 0.39140625 0.08125 0.0640625
9 0.93984375 0.4015625 0.0890625 0.05625
9 0.90625 0.4546875 0.084375 0.053125
9 0.58515625 0.9125 0.0453125 0.171875
2 0.64375 0.928125 0.0421875 0.134375
2 0.88359375 0.54921875 0.0765625 0.053125
2 0.52890625 0.11328125 0.03125 0.078125
12 0.78671875 0.6109375 0.2828125 0.1578125
0 0.42109375 0.56796875 0.1484375 0.11875