9 0.64609375 0.5078125 0.1 0.1140625
9 0.675 0.8875 0.0859375 0.171875
9 0.19375 0.534375 0.1171875 0.1234375
9 0.0828125 0.5671875 0.1015625 0.09375
9 0.2171875 0.40625 0.0953125 0.0921875
9 0.40234375 0.09921875 0.0515625 0.1015625
2 0.896875 0.26640625 0.08125 0.0671875
2 0.6859375 0.2875 0.0859375 0.0734375
2 0.45546875 0.1140625 0.046875 0.0984375
2 0.32265625 0.534375 0.0984375 0.09375
2 0.30078125 0.61015625 0.090625 0.0875
2 0.1953125 0.63046875 0.0953125 0.0828125
2 0.02578125 0.43046875 0.0515625 0.0765625
2 0.740625 0.8890625 0.06875 0.1390625
12 0.25078125 0.325 0.2453125 0.175
4 0.77890625 0.7953125 0.04375 0.0828125
4 0.396875 0.19765625 0.034375 0.071875
4 0.4296875 0.159375 0.03125 0.0625
4 0.384375 0.6515625 0.0453125 0.0546875