4 0.571875 0.184375 0.025 0.071875
4 0.53671875 0.15234375 0.0265625 0.05625
4 0.25703125 0.825 0.0328125 0.065625
4 0.63125 0.64140625 0.046875 0.0390625
9 0.81015625 0.5 0.1046875 0.1046875
9 0.40703125 0.309375 0.084375 0.075
9 0.30859375 0.4734375 0.090625 0.0828125
9 0.365625 0.90390625 0.0734375 0.1703125
2 0.3046875 0.9125 0.05625 0.1375
2 0.8203125 0.59375 0.09375 0.0703125
2 0.7109375 0.59296875 0.0859375 0.078125
2 0.68125 0.50703125 0.096875 0.0890625
2 0.6890625 0.31640625 0.0640625 0.065625
2 0.50234375 0.11015625 0.0375 0.09375
13 0.096875 0.29609375 0.1015625 0.0890625
0 0.23515625 0.35 0.1453125 0.134375
10 0.4640625 0.56875 0.2390625 0.3484375