13 0.0921875 0.4890625 0.1 0.0875
9 0.4453125 0.4046875 0.0875 0.0875
9 0.22578125 0.475 0.084375 0.0796875
9 0.325 0.534375 0.096875 0.0859375
9 0.32421875 0.6078125 0.0984375 0.0859375
9 0.05625 0.628125 0.096875 0.1109375
9 0.7484375 0.271875 0.1015625 0.1046875
9 0.8515625 0.26875 0.096875 0.0890625
9 0.94140625 0.3875 0.0921875 0.078125
9 0.4359375 0.0671875 0.046875 0.1171875
0 0.83515625 0.3921875 0.153125 0.11875
2 0.87578125 0.32890625 0.084375 0.065625
2 0.7734375 0.34375 0.0828125 0.0765625
2 0.63125 0.8796875 0.0625 0.1546875
2 0.4671875 0.525 0.075 0.0734375
2 0.1875 0.6296875 0.0984375 0.0890625
2 0.11015625 0.55625 0.0859375 0.06875
4 0.515625 0.3015625 0.040625 0.0625