4 0.2953125 0.85625 0.0265625 0.0765625
4 0.4921875 0.1453125 0.0203125 0.053125
4 0.5359375 0.18203125 0.021875 0.071875
4 0.6453125 0.61953125 0.0390625 0.0421875
0 0.5203125 0.61953125 0.090625 0.2390625
9 0.0453125 0.421875 0.08125 0.06875
9 0.4921875 0.3140625 0.0828125 0.0703125
9 0.41875 0.9140625 0.0515625 0.171875
9 0.809375 0.465625 0.1 0.1
9 0.5046875 0.0453125 0.025 0.0875
2 0.20234375 0.396875 0.0828125 0.071875
2 0.45390625 0.375 0.0734375 0.0609375
2 0.353125 0.93046875 0.0453125 0.1390625
2 0.6828125 0.49140625 0.078125 0.08125
2 0.7203125 0.56328125 0.075 0.0671875
2 0.828125 0.55546875 0.08125 0.0671875
2 0.45625 0.11640625 0.028125 0.0921875
13 0.76875 0.2828125 0.090625 0.084375