10 0.51875 0.696875 0.171875 0.4078125
0 0.284375 0.384375 0.128125 0.1171875
13 0.2015625 0.3296875 0.0890625 0.084375
2 0.08125 0.41171875 0.08125 0.078125
2 0.3625 0.9375 0.04375 0.125
2 0.7203125 0.56796875 0.0765625 0.071875
2 0.8328125 0.55703125 0.0859375 0.0671875
2 0.6828125 0.48125 0.0828125 0.0765625
2 0.8140625 0.27421875 0.0546875 0.0578125
2 0.45546875 0.11015625 0.03125 0.09375
9 0.359375 0.5265625 0.0828125 0.0921875
9 0.41875 0.91640625 0.0515625 0.1671875
9 0.5109375 0.3140625 0.0734375 0.0640625
9 0.8109375 0.45859375 0.0984375 0.10625
4 0.646875 0.621875 0.040625 0.046875
4 0.534375 0.17734375 0.0234375 0.06875
4 0.49296875 0.15078125 0.0203125 0.0625
4 0.29921875 0.85234375 0.0296875 0.065625
0 0.1078125 0.93046875 0.1140625 0.1390625