0 0.853125 0.5234375 0.15625 0.128125
9 0.81484375 0.38046875 0.1078125 0.10625
9 0.9140625 0.4125 0.1015625 0.0921875
9 0.9515625 0.55703125 0.09375 0.0828125
9 0.33515625 0.41328125 0.096875 0.078125
9 0.22109375 0.36171875 0.0984375 0.0828125
9 0.225 0.4296875 0.0984375 0.0875
9 0.24609375 0.515625 0.103125 0.0875
9 0.04453125 0.45703125 0.0890625 0.1203125
9 0.03671875 0.734375 0.0734375 0.140625
9 0.2484375 0.11171875 0.084375 0.0921875
2 0.9140625 0.47578125 0.0890625 0.075
2 0.809375 0.45625 0.075 0.065625
2 0.13671875 0.4875 0.1015625 0.09375
2 0.11796875 0.40078125 0.0875 0.0734375
2 0.4765625 0.896875 0.06875 0.1546875
13 0.12421875 0.334375 0.096875 0.0828125
4 0.4296875 0.4015625 0.046875 0.05625
4 0.95703125 0.30859375 0.0375 0.05