4 0.46796875 0.15078125 0.028125 0.05625
4 0.4328125 0.1828125 0.025 0.0640625
4 0.36796875 0.63515625 0.04375 0.046875
4 0.73671875 0.825 0.0296875 0.0734375
10 0.7453125 0.359375 0.2546875 0.1390625
9 0.61953125 0.90546875 0.0734375 0.171875
9 0.896875 0.43203125 0.0953125 0.0765625
9 0.49296875 0.3296875 0.0796875 0.0734375
9 0.09296875 0.31484375 0.0796875 0.071875
9 0.18984375 0.49453125 0.109375 0.109375
2 0.50078125 0.10625 0.046875 0.0953125
9 0.57734375 0.578125 0.090625 0.1265625
2 0.31875 0.50703125 0.0921875 0.08125
2 0.28984375 0.58515625 0.084375 0.0828125
2 0.18125 0.5890625 0.09375 0.078125
2 0.84375 0.30078125 0.06875 0.0625
2 0.68984375 0.91640625 0.059375 0.134375
2 0.3546875 0.31171875 0.08125 0.0703125