4 0.1703125 0.4046875 0.034375 0.0375
4 0.7984375 0.43828125 0.0296875 0.04375
4 0.8171875 0.47890625 0.040625 0.034375
9 0.80625 0.53671875 0.084375 0.0734375
9 0.8390625 0.3375 0.084375 0.0640625
9 0.8234375 0.39609375 0.0734375 0.0640625
9 0.94375 0.40625 0.084375 0.05625
9 0.90625 0.46796875 0.0875 0.071875
9 0.50390625 0.5125 0.084375 0.0859375
9 0.3296875 0.48671875 0.084375 0.06875
9 0.5765625 0.9140625 0.046875 0.171875
0 0.6515625 0.59140625 0.14375 0.115625
12 0.23359375 0.55 0.271875 0.125
2 0.09609375 0.465625 0.071875 0.0609375
2 0.6375 0.93203125 0.040625 0.134375
2 0.5375 0.1140625 0.028125 0.0859375