2 0.7703125 0.3765625 0.071875 0.0671875
2 0.61796875 0.1296875 0.046875 0.0953125
2 0.55703125 0.93984375 0.0734375 0.1203125
2 0.32578125 0.453125 0.0984375 0.0953125
2 0.271875 0.5203125 0.0859375 0.084375
2 0.1671875 0.49453125 0.09375 0.090625
2 0.3109375 0.2453125 0.0859375 0.071875
9 0.2078125 0.4015625 0.11875 0.121875
9 0.4578125 0.71640625 0.1046875 0.1578125
9 0.50078125 0.91640625 0.0828125 0.1671875
9 0.40078125 0.31875 0.0890625 0.0859375
9 0.840625 0.534375 0.0953125 0.075
10 0.70859375 0.4390625 0.2609375 0.1484375
4 0.57265625 0.15859375 0.0328125 0.0578125
4 0.52578125 0.1765625 0.0375 0.0765625
4 0.63046875 0.88359375 0.0359375 0.0703125
4 0.33203125 0.59296875 0.05 0.0546875