4 0.2953125 0.846875 0.0265625 0.071875
4 0.534375 0.184375 0.0234375 0.0671875
4 0.4921875 0.15078125 0.021875 0.0546875
4 0.6515625 0.62421875 0.04375 0.0484375
2 0.67890625 0.48984375 0.0875 0.071875
2 0.715625 0.5703125 0.0703125 0.0734375
2 0.828125 0.56171875 0.084375 0.0765625
2 0.709375 0.28828125 0.0625 0.059375
2 0.4671875 0.32421875 0.0671875 0.0578125
2 0.4546875 0.1140625 0.0296875 0.0890625
2 0.3515625 0.9359375 0.0390625 0.128125
9 0.80625 0.46171875 0.09375 0.09375
9 0.9234375 0.46953125 0.090625 0.078125
9 0.4171875 0.915625 0.046875 0.16875
9 0.503125 0.0859375 0.034375 0.0953125