12 0.65625 0.565625 0.271875 0.1296875
2 0.8296875 0.475 0.0703125 0.0640625
2 0.4 0.53125 0.0703125 0.059375
2 0.3609375 0.93125 0.0390625 0.1375
2 0.4625 0.06328125 0.03125 0.0765625
9 0.5578125 0.4921875 0.084375 0.0875
9 0.53125 0.4203125 0.0828125 0.0796875
9 0.86015625 0.4140625 0.078125 0.0703125
9 0.1625 0.340625 0.0828125 0.0671875
9 0.1796875 0.396875 0.0734375 0.05625
9 0.05703125 0.4125 0.08125 0.0609375
9 0.0953125 0.465625 0.090625 0.0625
9 0.428125 0.91328125 0.0484375 0.1734375
4 0.20546875 0.44453125 0.0375 0.0390625
4 0.1890625 0.48203125 0.0390625 0.0359375
4 0.1296875 0.6625 0.0375 0.04375
4 0.27265625 0.6484375 0.0390625 0.0390625
4 0.4421875 0.31875 0.0265625 0.0515625
4 0.396875 0.15390625 0.021875 0.046875