12 0.26796875 0.2734375 0.2515625 0.1421875
9 0.146875 0.409375 0.0953125 0.0765625
9 0.42890625 0.55859375 0.090625 0.125
9 0.746875 0.36953125 0.0828125 0.071875
9 0.58046875 0.31015625 0.08125 0.078125
9 0.56484375 0.36328125 0.0828125 0.06875
9 0.3609375 0.89296875 0.06875 0.1875
2 0.11796875 0.34921875 0.0734375 0.0671875
2 0.29921875 0.9046875 0.059375 0.1453125
2 0.68515625 0.50625 0.1015625 0.0921875
2 0.51328125 0.10078125 0.0421875 0.0796875
2 0.30625 0.45078125 0.0859375 0.08125
2 0.3109375 0.35 0.10625 0.084375
4 0.5828125 0.13515625 0.03125 0.06875
4 0.54609375 0.12890625 0.028125 0.0546875
4 0.63046875 0.640625 0.046875 0.0515625
4 0.253125 0.815625 0.0359375 0.0703125