4 0.8296875 0.4046875 0.0359375 0.0375
4 0.2015625 0.43828125 0.0296875 0.04375
4 0.1828125 0.47890625 0.040625 0.034375
9 0.19375 0.53671875 0.084375 0.0734375
9 0.1609375 0.3375 0.084375 0.0640625
9 0.1765625 0.39609375 0.0734375 0.0640625
9 0.05625 0.40625 0.084375 0.0578125
9 0.09375 0.46796875 0.0875 0.071875
9 0.49609375 0.5125 0.084375 0.0859375
9 0.6703125 0.48671875 0.0859375 0.0671875
9 0.4234375 0.9140625 0.046875 0.171875
0 0.3484375 0.59140625 0.1453125 0.1171875
12 0.76640625 0.55 0.271875 0.125
2 0.90390625 0.465625 0.071875 0.0609375
2 0.3625 0.93203125 0.0390625 0.134375
2 0.4625 0.1140625 0.0296875 0.0859375