13 0.925 0.26953125 0.08125 0.075
2 0.5859375 0.365625 0.0734375 0.059375
2 0.67890625 0.49140625 0.0828125 0.071875
2 0.71875 0.5609375 0.08125 0.075
2 0.82734375 0.559375 0.0859375 0.0703125
2 0.3 0.38515625 0.075 0.0625
2 0.3578125 0.93671875 0.0453125 0.1265625
2 0.4546875 0.11640625 0.025 0.0859375
9 0.6359375 0.29375 0.0828125 0.0703125
9 0.8125 0.46171875 0.0984375 0.090625
9 0.953125 0.471875 0.0828125 0.065625
9 0.1328125 0.409375 0.0890625 0.0671875
9 0.41875 0.9140625 0.05 0.171875
9 0.5046875 0.046875 0.0265625 0.090625
12 0.07265625 0.334375 0.14375 0.109375
0 0.553125 0.77890625 0.0828125 0.275
4 0.6484375 0.62734375 0.0421875 0.040625
4 0.5328125 0.1828125 0.025 0.06875
4 0.4953125 0.15 0.01875 0.053125
4 0.29609375 0.8515625 0.0265625 0.0671875