0 0.90546875 0.49765625 0.1609375 0.13125
9 0.93359375 0.41796875 0.090625 0.06875
9 0.6546875 0.41796875 0.0875 0.0671875
9 0.409375 0.34765625 0.0765625 0.1171875
9 0.33359375 0.5328125 0.1 0.1078125
9 0.47109375 0.915625 0.0640625 0.16875
9 0.0921875 0.51484375 0.0890625 0.0765625
9 0.17265625 0.43125 0.084375 0.065625
9 0.14765625 0.37734375 0.09375 0.0796875
9 0.05234375 0.46015625 0.09375 0.06875
2 0.421875 0.1171875 0.0390625 0.078125
2 0.1734375 0.59375 0.078125 0.0734375
2 0.40859375 0.93671875 0.0515625 0.1265625
2 0.7140625 0.47421875 0.078125 0.075
12 0.5703125 0.56953125 0.284375 0.1640625
4 0.3421875 0.16875 0.0234375 0.0484375
4 0.2015625 0.47734375 0.0375 0.05
4 0.18984375 0.515625 0.0359375 0.0453125