0 0.5078125 0.578125 0.1421875 0.1203125
12 0.89296875 0.5359375 0.2140625 0.109375
12 0.13515625 0.6234375 0.26875 0.1421875
9 0.16171875 0.33671875 0.0859375 0.065625
9 0.17890625 0.396875 0.0796875 0.0625
9 0.09375 0.46875 0.0921875 0.059375
9 0.05703125 0.4125 0.0859375 0.059375
9 0.39375 0.028125 0.0328125 0.053125
9 0.425 0.91328125 0.040625 0.1734375
9 0.471875 0.51015625 0.0859375 0.071875
9 0.6953125 0.48671875 0.09375 0.0625
9 0.8515625 0.47265625 0.08125 0.0578125
2 0.3640625 0.92734375 0.04375 0.134375
2 0.4625 0.11875 0.028125 0.09375
4 0.2046875 0.4421875 0.0359375 0.0484375
4 0.1890625 0.48203125 0.0328125 0.0359375