9 0.24765625 0.26640625 0.084375 0.0671875
9 0.64609375 0.33359375 0.084375 0.0671875
9 0.64765625 0.51484375 0.0859375 0.1046875
9 0.55859375 0.915625 0.0609375 0.16875
9 0.428125 0.9125 0.071875 0.1703125
9 0.19453125 0.4453125 0.103125 0.0984375
2 0.4890625 0.309375 0.075 0.075
2 0.56328125 0.11171875 0.0328125 0.0953125
2 0.62265625 0.93203125 0.0484375 0.1359375
2 0.31875 0.4796875 0.0921875 0.0796875
2 0.27734375 0.54765625 0.0796875 0.071875
2 0.16640625 0.5390625 0.084375 0.078125
2 0.9703125 0.3765625 0.059375 0.0625
10 0.83125 0.39609375 0.2546875 0.140625
4 0.684375 0.86171875 0.0265625 0.0734375
4 0.346875 0.61484375 0.0390625 0.0453125
4 0.4859375 0.175 0.0265625 0.0625
4 0.52265625 0.15234375 0.0265625 0.065625