12 0.7875 0.35078125 0.253125 0.1453125
9 0.8640625 0.51640625 0.096875 0.078125
9 0.55078125 0.5765625 0.0921875 0.1265625
9 0.3015625 0.303125 0.0828125 0.0734375
9 0.47890625 0.2953125 0.0828125 0.078125
9 0.478125 0.35 0.0828125 0.0703125
9 0.5171875 0.9109375 0.071875 0.178125
2 0.909375 0.4671875 0.0734375 0.06875
2 0.57265625 0.93671875 0.0609375 0.1265625
2 0.32109375 0.4515625 0.1015625 0.09375
2 0.60390625 0.11484375 0.0421875 0.08125
2 0.69921875 0.509375 0.0875 0.0828125
2 0.72421875 0.41171875 0.10625 0.0859375
4 0.52734375 0.12734375 0.0328125 0.06875
4 0.56484375 0.13125 0.0296875 0.0546875
4 0.334375 0.59609375 0.0484375 0.053125
4 0.64375 0.87421875 0.0375 0.071875