12 0.46171875 0.278125 0.2359375 0.1359375
2 0.4609375 0.359375 0.071875 0.0625
2 0.2 0.52734375 0.0828125 0.0734375
2 0.60703125 0.934375 0.0484375 0.13125
2 0.43828125 0.88125 0.0671875 0.1703125
2 0.578125 0.11328125 0.0375 0.084375
2 0.95078125 0.38046875 0.0828125 0.0734375
9 0.81953125 0.46953125 0.1 0.0890625
9 0.715625 0.33046875 0.084375 0.0671875
9 0.571875 0.5625 0.084375 0.1125
9 0.54375 0.91171875 0.065625 0.1765625
2 0.32109375 0.46796875 0.0890625 0.090625
2 0.22734375 0.29375 0.1078125 0.0703125
4 0.34453125 0.60625 0.040625 0.0421875
4 0.6703125 0.86796875 0.0359375 0.0765625
4 0.53828125 0.15234375 0.0265625 0.0609375
4 0.49296875 0.171875 0.0265625 0.071875