2 0.56484375 0.11875 0.0328125 0.08125
2 0.68203125 0.34375 0.0703125 0.05
2 0.44765625 0.30078125 0.0734375 0.0703125
2 0.32265625 0.4796875 0.0890625 0.0875
2 0.28125 0.5546875 0.0828125 0.0703125
2 0.16875 0.54375 0.0875 0.0765625
2 0.6203125 0.9390625 0.053125 0.121875
9 0.1921875 0.44921875 0.1015625 0.109375
9 0.08046875 0.45078125 0.090625 0.075
9 0.484375 0.8 0.078125 0.1609375
9 0.55703125 0.91640625 0.0671875 0.1671875
12 0.07734375 0.23359375 0.1328125 0.1078125
9 0.51875 0.08984375 0.0375 0.090625
4 0.52421875 0.1546875 0.0296875 0.05625
4 0.48515625 0.1796875 0.0265625 0.0671875
4 0.346875 0.6203125 0.0453125 0.053125
4 0.6875 0.85703125 0.028125 0.06875