0 0.23359375 0.61640625 0.1703125 0.146875
12 0.578125 0.571875 0.2890625 0.203125
2 0.478125 0.51796875 0.0875 0.0734375
2 0.7375 0.8890625 0.0734375 0.13125
2 0.4453125 0.11796875 0.04375 0.075
9 0.475 0.4046875 0.0859375 0.084375
9 0.1875 0.5578125 0.1078125 0.0859375
9 0.04453125 0.575 0.0890625 0.08125
9 0.94609375 0.44140625 0.1046875 0.103125
9 0.8859375 0.36953125 0.103125 0.0828125
9 0.78828125 0.31875 0.0890625 0.0796875
9 0.7875 0.26953125 0.1 0.09375
9 0.9078125 0.3078125 0.09375 0.0859375
9 0.67109375 0.8828125 0.0921875 0.1828125
9 0.525 0.140625 0.0609375 0.11875
4 0.771875 0.37578125 0.04375 0.05
4 0.7984375 0.40625 0.046875 0.0453125