0 0.1484375 0.4453125 0.1453125 0.1125
9 0.2125 0.31875 0.090625 0.09375
9 0.1078125 0.328125 0.090625 0.0828125
9 0.0421875 0.4640625 0.0828125 0.0671875
9 0.3828125 0.915625 0.046875 0.16875
9 0.5875 0.56875 0.090625 0.1046875
9 0.82421875 0.5609375 0.084375 0.0703125
9 0.4859375 0.07265625 0.0328125 0.115625
9 0.4140625 0.1515625 0.0328125 0.0921875
2 0.09609375 0.39765625 0.0765625 0.0625
2 0.2 0.39296875 0.0640625 0.05
2 0.1734375 0.621875 0.1015625 0.065625
2 0.33828125 0.52890625 0.0875 0.0609375
2 0.6625 0.43515625 0.0671875 0.0546875
2 0.8734375 0.42734375 0.071875 0.065625
2 0.9640625 0.48671875 0.0671875 0.0765625
2 0.6515625 0.503125 0.075 0.0640625
2 0.4359375 0.890625 0.04375 0.1515625
4 0.8 0.15 0.0359375 0.046875
4 0.05625 0.30234375 0.0296875 0.04375