4 0.81796875 0.1796875 0.0421875 0.05625
2 0.29296875 0.5625 0.10625 0.090625
2 0.453125 0.5078125 0.0859375 0.078125
2 0.73984375 0.490625 0.0828125 0.071875
2 0.77109375 0.5578125 0.08125 0.084375
2 0.94453125 0.52578125 0.084375 0.075
2 0.13125 0.3125 0.0859375 0.071875
2 0.23671875 0.33359375 0.08125 0.075
9 0.0625 0.3609375 0.0953125 0.084375
9 0.159375 0.2515625 0.109375 0.1046875
9 0.259375 0.25859375 0.1078125 0.103125
9 0.05625 0.540625 0.109375 0.0859375
9 0.2859375 0.9 0.0671875 0.1296875
9 0.4890625 0.22890625 0.065625 0.10625
9 0.58203125 0.0828125 0.0546875 0.1125
9 0.67265625 0.60625 0.11875 0.1234375
9 0.8765625 0.64453125 0.1046875 0.0890625
2 0.35078125 0.8671875 0.075 0.153125
0 0.1671875 0.371875 0.159375 0.128125