0 0.1453125 0.46328125 0.1421875 0.109375
9 0.10234375 0.34765625 0.0921875 0.08125
9 0.2046875 0.33203125 0.0921875 0.084375
9 0.04296875 0.48046875 0.0859375 0.0640625
9 0.3921875 0.91875 0.053125 0.1625
9 0.32109375 0.61328125 0.0859375 0.06875
9 0.759375 0.475 0.0953125 0.084375
9 0.79296875 0.56484375 0.09375 0.08125
9 0.934375 0.85703125 0.0828125 0.140625
9 0.47109375 0.0765625 0.0359375 0.1140625
2 0.3921875 0.12578125 0.03125 0.0828125
2 0.09453125 0.4171875 0.0796875 0.0625
2 0.196875 0.40703125 0.0625 0.05625
2 0.43046875 0.53359375 0.0671875 0.0640625
2 0.49921875 0.390625 0.0671875 0.0859375
2 0.66796875 0.4359375 0.06875 0.0671875
2 0.84921875 0.4125 0.078125 0.0640625
2 0.17109375 0.91484375 0.0875 0.1359375
2 0.4515625 0.89296875 0.0453125 0.1484375
4 0.07890625 0.5796875 0.0390625 0.053125