13 0.67734375 0.459375 0.0984375 0.084375
2 0.559375 0.51484375 0.0796875 0.0734375
2 0.42734375 0.5890625 0.0953125 0.0734375
2 0.3921875 0.88046875 0.059375 0.14375
2 0.7890625 0.46953125 0.071875 0.0609375
2 0.88046875 0.53203125 0.0796875 0.0703125
2 0.11484375 0.35 0.0828125 0.0625
2 0.21796875 0.3625 0.0703125 0.0640625
9 0.18515625 0.590625 0.0984375 0.0828125
9 0.053125 0.40703125 0.09375 0.0734375
9 0.1328125 0.28515625 0.0984375 0.0875
9 0.2375 0.2875 0.1015625 0.1
9 0.53828125 0.08359375 0.0421875 0.1140625
9 0.4765625 0.31171875 0.071875 0.0953125
9 0.7703125 0.59296875 0.115625 0.1171875
9 0.94921875 0.6140625 0.0875 0.08125
0 0.15625 0.4046875 0.146875 0.1140625
4 0.73359375 0.0890625 0.034375 0.0546875