2 0.06171875 0.82265625 0.0828125 0.0875
2 0.203125 0.39375 0.065625 0.0546875
2 0.0984375 0.403125 0.084375 0.059375
2 0.4609375 0.3296875 0.053125 0.084375
2 0.28046875 0.5421875 0.075 0.0625
2 0.4390625 0.89375 0.0421875 0.159375
2 0.5953125 0.4296875 0.059375 0.06875
2 0.76328125 0.43671875 0.06875 0.059375
9 0.109375 0.33515625 0.0921875 0.0765625
9 0.2140625 0.3234375 0.0859375 0.0859375
9 0.0453125 0.4671875 0.0859375 0.065625
9 0.1765625 0.61796875 0.0921875 0.075
9 0.38125 0.91640625 0.040625 0.1671875
9 0.484375 0.0828125 0.03125 0.096875
9 0.634375 0.49453125 0.090625 0.078125
9 0.6875 0.584375 0.0890625 0.071875
9 0.921875 0.5578125 0.0953125 0.0703125
9 0.8859375 0.478125 0.090625 0.0765625
0 0.1484375 0.446875 0.1390625 0.103125