2 0.11796875 0.8875 0.0953125 0.1
2 0.18984375 0.44140625 0.071875 0.0640625
2 0.08828125 0.4671875 0.0921875 0.0703125
2 0.43515625 0.33828125 0.065625 0.0921875
2 0.28984375 0.57578125 0.084375 0.0734375
2 0.5015625 0.8984375 0.065625 0.1640625
2 0.5828125 0.415625 0.06875 0.0765625
2 0.75 0.39609375 0.0765625 0.06875
9 0.08828125 0.3984375 0.103125 0.090625
9 0.18984375 0.3703125 0.0984375 0.0984375
9 0.04609375 0.5390625 0.0921875 0.078125
9 0.19921875 0.6671875 0.1015625 0.0890625
9 0.446875 0.921875 0.065625 0.15625
9 0.41953125 0.090625 0.0453125 0.1
9 0.63203125 0.4734375 0.1015625 0.090625
9 0.6984375 0.55390625 0.0984375 0.084375
9 0.92578125 0.49140625 0.1046875 0.084375
9 0.878125 0.41796875 0.1 0.0890625
0 0.14453125 0.50234375 0.153125 0.125