2 0.559375 0.5140625 0.06875 0.059375
2 0.5671875 0.428125 0.0671875 0.065625
2 0.42265625 0.23046875 0.0375 0.075
2 0.75625 0.4359375 0.0671875 0.071875
2 0.93515625 0.415625 0.0671875 0.0609375
2 0.2 0.3953125 0.071875 0.059375
2 0.1 0.39921875 0.078125 0.059375
2 0.4375 0.89609375 0.040625 0.1453125
9 0.1109375 0.33515625 0.0921875 0.078125
9 0.2125 0.31796875 0.0859375 0.09375
9 0.48515625 0.0734375 0.0328125 0.103125
9 0.0421875 0.4625 0.084375 0.0609375
9 0.440625 0.59375 0.08125 0.0734375
9 0.38125 0.915625 0.04375 0.1671875
9 0.86953125 0.48046875 0.0828125 0.0890625
9 0.890625 0.56171875 0.0859375 0.0734375
4 0.30625 0.54921875 0.0390625 0.0484375
13 0.41015625 0.065625 0.028125 0.09375
0 0.146875 0.4453125 0.1359375 0.0984375