4 0.51796875 0.54375 0.04375 0.04375
4 0.19609375 0.2546875 0.0265625 0.034375
9 0.23671875 0.28671875 0.1015625 0.0984375
9 0.13359375 0.28828125 0.1 0.0984375
9 0.05078125 0.41015625 0.0890625 0.0703125
9 0.140625 0.56015625 0.096875 0.115625
9 0.32890625 0.8984375 0.0640625 0.1703125
9 0.540625 0.590625 0.090625 0.0671875
9 0.5390625 0.07734375 0.0390625 0.1140625
9 0.94921875 0.53046875 0.1 0.0875
0 0.834375 0.94921875 0.1 0.1015625
0 0.1546875 0.403125 0.1546875 0.1203125
2 0.1125 0.35 0.0859375 0.0734375
2 0.215625 0.3625 0.075 0.0578125
2 0.028125 0.81015625 0.05625 0.0921875
2 0.1765625 0.5046875 0.0828125 0.071875
2 0.484375 0.31953125 0.059375 0.084375
2 0.3890625 0.88515625 0.0578125 0.14375
2 0.64296875 0.45859375 0.078125 0.071875
2 0.68203125 0.528125 0.08125 0.0671875
2 0.8484375 0.46796875 0.071875 0.0640625