0 0.85546875 0.51953125 0.165625 0.140625
9 0.81875 0.3828125 0.1078125 0.109375
9 0.91953125 0.41328125 0.10625 0.0984375
9 0.95390625 0.56015625 0.0921875 0.0828125
9 0.52734375 0.921875 0.0796875 0.15625
9 0.4 0.54921875 0.1109375 0.1203125
9 0.1703125 0.4921875 0.096875 0.0859375
9 0.60234375 0.08515625 0.0546875 0.1203125
9 0.65625 0.17734375 0.05 0.0953125
2 0.91640625 0.48359375 0.0875 0.0765625
2 0.815625 0.4578125 0.0734375 0.0625
2 0.79375 0.68671875 0.1125 0.0859375
2 0.65234375 0.56171875 0.0984375 0.078125
2 0.3546875 0.403125 0.0765625 0.0671875
2 0.15 0.3515625 0.084375 0.0796875
2 0.04921875 0.390625 0.08125 0.0890625
2 0.35078125 0.471875 0.0875 0.078125
2 0.48125 0.8953125 0.075 0.1578125
4 0.2796875 0.0953125 0.04375 0.053125
4 0.975 0.39921875 0.0375 0.0484375