4 0.521875 0.5421875 0.040625 0.040625
4 0.17578125 0.28203125 0.025 0.0328125
9 0.21875 0.31015625 0.0953125 0.090625
9 0.11640625 0.32109375 0.09375 0.090625
9 0.04453125 0.45 0.084375 0.0640625
9 0.14765625 0.590625 0.0875 0.1078125
9 0.3640625 0.91171875 0.05 0.1671875
9 0.5484375 0.58671875 0.0859375 0.059375
9 0.50234375 0.07578125 0.0296875 0.1140625
9 0.95078125 0.49140625 0.09375 0.0796875
0 0.87578125 0.93515625 0.0890625 0.1296875
0 0.14765625 0.43359375 0.146875 0.1078125
2 0.10078125 0.384375 0.08125 0.0671875
2 0.2046875 0.38828125 0.0703125 0.053125
2 0.04609375 0.8515625 0.0734375 0.0875
2 0.178125 0.5328125 0.0765625 0.065625
2 0.46875 0.32109375 0.053125 0.08125
2 0.42265625 0.89375 0.0453125 0.140625
2 0.6390625 0.44609375 0.071875 0.0671875
2 0.684375 0.51171875 0.0765625 0.0609375
2 0.84453125 0.4375 0.0671875 0.059375