4 0.62421875 0.40625 0.040625 0.034375
9 0.121875 0.896875 0.1046875 0.1171875
9 0.04453125 0.50703125 0.0890625 0.0765625
9 0.096875 0.36875 0.096875 0.0921875
9 0.19375 0.3453125 0.0953125 0.09375
9 0.6921875 0.42109375 0.09375 0.0703125
9 0.7953125 0.39296875 0.0875 0.06875
9 0.78203125 0.4609375 0.0859375 0.0765625
9 0.759375 0.54609375 0.103125 0.084375
9 0.959375 0.49296875 0.08125 0.0984375
13 0.8921875 0.37265625 0.1 0.0859375
2 0.8984375 0.43828125 0.078125 0.078125
2 0.86328125 0.525 0.0953125 0.0828125
2 0.6890625 0.47890625 0.08125 0.0734375
2 0.48828125 0.89453125 0.0640625 0.15625
2 0.07734375 0.43203125 0.0875 0.075
2 0.1703125 0.42890625 0.0734375 0.0625
0 0.1484375 0.48203125 0.15 0.115625
9 0.446875 0.09140625 0.034375 0.084375