0 0.14921875 0.453125 0.140625 0.1078125
9 0.2125 0.32578125 0.09375 0.0875
9 0.11015625 0.34140625 0.0890625 0.0796875
9 0.0453125 0.47578125 0.084375 0.0765625
9 0.50625 0.50390625 0.084375 0.090625
9 0.578125 0.58515625 0.084375 0.0828125
9 0.38671875 0.91484375 0.0421875 0.1703125
9 0.0359375 0.64296875 0.0671875 0.071875
9 0.7671875 0.484375 0.0859375 0.0765625
9 0.83046875 0.5578125 0.090625 0.0921875
9 0.48046875 0.08125 0.03125 0.109375
2 0.425 0.2484375 0.04375 0.090625
2 0.528125 0.39765625 0.0640625 0.0796875
2 0.68046875 0.4453125 0.0765625 0.0671875
2 0.11328125 0.56640625 0.078125 0.0625
2 0.44609375 0.896875 0.0453125 0.1390625
2 0.19765625 0.40234375 0.0734375 0.0640625
2 0.0984375 0.40546875 0.078125 0.059375