0 0.1484375 0.4546875 0.1359375 0.0984375
9 0.10390625 0.6359375 0.0875 0.090625
9 0.40078125 0.52265625 0.0734375 0.06875
9 0.48828125 0.08515625 0.028125 0.11875
9 0.95390625 0.4125 0.0875 0.0859375
9 0.3796875 0.91484375 0.0421875 0.1625
9 0.1109375 0.33984375 0.0875 0.0765625
9 0.21328125 0.32421875 0.084375 0.090625
9 0.04453125 0.46640625 0.0859375 0.0609375
2 0.1 0.39921875 0.078125 0.0578125
2 0.203125 0.4 0.06875 0.0546875
2 0.171875 0.93125 0.06875 0.1125
2 0.4390625 0.89765625 0.0375 0.1484375
2 0.4203125 0.140625 0.0328125 0.075
9 0.90078125 0.9390625 0.0734375 0.121875