2 0.87578125 0.3359375 0.09375 0.078125
2 0.775 0.34765625 0.0796875 0.08125
2 0.62734375 0.88515625 0.0640625 0.1578125
2 0.38671875 0.46015625 0.078125 0.0765625
2 0.496875 0.33671875 0.065625 0.071875
2 0.52109375 0.15078125 0.04375 0.0875
9 0.85234375 0.26875 0.10625 0.09375
9 0.753125 0.2796875 0.1046875 0.0984375
9 0.94296875 0.3875 0.0984375 0.08125
9 0.64921875 0.4953125 0.1 0.096875
9 0.6890625 0.88671875 0.06875 0.178125
9 0.54296875 0.59453125 0.1078125 0.1
9 0.38046875 0.53125 0.096875 0.0921875
9 0.28984375 0.6140625 0.0984375 0.090625
9 0.43828125 0.0796875 0.053125 0.1171875
0 0.83359375 0.38984375 0.153125 0.1234375