2 0.1015625 0.40390625 0.084375 0.0640625
2 0.20234375 0.39765625 0.06875 0.071875
2 0.44140625 0.9015625 0.0375 0.153125
2 0.6046875 0.44140625 0.0671875 0.0671875
2 0.475 0.33828125 0.05625 0.0625
2 0.41875 0.159375 0.0296875 0.084375
9 0.1125 0.33359375 0.09375 0.078125
9 0.2125 0.32734375 0.0921875 0.084375
9 0.04453125 0.46640625 0.0875 0.0671875
9 0.35234375 0.52109375 0.0875 0.084375
9 0.38125 0.91328125 0.040625 0.1734375
9 0.47421875 0.60078125 0.0953125 0.084375
9 0.6234375 0.51015625 0.0859375 0.0796875
9 0.7265625 0.57578125 0.0875 0.0765625
9 0.4875 0.07578125 0.034375 0.1125
0 0.15234375 0.44921875 0.1375 0.1015625