2 0.44375 0.31484375 0.04375 0.0875
2 0.2015625 0.396875 0.0671875 0.046875
2 0.1015625 0.40625 0.075 0.0578125
2 0.4390625 0.896875 0.0421875 0.1484375
9 0.70625 0.4984375 0.078125 0.0703125
9 0.4859375 0.0859375 0.03125 0.109375
9 0.21328125 0.32421875 0.09375 0.0828125
9 0.1125 0.33671875 0.0890625 0.078125
9 0.0453125 0.47109375 0.078125 0.059375
9 0.10390625 0.64296875 0.0953125 0.071875
9 0.13203125 0.56171875 0.0890625 0.0765625
0 0.15 0.453125 0.1421875 0.103125
9 0.3828125 0.91640625 0.046875 0.1640625
9 0.375 0.60546875 0.0890625 0.075
2 0.42421875 0.06875 0.0296875 0.0625