9 0.2140625 0.3265625 0.0921875 0.078125
9 0.1140625 0.340625 0.090625 0.078125
9 0.04296875 0.46796875 0.084375 0.0640625
9 0.22890625 0.62890625 0.0890625 0.08125
9 0.3046875 0.54453125 0.0828125 0.0703125
9 0.384375 0.91875 0.0453125 0.1625
9 0.503125 0.596875 0.0859375 0.0765625
9 0.8421875 0.4921875 0.078125 0.065625
9 0.4890625 0.084375 0.03125 0.109375
2 0.0984375 0.40234375 0.078125 0.065625
2 0.2046875 0.39765625 0.0703125 0.0578125
2 0.48046875 0.38515625 0.05625 0.0828125
2 0.41875 0.16484375 0.03125 0.0765625
2 0.43984375 0.896875 0.040625 0.14375
0 0.15 0.45078125 0.14375 0.109375