0 0.1515625 0.4546875 0.1421875 0.1078125
9 0.04765625 0.471875 0.0921875 0.071875
9 0.1109375 0.33984375 0.0953125 0.0828125
9 0.2140625 0.3234375 0.090625 0.0890625
9 0.171875 0.540625 0.0875 0.075
9 0.3828125 0.91640625 0.05 0.1671875
9 0.353125 0.6140625 0.0875 0.0828125
9 0.6171875 0.58046875 0.0890625 0.08125
9 0.959375 0.48359375 0.078125 0.059375
9 0.4859375 0.0828125 0.028125 0.115625
2 0.096875 0.403125 0.0828125 0.0625
2 0.2015625 0.4 0.0640625 0.053125
2 0.4359375 0.2625 0.040625 0.084375
2 0.42578125 0.06953125 0.0296875 0.084375
2 0.5375 0.43046875 0.0640625 0.071875
2 0.43828125 0.8984375 0.0390625 0.15
9 0.4671875 0.52890625 0.0796875 0.08125