0 0.85390625 0.52265625 0.1515625 0.121875
9 0.8625 0.709375 0.103125 0.10625
9 0.59296875 0.54140625 0.084375 0.08125
9 0.590625 0.0953125 0.05 0.121875
9 0.07109375 0.32734375 0.1015625 0.1015625
9 0.5390625 0.9234375 0.071875 0.153125
9 0.9125 0.4171875 0.1 0.0921875
9 0.81484375 0.38203125 0.1 0.1046875
9 0.95234375 0.55390625 0.0953125 0.0765625
2 0.91171875 0.47734375 0.0890625 0.0703125
2 0.81015625 0.45859375 0.078125 0.0671875
2 0.73984375 0.96171875 0.0890625 0.0765625
2 0.48359375 0.90234375 0.0640625 0.153125
2 0.646875 0.1625 0.0453125 0.0796875
9 0.03515625 0.8546875 0.0703125 0.134375