2 0.140625 0.90546875 0.0859375 0.096875
2 0.48828125 0.9046875 0.0546875 0.1421875
2 0.36953125 0.059375 0.0359375 0.06875
2 0.090625 0.453125 0.084375 0.0671875
2 0.19140625 0.43828125 0.0671875 0.059375
9 0.19375 0.36328125 0.0953125 0.0875
9 0.09375 0.38984375 0.1 0.090625
9 0.04609375 0.52734375 0.0875 0.0703125
9 0.4328125 0.9203125 0.065625 0.159375
9 0.81015625 0.3890625 0.096875 0.0890625
9 0.23515625 0.575 0.0875 0.075
9 0.4375 0.0875 0.040625 0.115625
0 0.14609375 0.496875 0.1421875 0.109375