2 0.59375 0.33046875 0.0609375 0.09375
2 0.81328125 0.4609375 0.075 0.059375
2 0.909375 0.49140625 0.084375 0.071875
2 0.47734375 0.90078125 0.071875 0.153125
9 0.2984375 0.45546875 0.090625 0.084375
9 0.6 0.09765625 0.053125 0.1125
9 0.8171875 0.3875 0.109375 0.1
9 0.91328125 0.42109375 0.103125 0.0953125
9 0.95078125 0.56640625 0.0875 0.0734375
9 0.8578125 0.721875 0.1078125 0.090625
9 0.846875 0.63671875 0.103125 0.09375
0 0.85234375 0.5265625 0.159375 0.1296875
9 0.52734375 0.9234375 0.0796875 0.153125
9 0.6 0.62890625 0.1015625 0.0921875
2 0.6640625 0.09375 0.0421875 0.0671875