2 0.859375 0.90546875 0.0859375 0.096875
2 0.51171875 0.9046875 0.0546875 0.1421875
2 0.63046875 0.059375 0.0359375 0.06875
2 0.909375 0.453125 0.084375 0.0671875
2 0.80859375 0.43828125 0.0671875 0.059375
9 0.80625 0.36328125 0.0953125 0.0875
9 0.90625 0.38984375 0.1 0.090625
9 0.95390625 0.52734375 0.0875 0.0703125
9 0.5671875 0.9203125 0.065625 0.159375
9 0.18984375 0.3890625 0.096875 0.0890625
9 0.76484375 0.575 0.0875 0.075
9 0.5625 0.0875 0.040625 0.115625
0 0.85390625 0.496875 0.1421875 0.109375