4 0.640625 0.43359375 0.0390625 0.0390625
13 0.909375 0.46015625 0.0984375 0.0875
9 0.95234375 0.59453125 0.090625 0.1046875
9 0.7828125 0.51484375 0.09375 0.075
9 0.7 0.4671875 0.0953125 0.0703125
9 0.73828125 0.59375 0.09375 0.084375
9 0.13515625 0.2828125 0.0984375 0.0875
9 0.23828125 0.28125 0.09375 0.090625
9 0.43359375 0.340625 0.0640625 0.1078125
9 0.0546875 0.4015625 0.096875 0.078125
2 0.10390625 0.3390625 0.08125 0.0640625
2 0.196875 0.34921875 0.075 0.0546875
2 0.396875 0.8765625 0.053125 0.159375
2 0.690625 0.52421875 0.078125 0.06875
2 0.84765625 0.60234375 0.090625 0.0734375
2 0.90390625 0.52890625 0.08125 0.078125
0 0.16015625 0.3984375 0.1453125 0.109375