9 0.290625 0.60625 0.0875 0.065625
9 0.1078125 0.33359375 0.0953125 0.075
9 0.209375 0.321875 0.0875 0.09375
9 0.484375 0.07890625 0.028125 0.1171875
9 0.0421875 0.46640625 0.0828125 0.059375
2 0.09375 0.4 0.0765625 0.0609375
2 0.196875 0.39453125 0.0671875 0.05
2 0.43515625 0.89765625 0.040625 0.1484375
9 0.3765625 0.915625 0.046875 0.1671875
9 0.8265625 0.5546875 0.0890625 0.0734375
12 0.89609375 0.87734375 0.1328125 0.2453125
4 0.115625 0.959375 0.0375 0.0515625
0 0.1453125 0.45 0.1359375 0.1