0 0.15 0.43203125 0.146875 0.10625
9 0.21875 0.30703125 0.0953125 0.0828125
9 0.11796875 0.31875 0.1015625 0.090625
9 0.0453125 0.44453125 0.0875 0.0671875
9 0.07421875 0.89140625 0.0890625 0.128125
9 0.3578125 0.90859375 0.053125 0.1703125
9 0.8296875 0.50546875 0.0890625 0.071875
9 0.95625 0.56796875 0.084375 0.071875
9 0.509375 0.08359375 0.040625 0.0984375
2 0.09921875 0.378125 0.0765625 0.0609375
2 0.20234375 0.38046875 0.0703125 0.05625
2 0.08203125 0.60546875 0.075 0.0765625
2 0.3046875 0.5328125 0.078125 0.0734375
2 0.415625 0.8921875 0.05 0.1578125