9 0.3078125 0.634375 0.096875 0.0765625
9 0.08828125 0.38984375 0.1046875 0.0875
9 0.1875 0.3640625 0.1 0.10625
9 0.42578125 0.08515625 0.04375 0.11875
9 0.04375 0.53046875 0.0875 0.0703125
2 0.08359375 0.4578125 0.084375 0.0703125
2 0.18515625 0.4375 0.0734375 0.059375
2 0.49140625 0.903125 0.0609375 0.153125
9 0.4359375 0.92109375 0.06875 0.1578125
9 0.83125 0.50859375 0.0984375 0.084375
12 0.93046875 0.81796875 0.1390625 0.2609375
4 0.1828125 0.98984375 0.04375 0.0203125
0 0.1421875 0.5 0.1484375 0.1171875