0 0.146875 0.45078125 0.1421875 0.0984375
9 0.209375 0.321875 0.090625 0.078125
9 0.109375 0.3390625 0.0984375 0.0859375
9 0.04296875 0.46875 0.084375 0.0625
9 0.0953125 0.91328125 0.0828125 0.1234375
9 0.3796875 0.915625 0.04375 0.16875
9 0.8296875 0.48828125 0.0859375 0.06875
9 0.959375 0.54375 0.08125 0.0671875
9 0.4875 0.08359375 0.0359375 0.096875
2 0.09375 0.39921875 0.075 0.0578125
2 0.196875 0.39609375 0.06875 0.053125
2 0.08828125 0.62734375 0.071875 0.0734375
2 0.30703125 0.54296875 0.075 0.0703125
2 0.4359375 0.89609375 0.0421875 0.15625