0 0.14375 0.49453125 0.153125 0.115625
9 0.18984375 0.35859375 0.1 0.0890625
9 0.09296875 0.3875 0.1078125 0.096875
9 0.04375 0.525 0.0875 0.071875
9 0.1484375 0.94609375 0.096875 0.1078125
9 0.43046875 0.9203125 0.0640625 0.159375
9 0.82578125 0.4484375 0.09375 0.078125
9 0.95859375 0.48671875 0.0828125 0.0765625
9 0.43671875 0.08828125 0.046875 0.1
2 0.084375 0.44921875 0.08125 0.065625
2 0.18671875 0.43359375 0.0734375 0.0609375
2 0.10703125 0.6765625 0.0796875 0.08125
2 0.3140625 0.56640625 0.0828125 0.078125
2 0.484375 0.90078125 0.059375 0.159375