4 0.38125 0.4 0.040625 0.040625
13 0.11484375 0.35546875 0.1015625 0.0921875
9 0.04296875 0.47421875 0.0859375 0.1078125
9 0.22265625 0.44140625 0.0953125 0.078125
9 0.315625 0.41640625 0.0984375 0.075
9 0.2453125 0.528125 0.096875 0.0875
9 0.909375 0.384375 0.103125 0.0921875
9 0.809375 0.35703125 0.096875 0.09375
9 0.60546875 0.36328125 0.06875 0.1109375
9 0.95234375 0.51953125 0.0953125 0.0828125
2 0.92421875 0.446875 0.084375 0.06875
2 0.83203125 0.4328125 0.078125 0.0578125
2 0.50234375 0.890625 0.0609375 0.1609375
2 0.309375 0.4734375 0.08125 0.071875
2 0.1375 0.509375 0.09375 0.078125
2 0.10234375 0.4234375 0.084375 0.08125
0 0.8546875 0.48984375 0.15 0.115625