0 0.14453125 0.478125 0.153125 0.115625
2 0.07421875 0.43671875 0.0859375 0.075
2 0.17109375 0.4265625 0.0765625 0.0546875
2 0.48828125 0.89375 0.0671875 0.1609375
2 0.69140625 0.48125 0.071875 0.0671875
2 0.86171875 0.521875 0.090625 0.075
2 0.8953125 0.43984375 0.0796875 0.065625
13 0.88828125 0.3703125 0.1015625 0.0921875
9 0.9578125 0.48828125 0.084375 0.1078125
9 0.68984375 0.421875 0.0921875 0.06875
9 0.78046875 0.45 0.090625 0.075
9 0.75234375 0.54453125 0.1046875 0.075
9 0.328125 0.48828125 0.0796875 0.103125
9 0.4453125 0.134375 0.046875 0.1203125
9 0.19140625 0.34765625 0.103125 0.09375
9 0.09375 0.37265625 0.096875 0.08125
9 0.79296875 0.38359375 0.0890625 0.0796875
4 0.6203125 0.40390625 0.04375 0.0515625