4 0.18671875 0.35859375 0.0421875 0.053125
4 0.4625 0.2921875 0.0484375 0.04375
4 0.9421875 0.3171875 0.046875 0.0484375
2 0.09140625 0.48671875 0.084375 0.0734375
2 0.2328125 0.44453125 0.078125 0.071875
2 0.51875 0.903125 0.06875 0.1546875
2 0.746875 0.45 0.0828125 0.08125
9 0.11171875 0.4109375 0.109375 0.103125
9 0.35 0.3421875 0.0921875 0.0921875
9 0.04140625 0.56171875 0.0828125 0.0796875
0 0.1640625 0.515625 0.15 0.11875
9 0.46640625 0.91796875 0.0828125 0.1640625
0 0.584375 0.05859375 0.11875 0.1171875
9 0.3953125 0.090625 0.0515625 0.1109375