4 0.22265625 0.296875 0.0328125 0.046875
4 0.50625 0.2890625 0.0421875 0.0359375
4 0.9703125 0.41328125 0.040625 0.040625
2 0.103125 0.40234375 0.075 0.059375
2 0.25 0.38984375 0.0671875 0.059375
2 0.434375 0.8984375 0.0390625 0.15
2 0.7515625 0.50234375 0.0703125 0.0671875
9 0.1390625 0.33203125 0.0921875 0.0859375
9 0.3859375 0.3140625 0.078125 0.078125
9 0.0375 0.465625 0.075 0.065625
0 0.16796875 0.4453125 0.134375 0.09375
9 0.378125 0.91171875 0.0484375 0.1765625
0 0.678125 0.06953125 0.09375 0.1359375
9 0.4828125 0.078125 0.0296875 0.1078125