4 0.25390625 0.26015625 0.0390625 0.0515625
4 0.53515625 0.2921875 0.0453125 0.040625
4 0.97734375 0.47890625 0.0453125 0.0453125
2 0.1203125 0.3484375 0.08125 0.06875
2 0.26796875 0.35625 0.075 0.06875
2 0.3796875 0.88515625 0.059375 0.153125
2 0.7484375 0.5375 0.0796875 0.0765625
9 0.165625 0.28359375 0.1046875 0.0984375
9 0.41328125 0.3 0.0875 0.0875
9 0.046875 0.4015625 0.0828125 0.075
0 0.17890625 0.4 0.1453125 0.1109375
9 0.321875 0.890625 0.071875 0.18125
0 0.7359375 0.0984375 0.1109375 0.146875
9 0.54140625 0.0796875 0.04375 0.109375