9 0.48125 0.07734375 0.0328125 0.09375
9 0.496875 0.303125 0.078125 0.0828125
9 0.175 0.32421875 0.0953125 0.090625
9 0.0421875 0.46953125 0.0828125 0.0671875
9 0.0421875 0.35078125 0.0765625 0.0578125
9 0.37734375 0.9140625 0.0453125 0.171875
0 0.19375 0.44140625 0.1375 0.1
0 0.7640625 0.1234375 0.109375 0.1359375
2 0.1421875 0.39453125 0.075 0.0609375
2 0.3 0.3953125 0.065625 0.0546875
2 0.72265625 0.509375 0.06875 0.06875
2 0.434375 0.89375 0.0421875 0.14375
4 0.64140625 0.28671875 0.0328125 0.0375
4 0.8890625 0.415625 0.0359375 0.0390625
4 0.26328125 0.29296875 0.0375 0.0390625