0 0.54375 0.5328125 0.134375 0.1828125
4 0.33203125 0.41015625 0.0375 0.0359375
4 0.24921875 0.23828125 0.040625 0.046875
9 0.778125 0.3625 0.0875 0.0609375
9 0.7234375 0.48125 0.090625 0.0765625
9 0.5640625 0.0828125 0.0375 0.1109375
9 0.6140625 0.32265625 0.084375 0.0734375
9 0.5203125 0.3765625 0.08125 0.0765625
9 0.340625 0.26796875 0.0828125 0.090625
9 0.57890625 0.91796875 0.0578125 0.1640625
2 0.82109375 0.4390625 0.078125 0.065625
2 0.33984375 0.328125 0.0734375 0.065625
2 0.51796875 0.1046875 0.0390625 0.1015625
2 0.2984375 0.48359375 0.0765625 0.065625
2 0.52421875 0.89921875 0.0546875 0.153125