2 0.403125 0.11796875 0.0484375 0.1
2 0.1609375 0.4 0.084375 0.078125
2 0.2984375 0.5375 0.078125 0.078125
2 0.6828125 0.36015625 0.0859375 0.078125
2 0.6375 0.87265625 0.06875 0.1515625
9 0.4390625 0.08203125 0.0484375 0.10625
9 0.6375 0.29765625 0.090625 0.0765625
9 0.6578125 0.434375 0.0953125 0.090625
9 0.70234375 0.88125 0.0765625 0.1796875
9 0.4578125 0.31328125 0.084375 0.0734375
9 0.3421875 0.39140625 0.0875 0.08125
9 0.1578125 0.33828125 0.0890625 0.0921875
0 0.5234375 0.58671875 0.1453125 0.2140625
4 0.07890625 0.3328125 0.046875 0.0484375
4 0.31640625 0.46484375 0.04375 0.0453125