4 0.7515625 0.22890625 0.0390625 0.046875
4 0.7875 0.35 0.0453125 0.0484375
4 0.278125 0.3328125 0.04375 0.053125
9 0.18125 0.39453125 0.103125 0.09375
9 0.05546875 0.56796875 0.1015625 0.0828125
9 0.0390625 0.51796875 0.078125 0.0765625
9 0.59140625 0.26875 0.09375 0.1
9 0.47578125 0.9203125 0.0859375 0.159375
9 0.3859375 0.096875 0.0515625 0.1078125
2 0.18359375 0.45546875 0.0875 0.0671875
2 0.35390625 0.44375 0.0765625 0.08125
2 0.703125 0.4609375 0.084375 0.084375
2 0.52421875 0.8953125 0.0734375 0.1484375
0 0.2171875 0.50546875 0.1546875 0.1328125
0 0.790625 0.084375 0.1453125 0.1421875