4 0.68515625 0.4625 0.0484375 0.04375
9 0.66171875 0.32421875 0.0859375 0.0828125
9 0.81953125 0.40390625 0.09375 0.08125
9 0.9640625 0.35234375 0.071875 0.0890625
9 0.45390625 0.3078125 0.0859375 0.0734375
9 0.38984375 0.47578125 0.0984375 0.10625
9 0.3015625 0.88125 0.08125 0.1828125
9 0.1671875 0.3375 0.09375 0.075
9 0.56171875 0.08203125 0.0515625 0.109375
2 0.43828125 0.37578125 0.084375 0.071875
2 0.36484375 0.87578125 0.0734375 0.1640625
2 0.6984375 0.5421875 0.0765625 0.071875
2 0.975 0.41328125 0.05 0.0734375
2 0.59375 0.12265625 0.0515625 0.1078125
0 0.503125 0.6875 0.1484375 0.2625