2 0.54765625 0.1078125 0.034375 0.096875
2 0.453125 0.36796875 0.071875 0.0765625
2 0.0359375 0.3890625 0.0625 0.0625
2 0.41015625 0.8859375 0.053125 0.15
2 0.54609375 0.7546875 0.059375 0.1375
2 0.7046875 0.51953125 0.075 0.065625
9 0.0890625 0.32421875 0.0828125 0.06875
9 0.259375 0.30703125 0.084375 0.0625
9 0.27265625 0.378125 0.084375 0.065625
9 0.17265625 0.43359375 0.0921875 0.0765625
9 0.4609375 0.30234375 0.08125 0.090625
9 0.50703125 0.08125 0.0359375 0.1109375
9 0.35078125 0.903125 0.0609375 0.175
0 0.3671875 0.45 0.1359375 0.1390625
4 0.5734375 0.2890625 0.0375 0.0578125
4 0.68359375 0.440625 0.0359375 0.0390625