0 0.54921875 0.5234375 0.134375 0.1828125
4 0.3171875 0.446875 0.0375 0.0359375
4 0.20078125 0.29609375 0.040625 0.046875
9 0.74375 0.3078125 0.0875 0.0609375
9 0.71484375 0.43515625 0.090625 0.0765625
9 0.47578125 0.078125 0.0375 0.1109375
9 0.57421875 0.303125 0.084375 0.0734375
9 0.49375 0.375 0.08125 0.0765625
9 0.29609375 0.30625 0.0828125 0.090625
9 0.665625 0.8984375 0.0578125 0.1765625
2 0.8015625 0.3734375 0.078125 0.065625
2 0.3078125 0.365625 0.0734375 0.065625
2 0.43515625 0.109375 0.0390625 0.1015625
2 0.29921875 0.52578125 0.0765625 0.065625
2 0.60625 0.88515625 0.0546875 0.153125