4 0.80625 0.2921875 0.03125 0.040625
4 0.8140625 0.41875 0.0359375 0.040625
4 0.32109375 0.2875 0.034375 0.046875
9 0.21328125 0.32578125 0.0875 0.0765625
9 0.0515625 0.46640625 0.090625 0.0640625
9 0.04140625 0.4125 0.0796875 0.0609375
9 0.64140625 0.2953125 0.0765625 0.084375
9 0.3796875 0.91328125 0.05 0.171875
9 0.4796875 0.08125 0.0296875 0.1046875
2 0.2015625 0.38515625 0.078125 0.0515625
2 0.3703125 0.4125 0.0640625 0.0703125
2 0.70703125 0.5078125 0.0703125 0.071875
2 0.434375 0.890625 0.04375 0.14375
0 0.2234375 0.44140625 0.134375 0.10625
0 0.8765625 0.16015625 0.1234375 0.11875