0 0.453125 0.528125 0.1171875 0.171875
4 0.6765625 0.428125 0.034375 0.0328125
4 0.7765625 0.265625 0.0359375 0.04375
9 0.2375 0.334375 0.0828125 0.053125
9 0.2796875 0.4578125 0.084375 0.06875
9 0.4796875 0.078125 0.0265625 0.109375
9 0.40546875 0.31171875 0.078125 0.065625
9 0.49296875 0.375 0.075 0.0703125
9 0.6828125 0.2859375 0.075 0.084375
9 0.3765625 0.91328125 0.0390625 0.1734375
2 0.18671875 0.40546875 0.071875 0.059375
2 0.67734375 0.34609375 0.0671875 0.059375
2 0.5234375 0.1046875 0.0296875 0.0984375
2 0.70234375 0.5046875 0.0703125 0.059375
2 0.434375 0.89453125 0.0390625 0.15