0 0.92109375 0.38125 0.146875 0.1125
4 0.8703125 0.42578125 0.046875 0.0421875
4 0.33671875 0.4046875 0.04375 0.046875
9 0.490625 0.659375 0.0890625 0.1453125
9 0.678125 0.41328125 0.0859375 0.065625
9 0.40703125 0.2859375 0.08125 0.078125
9 0.171875 0.2203125 0.084375 0.0828125
9 0.578125 0.0875 0.0421875 0.1171875
9 0.5640625 0.92109375 0.06875 0.1578125
2 0.53203125 0.1125 0.0453125 0.1109375
2 0.33515625 0.33359375 0.0796875 0.075
2 0.29609375 0.4796875 0.0828125 0.0796875
2 0.51015625 0.89765625 0.0609375 0.153125
9 0.9390625 0.47109375 0.0828125 0.059375
12 0.90234375 0.51875 0.1953125 0.134375