13 0.89609375 0.4046875 0.1 0.0921875
2 0.5625 0.11015625 0.046875 0.0984375
2 0.30390625 0.459375 0.0765625 0.0703125
2 0.48125 0.8953125 0.075 0.153125
9 0.5328125 0.92109375 0.08125 0.1578125
9 0.5328125 0.36953125 0.0859375 0.0765625
9 0.2296875 0.27734375 0.0875 0.08125
9 0.61171875 0.08828125 0.0515625 0.115625
12 0.74140625 0.490625 0.290625 0.1734375
4 0.34765625 0.39140625 0.04375 0.04375
4 0.25078125 0.22265625 0.04375 0.0484375
4 0.04375 0.5015625 0.040625 0.0453125
12 0.0796875 0.440625 0.159375 0.14375