12 0.50078125 0.6671875 0.2296875 0.4453125
12 0.1640625 0.565625 0.2703125 0.15
0 0.21484375 0.1453125 0.1109375 0.1375
0 0.0515625 0.28671875 0.103125 0.1078125
9 0.31953125 0.36171875 0.0796875 0.0671875
9 0.71875 0.4359375 0.10625 0.1125
9 0.65078125 0.90390625 0.0640625 0.1765625
9 0.4890625 0.078125 0.0390625 0.1109375
2 0.86640625 0.32578125 0.0796875 0.065625
2 0.59140625 0.3109375 0.0671875 0.065625
2 0.29921875 0.5171875 0.078125 0.06875
2 0.590625 0.8828125 0.053125 0.15625
2 0.45234375 0.1109375 0.0390625 0.0984375
13 0.41796875 0.29609375 0.08125 0.0765625
9 0.05859375 0.48359375 0.1 0.0828125
4 0.321875 0.43671875 0.040625 0.0453125
4 0.3265625 0.6390625 0.0359375 0.040625