4 0.165625 0.16953125 0.025 0.05
4 0.634375 0.428125 0.0390625 0.0453125
9 0.1125 0.31953125 0.0890625 0.08125
9 0.215625 0.309375 0.0921875 0.0875
9 0.4171875 0.359375 0.05625 0.1140625
9 0.0609375 0.61875 0.090625 0.0734375
9 0.04609375 0.4515625 0.0828125 0.059375
9 0.74453125 0.575 0.090625 0.075
9 0.7859375 0.484375 0.0828125 0.0640625
9 0.803125 0.42265625 0.0796875 0.059375
9 0.696875 0.446875 0.0875 0.065625
9 0.9609375 0.553125 0.078125 0.1015625
2 0.8546875 0.56796875 0.0921875 0.0609375
2 0.89765625 0.48515625 0.075 0.059375
2 0.6890625 0.5078125 0.075 0.059375
2 0.51875 0.203125 0.028125 0.0921875
2 0.08515625 0.39296875 0.0765625 0.05
2 0.1859375 0.3890625 0.0671875 0.046875
2 0.4375 0.890625 0.040625 0.15
0 0.15 0.4390625 0.1390625 0.0890625
13 0.9046875 0.42421875 0.0890625 0.071875