12 0.46015625 0.6625 0.271875 0.4609375
12 0.1578125 0.4828125 0.28125 0.175
0 0.309375 0.0875 0.1234375 0.146875
0 0.11015625 0.1828125 0.125 0.1171875
9 0.35859375 0.321875 0.0859375 0.075
9 0.72734375 0.490625 0.115625 0.1203125
9 0.5484375 0.91875 0.08125 0.1625
9 0.59140625 0.0875 0.05 0.1125
2 0.89765625 0.41953125 0.084375 0.0734375
2 0.634375 0.3390625 0.071875 0.0703125
2 0.30078125 0.46796875 0.0828125 0.0765625
2 0.4953125 0.89375 0.06875 0.159375
2 0.54765625 0.1109375 0.0484375 0.1015625
13 0.46953125 0.28203125 0.0875 0.0828125
9 0.07578125 0.37734375 0.10625 0.0921875
4 0.3421875 0.3953125 0.0453125 0.0484375
4 0.29765625 0.59296875 0.040625 0.04375