12 0.11953125 0.49765625 0.2390625 0.1328125
0 0.15703125 0.35546875 0.13125 0.115625
4 0.2796875 0.3796875 0.04375 0.0453125
4 0.66328125 0.41171875 0.0421875 0.04375
9 0.425 0.384375 0.084375 0.0734375
9 0.42109375 0.91796875 0.0640625 0.1640625
9 0.434375 0.0875 0.0375 0.1109375
9 0.73125 0.2640625 0.078125 0.0703125
2 0.8234375 0.30546875 0.08125 0.0671875
2 0.70390625 0.47734375 0.078125 0.0765625
2 0.4765625 0.896875 0.059375 0.15
2 0.47890625 0.10546875 0.040625 0.1
9 0.56171875 0.8046875 0.08125 0.171875
9 0.15625 0.4265625 0.0859375 0.0484375
9 0.94921875 0.215625 0.053125 0.06875