13 0.71640625 0.34140625 0.090625 0.0828125
9 0.784375 0.43359375 0.090625 0.078125
9 0.58671875 0.0875 0.0453125 0.109375
9 0.5546875 0.91796875 0.075 0.1640625
9 0.3046875 0.309375 0.090625 0.078125
2 0.54296875 0.109375 0.0484375 0.1078125
2 0.953125 0.42578125 0.0796875 0.071875
2 0.50390625 0.8953125 0.0625 0.153125
2 0.30078125 0.471875 0.08125 0.08125
4 0.1734375 0.56875 0.0390625 0.05
4 0.34140625 0.4015625 0.0453125 0.0515625
0 0.41875 0.2625 0.1265625 0.121875
12 0.11171875 0.4703125 0.2234375 0.1625
12 0.62421875 0.49921875 0.284375 0.2421875