12 0.4296875 0.5203125 0.246875 0.2703125
12 0.87578125 0.5375 0.24375 0.125
0 0.721875 0.26875 0.109375 0.1046875
9 0.0671875 0.45703125 0.1 0.0953125
9 0.37109375 0.378125 0.0765625 0.0625
9 0.478125 0.0796875 0.0296875 0.10625
9 0.37890625 0.91484375 0.0515625 0.1703125
9 0.84453125 0.3265625 0.0765625 0.0609375
2 0.1671875 0.3359375 0.0703125 0.0671875
2 0.4375 0.88984375 0.0453125 0.146875
2 0.7 0.503125 0.071875 0.0671875
2 0.5203125 0.10625 0.028125 0.0984375
13 0.3984375 0.29765625 0.0828125 0.0828125
4 0.7609375 0.61640625 0.034375 0.04375
4 0.6734375 0.42734375 0.040625 0.040625