13 0.3109375 0.309375 0.0796875 0.071875
9 0.2296875 0.38984375 0.0828125 0.065625
9 0.47890625 0.07890625 0.0296875 0.10625
9 0.37890625 0.9125 0.0484375 0.175
9 0.72265625 0.3421875 0.08125 0.065625
2 0.51875 0.1078125 0.03125 0.1046875
2 0.0640625 0.35546875 0.071875 0.0609375
2 0.434375 0.88984375 0.040625 0.1484375
2 0.7015625 0.503125 0.071875 0.0703125
4 0.81171875 0.61875 0.0328125 0.046875
4 0.671875 0.42734375 0.0390625 0.046875
0 0.6171875 0.278125 0.1125 0.10625
12 0.8921875 0.53203125 0.215625 0.13125
12 0.37734375 0.4796875 0.25625 0.2046875