4 0.3453125 0.390625 0.046875 0.053125
4 0.26484375 0.57109375 0.0453125 0.0515625
12 0.140625 0.46484375 0.28125 0.1890625
12 0.50859375 0.584375 0.2890625 0.3765625
0 0.23203125 0.18984375 0.13125 0.134375
0 0.4109375 0.05546875 0.11875 0.1109375
9 0.8296875 0.51796875 0.11875 0.1109375
9 0.51484375 0.36640625 0.0890625 0.084375
9 0.615625 0.09453125 0.0578125 0.1140625
9 0.525 0.92109375 0.084375 0.1578125
9 0.084375 0.221875 0.0796875 0.084375
2 0.3046875 0.46015625 0.084375 0.08125
2 0.75 0.3859375 0.075 0.0703125
2 0.5671875 0.1109375 0.0546875 0.1
13 0.56484375 0.30234375 0.0921875 0.0875
2 0.475 0.89453125 0.075 0.1578125