12 0.90703125 0.5296875 0.1859375 0.1328125
12 0.3234375 0.45546875 0.26875 0.15625
4 0.671875 0.43046875 0.0375 0.0421875
4 0.9796875 0.27421875 0.0296875 0.040625
4 0.875 0.60625 0.040625 0.0484375
9 0.609375 0.3546875 0.078125 0.0578125
9 0.103125 0.403125 0.0828125 0.065625
9 0.3796875 0.9140625 0.0546875 0.171875
9 0.4765625 0.08203125 0.0328125 0.1109375
9 0.9515625 0.328125 0.071875 0.059375
0 0.5171875 0.28359375 0.115625 0.10625
2 0.434375 0.8890625 0.0453125 0.153125
2 0.5203125 0.10859375 0.034375 0.0953125
2 0.7015625 0.503125 0.0703125 0.0625
2 0.93515625 0.82265625 0.0765625 0.1296875
13 0.221875 0.3171875 0.084375 0.0765625