12 0.11875 0.4578125 0.2359375 0.109375
0 0.17421875 0.3203125 0.1203125 0.1046875
4 0.29375 0.35703125 0.0390625 0.040625
4 0.671875 0.4296875 0.0375 0.040625
9 0.4375 0.37734375 0.078125 0.065625
9 0.378125 0.9140625 0.046875 0.171875
9 0.478125 0.0828125 0.0265625 0.109375
9 0.7546875 0.28984375 0.0734375 0.0625
2 0.8421875 0.340625 0.075 0.059375
2 0.70546875 0.4984375 0.071875 0.0703125
2 0.43515625 0.8921875 0.04375 0.146875
2 0.5203125 0.10546875 0.03125 0.096875
9 0.5296875 0.809375 0.065625 0.165625
9 0.165625 0.390625 0.0828125 0.040625
9 0.9765625 0.2640625 0.046875 0.0640625