4 0.76484375 0.11171875 0.034375 0.0546875
4 0.3546875 0.45546875 0.0453125 0.0515625
9 0.84609375 0.24921875 0.1015625 0.0953125
9 0.74296875 0.25859375 0.10625 0.103125
9 0.5546875 0.34609375 0.0765625 0.1234375
9 0.9515625 0.53203125 0.096875 0.0890625
9 0.9359375 0.365625 0.0921875 0.0734375
9 0.27421875 0.6203125 0.103125 0.090625
9 0.21640625 0.5390625 0.0921875 0.078125
9 0.1875 0.48203125 0.0890625 0.0734375
9 0.296875 0.48515625 0.0984375 0.08125
9 0.0578125 0.63984375 0.0953125 0.1140625
2 0.16484375 0.634375 0.1015625 0.078125
2 0.10703125 0.5609375 0.084375 0.071875
2 0.315625 0.54375 0.084375 0.071875
2 0.425 0.2125 0.04375 0.0953125
2 0.88671875 0.315625 0.084375 0.0640625
2 0.7875 0.33125 0.0734375 0.059375
2 0.6359375 0.871875 0.0671875 0.1546875
0 0.83203125 0.3734375 0.153125 0.1140625
13 0.08828125 0.503125 0.1 0.0859375