12 0.90625 0.53671875 0.1875 0.1359375
12 0.32421875 0.45234375 0.2703125 0.159375
4 0.6734375 0.43359375 0.0375 0.0421875
4 0.98359375 0.2828125 0.0296875 0.040625
4 0.8734375 0.6125 0.040625 0.0484375
9 0.61171875 0.35625 0.078125 0.0578125
9 0.1046875 0.39609375 0.084375 0.0671875
9 0.37265625 0.91171875 0.05625 0.1734375
9 0.48359375 0.08203125 0.034375 0.1109375
9 0.9546875 0.3359375 0.0734375 0.059375
0 0.52109375 0.28359375 0.1171875 0.1078125
2 0.42734375 0.8875 0.046875 0.153125
2 0.52734375 0.109375 0.0359375 0.0953125
2 0.7015625 0.50703125 0.0703125 0.0640625
2 0.9296875 0.83046875 0.078125 0.1296875
13 0.225 0.3125 0.084375 0.078125