9 0.3765625 0.91171875 0.046875 0.1734375
9 0.478125 0.078125 0.0296875 0.1046875
9 0.6703125 0.06796875 0.0515625 0.0859375
9 0.903125 0.278125 0.075 0.0625
9 0.8078125 0.4671875 0.090625 0.0828125
2 0.4359375 0.88671875 0.0421875 0.1515625
2 0.165625 0.3328125 0.0671875 0.065625
2 0.51875 0.10859375 0.03125 0.1
2 0.96875 0.471875 0.0625 0.0671875
12 0.3859375 0.446875 0.2390625 0.2265625
12 0.5734375 0.290625 0.2203125 0.10625
12 0.8171875 0.5453125 0.2609375 0.1234375
2 0.7046875 0.50390625 0.0734375 0.0703125
4 0.6734375 0.425 0.04375 0.0453125
4 0.6671875 0.62734375 0.0359375 0.040625