4 0.6671875 0.41328125 0.0390625 0.0390625
4 0.678125 0.61015625 0.0421875 0.0453125
12 0.8203125 0.51640625 0.275 0.1453125
12 0.32109375 0.43125 0.2578125 0.1875
12 0.43125 0.30625 0.2328125 0.1234375
2 0.484375 0.109375 0.0421875 0.0953125
2 0.46875 0.89375 0.0546875 0.1515625
2 0.03046875 0.3875 0.0609375 0.075
2 0.70078125 0.48203125 0.071875 0.059375
2 0.9640625 0.4328125 0.0703125 0.071875
9 0.80546875 0.4390625 0.0984375 0.0859375
9 0.75546875 0.26171875 0.0828125 0.078125
9 0.4390625 0.08515625 0.0421875 0.1046875
9 0.4140625 0.91640625 0.0625 0.1671875