4 0.6734375 0.428125 0.0375 0.05
4 0.6671875 0.62890625 0.034375 0.03125
9 0.365625 0.4875 0.0859375 0.125
9 0.828125 0.3359375 0.08125 0.0640625
9 0.9046875 0.4515625 0.09375 0.08125
9 0.3796875 0.91328125 0.046875 0.1734375
9 0.478125 0.07890625 0.0296875 0.1109375
2 0.503125 0.31953125 0.0625 0.0609375
2 0.23828125 0.3375 0.0765625 0.0671875
2 0.7015625 0.50546875 0.06875 0.0671875
2 0.4359375 0.88671875 0.0484375 0.1484375
2 0.521875 0.1078125 0.03125 0.09375
0 0.846875 0.16171875 0.10625 0.115625
12 0.82890625 0.5484375 0.2640625 0.13125
12 0.5546875 0.7625 0.1734375 0.471875
13 0.65234375 0.278125 0.075 0.071875