4 0.95 0.84453125 0.040625 0.0421875
4 0.325 0.43671875 0.0375 0.0484375
4 0.34140625 0.63359375 0.0375 0.046875
12 0.5171875 0.56328125 0.228125 0.36875
12 0.1875 0.56875 0.2625 0.146875
12 0.1546875 0.290625 0.2265625 0.1171875
2 0.45390625 0.11015625 0.0390625 0.1
2 0.53515625 0.30625 0.065625 0.059375
2 0.59375 0.8796875 0.0546875 0.1484375
2 0.0296875 0.496875 0.059375 0.065625
9 0.19296875 0.48359375 0.0984375 0.0875
9 0.196875 0.17578125 0.0734375 0.0765625
9 0.4890625 0.07890625 0.0375 0.1078125
9 0.65 0.89921875 0.059375 0.1828125
2 0.3 0.5125 0.06875 0.0828125