12 0.2015625 0.39140625 0.2546875 0.1109375
12 0.20078125 0.31171875 0.2375 0.0828125
12 0.8171875 0.546875 0.265625 0.125
9 0.825 0.46171875 0.090625 0.0765625
9 0.378125 0.91328125 0.0515625 0.1734375
9 0.50546875 0.31640625 0.06875 0.0703125
9 0.478125 0.0796875 0.028125 0.1125
2 0.7015625 0.50078125 0.06875 0.0734375
2 0.7453125 0.2953125 0.0734375 0.0734375
2 0.96875 0.46875 0.0625 0.0625
2 0.521875 0.1078125 0.03125 0.096875
2 0.4359375 0.88828125 0.04375 0.1484375
4 0.67421875 0.428125 0.0390625 0.046875
4 0.665625 0.62421875 0.0390625 0.028125