12 0.19765625 0.4015625 0.2578125 0.1203125
12 0.19453125 0.32265625 0.240625 0.090625
12 0.81875 0.5359375 0.26875 0.134375
9 0.8234375 0.45078125 0.0921875 0.0796875
9 0.39296875 0.91484375 0.0578125 0.1703125
9 0.49921875 0.31640625 0.071875 0.071875
9 0.46328125 0.08046875 0.03125 0.1140625
2 0.7015625 0.49375 0.071875 0.0765625
2 0.73828125 0.28671875 0.075 0.0765625
2 0.9671875 0.45234375 0.0640625 0.0640625
2 0.5078125 0.10703125 0.034375 0.096875
2 0.44921875 0.890625 0.0484375 0.15
4 0.671875 0.421875 0.040625 0.0484375
4 0.66953125 0.61875 0.0390625 0.0296875