12 0.32734375 0.29609375 0.2296875 0.096875
12 0.26875 0.39453125 0.2546875 0.1203125
12 0.8203125 0.5484375 0.2625 0.134375
2 0.703125 0.49453125 0.0703125 0.05625
2 0.4359375 0.88671875 0.040625 0.1375
2 0.8890625 0.290625 0.0703125 0.059375
2 0.9703125 0.471875 0.059375 0.0671875
2 0.5203125 0.1125 0.034375 0.09375
9 0.6390625 0.30390625 0.08125 0.08125
9 0.81484375 0.465625 0.0890625 0.0796875
9 0.3765625 0.91171875 0.05 0.1765625
9 0.4765625 0.078125 0.034375 0.1078125
4 0.67578125 0.42421875 0.0359375 0.0484375
4 0.6703125 0.62265625 0.040625 0.04375