4 0.3359375 0.4078125 0.0421875 0.04375
4 0.31875 0.60390625 0.04375 0.0484375
2 0.3015625 0.4734375 0.078125 0.0671875
2 0.03828125 0.41484375 0.0703125 0.0765625
2 0.52578125 0.1078125 0.04375 0.1015625
2 0.7125 0.34921875 0.071875 0.0609375
2 0.51953125 0.89140625 0.0625 0.1453125
9 0.56953125 0.915625 0.0703125 0.16875
9 0.571875 0.08359375 0.0453125 0.1125
9 0.32421875 0.0953125 0.0765625 0.090625
9 0.20078125 0.428125 0.0984375 0.0921875
12 0.328125 0.24921875 0.2359375 0.140625
12 0.559375 0.5046875 0.2546875 0.3078125
12 0.1796875 0.50546875 0.2765625 0.15625
4 0.778125 0.99375 0.040625 0.0125