4 0.675 0.421875 0.0375 0.0390625
9 0.53125 0.8203125 0.0625 0.1984375
9 0.378125 0.91171875 0.0484375 0.171875
9 0.375 0.31796875 0.078125 0.0703125
9 0.478125 0.07421875 0.0296875 0.096875
9 0.84375 0.45859375 0.09375 0.0890625
2 0.51953125 0.11015625 0.028125 0.096875
2 0.6109375 0.303125 0.071875 0.0703125
2 0.8859375 0.31796875 0.0578125 0.0609375
2 0.7015625 0.49921875 0.071875 0.065625
2 0.434375 0.884375 0.0453125 0.15
13 0.91875 0.24765625 0.078125 0.06875
12 0.81640625 0.5453125 0.2609375 0.1234375
12 0.13125 0.38984375 0.2609375 0.1125
4 0.67265625 0.62421875 0.0390625 0.040625
12 0.0984375 0.3234375 0.1953125 0.08125