4 0.31171875 0.46328125 0.0453125 0.046875
9 0.54140625 0.81875 0.1046875 0.2078125
9 0.71171875 0.8734375 0.084375 0.178125
9 0.58046875 0.29453125 0.090625 0.084375
9 0.42578125 0.08046875 0.05 0.1
9 0.15546875 0.53671875 0.1109375 0.1078125
2 0.39296875 0.12421875 0.0484375 0.1
2 0.34765625 0.3328125 0.0859375 0.084375
2 0.0828125 0.409375 0.06875 0.071875
2 0.303125 0.54453125 0.084375 0.0796875
2 0.65078125 0.859375 0.0765625 0.15625
13 0.03984375 0.3484375 0.0796875 0.084375
12 0.2015625 0.615625 0.28125 0.1796875
12 0.834375 0.309375 0.278125 0.16875
4 0.359375 0.66015625 0.046875 0.0484375
12 0.8515625 0.2375 0.2078125 0.121875