12 0.81796875 0.50703125 0.28125 0.15625
12 0.096875 0.43671875 0.19375 0.1234375
9 0.225 0.36171875 0.0875 0.0796875
9 0.509375 0.66640625 0.0921875 0.184375
9 0.421875 0.91640625 0.065625 0.1671875
9 0.85078125 0.421875 0.09375 0.0890625
9 0.434375 0.084375 0.0375 0.10625
2 0.478125 0.10703125 0.0390625 0.09375
2 0.465625 0.31875 0.075 0.0671875
2 0.7296875 0.29375 0.0703125 0.06875
2 0.47890625 0.89609375 0.0640625 0.1578125
2 0.69921875 0.48125 0.075 0.0640625
2 0.96640625 0.4203125 0.0609375 0.065625
13 0.80625 0.228125 0.084375 0.078125
4 0.66484375 0.40390625 0.046875 0.0453125
4 0.68125 0.609375 0.0390625 0.040625
4 0.934375 0.8828125 0.04375 0.065625