4 0.075 0.875 0.0390625 0.0390625
4 0.6703125 0.425 0.034375 0.046875
4 0.6671875 0.621875 0.0359375 0.04375
12 0.4875 0.5640625 0.2046875 0.35625
12 0.81640625 0.546875 0.2546875 0.1296875
12 0.8296875 0.2671875 0.2203125 0.1015625
2 0.51875 0.1078125 0.0328125 0.0984375
2 0.4515625 0.309375 0.0625 0.0546875
2 0.4328125 0.88515625 0.0453125 0.146875
2 0.9703125 0.4640625 0.059375 0.0609375
9 0.80546875 0.4625 0.09375 0.08125
9 0.7796875 0.15546875 0.06875 0.071875
9 0.48125 0.07890625 0.03125 0.10625
9 0.378125 0.90859375 0.046875 0.18125
2 0.7 0.4984375 0.0640625 0.078125