2 0.5810909421875 0.3475672890625 0.5878173375 0.34882413125 0.5904693578125 0.3463493671875 0.5913756484375 0.295238825 0.58797456875 0.287499825 0.5849825 0.28684670625 0.5800986171875 0.28593414375 0.5754136390625 0.2908217 0.5754777734375 0.343076946875 0.5778690921875 0.34686401093749997 0.5810909421875 0.3475672890625
4 0.47282927812500003 0.29521798125 0.4708522390625 0.28879689375 0.4401825265625 0.28492825312500003 0.43862773906249997 0.289081271875 0.4374696125 0.3086703421875 0.43860371093749995 0.3116330078125 0.4702549421875 0.316616075 0.4717404390625 0.313635053125 0.47282927812500003 0.29521798125
8 0.616712859375 0.4570559328125 0.6190176359375 0.445237475 0.618202303125 0.4341437609375 0.6167870703125 0.43192220312499996 0.6133254499999999 0.4300407421875 0.60577104375 0.42883946093749997 0.6030045125 0.4319229671875 0.602060759375 0.44788602187500004 0.602330540625 0.45359588124999994 0.6039065734375 0.45687307187500004 0.60605896875 0.458042946875 0.616712859375 0.4570559328125
2 0.6730495624999999 0.242029053125 0.6719856 0.2334510109375 0.669381696875 0.22877485000000003 0.6566779640625 0.23105626406250002 0.63450100625 0.244644628125 0.6332887671874999 0.2651489640625 0.64598390625 0.267521075 0.6478209875000001 0.26571134218750003 0.6709107624999999 0.2560603171875 0.6726918015625001 0.24808037187499998 0.6730495624999999 0.242029053125
2 0.5155258390624999 0.354502771875 0.519358590625 0.35182768593749997 0.5210018296875 0.34564780625 0.518682659375 0.284668903125 0.5140299500000001 0.277221225 0.5083086328124999 0.277754275 0.5049996953125 0.2825611828125 0.50399606875 0.2995369609375 0.505404534375 0.3473149671875 0.5077885171875 0.3534221359375 0.5142220171874999 0.354624246875 0.5155258390624999 0.354502771875
2 0.2834962046875 0.1526133859375 0.28805813593749996 0.1587400171875 0.28824083749999996 0.158779896875 0.29285952656249997 0.1596429109375 0.2972203484375 0.15634118125000002 0.2981661953125 0.140342725 0.298677546875 0.0999544578125 0.29475035156249996 0.0846375828125 0.293016765625 0.08425916875 0.28689050312500003 0.0831144640625 0.2839923234375 0.08776759375 0.28295452656250003 0.10532133125000001 0.28245313906249997 0.1449226671875 0.2834962046875 0.1526133859375
2 0.2750412828125 0 0.273803146875 0.0209423640625 0.2739812765625 0.02136260625 0.29740454843749997 0.0375967 0.3104380859375 0.0400320421875 0.31280580625 0.035881903124999996 0.31384142656249997 0.02278178125 0.3108737828125 0.013749753125 0.3000343640625 0.0044963359375 0.28989712343749996 0 0.2750412828125 0
11 0.8386148734375001 0.416808803125 0.8317481109375 0.4161396328125 0.8256695015625001 0.5189558109375 0.8355596999999999 0.5208038140625 0.8361432421874999 0.5206219109375 0.8377920640625 0.514878321875 0.8428271593750001 0.42085446875 0.8386148734375001 0.416808803125
8 0.7888454874999999 0.60345199375 0.78582814375 0.5957641437500001 0.782130003125 0.5932142640625 0.7756935406250001 0.59361385 0.7747304781250001 0.6099034999999999 0.7759675140625 0.61580588125 0.7875823328125 0.6179761328125 0.7890454328125001 0.613630978125 0.7888454874999999 0.60345199375
2 0.79191443125 0.8083575859375 0.79223931875 0.7796447609375 0.7860240375 0.769330125 0.77975534375 0.76967326875 0.7745825109375 0.7770724921875 0.773949103125 0.7825661921875 0.770348225 0.843473 0.770498703125 0.8438164640625001 0.7849646859375 0.8465194609375001 0.78559564375 0.8457839328125001 0.79191443125 0.8083575859375
13 0.689470203125 0.5986013031249999 0.676866040625 0.59271890625 0.6742344953125 0.59693663125 0.660954078125 0.67416025 0.6606883359375 0.6786551109375 0.6617524171875 0.68105 0.678277128125 0.684137675 0.6910675390625001 0.6067312421875 0.689470203125 0.5986013031249999
13 0.7029105515625 0.0750028578125 0.6964032718750001 0.03556775625 0.6845980265625 0.0350671328125 0.682705475 0.0670785578125 0.688918509375 0.1051657 0.7006686875 0.10736124218750001 0.7034845578125 0.10422481718750001 0.7029105515625 0.0750028578125
13 0.54911688125 0.9713601687500001 0.548214384375 0.9866253859375 0.5817488562500001 0.9928913671874999 0.5837000875 0.9860939921874999 0.58096815625 0.97214391875 0.5685542078125 0.968949396875 0.54911688125 0.9713601687500001
9 0.553621278125 0.5133387828125 0.5553489265625 0.51080354375 0.5542843890625 0.497013078125 0.5447942625 0.4415734359375 0.5396222453124999 0.43618317500000003 0.5304154078125001 0.44104046406249997 0.5301735890625 0.44139532499999995 0.5297001421875 0.44940338906250005 0.529975746875 0.45641020625 0.540364278125 0.513128303125 0.5511598906249999 0.5151454828124999 0.553621278125 0.5133387828125
9 0.40959207812500004 0.3175435421875 0.411726996875 0.2592675671875 0.4094154171875 0.25595460000000003 0.3981869453125 0.2556061671875 0.3933406171875 0.3375790171875 0.393367496875 0.3376285 0.4049025859375 0.33978385312500003 0.40731817656249997 0.33692038125 0.40959207812500004 0.3175435421875
9 0.3457678 0.220458496875 0.3375516578125 0.20582858124999998 0.33438469375 0.20567744375000002 0.32838481875 0.21445154687499998 0.3123330796875 0.24618480312500002 0.31032117812500004 0.280214953125 0.31662403125 0.281392653125 0.3179631375 0.2806511359375 0.32922413281249996 0.2553016 0.3427433109375 0.2335621828125 0.3457678 0.220458496875
13 0.296406909375 0.48899245 0.29333213593749996 0.4832512359375 0.28382074375 0.48057308593750003 0.2807183171875 0.4839181328125 0.276872925 0.5270805281250001 0.2753413203125 0.552986753125 0.28818466875 0.5553865578125 0.2887413921875 0.5536748859375 0.2962022109375 0.492454796875 0.296406909375 0.48899245
2 0.45411456250000004 0.9128427609375 0.4533770625 0.9165590640625 0.450152809375 0.9710954671875 0.46127892499999995 0.973174403125 0.46223360781249995 0.9704700031250001 0.46556074531249997 0.9379544140625 0.4653425890625 0.9157355781250001 0.45411456250000004 0.9128427609375
2 0.312438259375 0.9349180640625001 0.31358627031249997 0.9263743421875 0.304616915625 0.8822257140625 0.30194163125 0.8756708468750001 0.297135790625 0.8736299328125 0.2922443375 0.87829236875 0.291144321875 0.8968985140625 0.29886943593750004 0.9372417109375 0.3036760140625 0.93813983125 0.311331696875 0.9369491 0.312438259375 0.9349180640625001
2 0.7288336421875 0.0575037328125 0.725965878125 0.03946803125 0.72417934375 0.0391342140625 0.7220445062499999 0.0394662578125 0.7215094890625 0.0485157640625 0.7221285749999999 0.06109565 0.726972925 0.062000828125 0.7287961421875 0.058138028125 0.7288336421875 0.0575037328125
13 0.0994334484375 0.4775853828125 0.06811424687499999 0.4777660609375 0.0658985734375 0.4814765859375 0.065148696875 0.49416029687499996 0.0830001578125 0.49749587812499996 0.100782284375 0.49528530625 0.102370959375 0.4925352921875 0.101934978125 0.48145125 0.0994334484375 0.4775853828125
2 0.17715044062500002 0 0.1771511609375 0.00814441875 0.1814630203125 0.0592255140625 0.185667953125 0.06420083125 0.1910596546875 0.06520828125 0.1955169265625 0.06511010625 0.1988830171875 0.0568943171875 0.19877256875 0.0410462328125 0.19530777187499998 0 0.17715044062500002 0
2 0.21582425781249998 0 0.2198151078125 0.02644265 0.22383465937499997 0.03222925625 0.22627117968750002 0.032684525 0.23220403125 0.0315759609375 0.235463396875 0.025380782812500002 0.2322636703125 0 0.21582425781249998 0
4 0.38402433281250004 0.49751779375 0.3828811171875 0.4941215671875 0.378720159375 0.4945092390625 0.3757516078125 0.50221518125 0.3756612390625 0.503743721875 0.37695084218749997 0.5189041999999999 0.3841124609375 0.5202423640625 0.3845006671875 0.5136760609375 0.38402433281250004 0.49751779375
4 0.577682946875 0.3553097328125 0.5904521140625001 0.35769567812499997 0.5908104171875 0.35345263125000004 0.583039640625 0.34653001875 0.5780178499999999 0.3496450328125 0.577682946875 0.3553097328125
4 0.6359854265625 0.31761756874999997 0.62671785 0.3230072640625 0.6246445203125 0.3316383328125 0.6243804765625 0.336104475 0.6289739828124999 0.33696278125 0.6312901234375 0.334970471875 0.6339468609375001 0.33025637812499997 0.635985425 0.31761759375 0.6359854265625 0.31761756874999997
4 0.7935258953125001 0.50458474375 0.79357683125 0.50372319375 0.7910711015625 0.49796916874999997 0.7803872015625 0.49534375624999993 0.779669034375 0.4997962859375 0.7794371156250001 0.50371905625 0.780361075 0.5049036859375 0.7928349 0.50723444375 0.79322815625 0.506430671875 0.7935258953125001 0.50458474375
5 0.8189325468750001 0.500035703125 0.8189211015625 0.4988699671875 0.8186470890624999 0.4974893671875 0.8113110859375 0.49308667812499996 0.8040205281249999 0.49331291093749996 0.8018548687499999 0.496576778125 0.80172931875 0.49870039374999997 0.8017746625 0.5033187 0.8166076390624999 0.50609026875 0.8187741984375 0.50271408125 0.8189325468750001 0.500035703125
4 0.8022857703125 0.5955857921875001 0.8068387156249999 0.59643651875 0.808331371875 0.592802521875 0.8046930703124999 0.5799824640625 0.8031679015625001 0.5806650390625 0.8022857703125 0.5955857921875001
4 0.813950446875 0.5558691828125 0.81331628125 0.5380193671875 0.8107198125 0.532651921875 0.809397478125 0.55501845 0.813950446875 0.5558691828125
4 0.82003241875 0.587729475 0.8251843796875 0.588692128125 0.8270771203124999 0.582362278125 0.8233449328125 0.5695606609375 0.8210460921875 0.57058375625 0.82003241875 0.587729475
4 0.8366998593750001 0.5321819 0.8365315265625 0.5236122437499999 0.8322117718750001 0.51459454375 0.830655190625 0.5409232312500001 0.8309236953125 0.54228219375 0.8338942421875 0.542837246875 0.836324759375 0.5396171078124999 0.8366998593750001 0.5321819
4 0.8425553578124999 0.494741571875 0.84117125 0.49632191875 0.83881396875 0.509219628125 0.837956321875 0.5237262328125001 0.8387712781250001 0.5241969828124999 0.8420079796875 0.5248017671875 0.8463759015625 0.502303121875 0.8425553578124999 0.494741571875
4 0.88586251875 0.5106514437499999 0.8997153078125001 0.5132398671875 0.8938940953125 0.5058428390625 0.8877222578125 0.50386145 0.8861258203125001 0.506197875 0.88586251875 0.5106514437499999
4 0.9059855593749999 0.5157485687500001 0.9047571390625 0.53652656875 0.9112128390625 0.53773283125 0.9127668984374999 0.53059755 0.9100267796875 0.516791575 0.9071308203124999 0.5136402078125 0.9059855593749999 0.5157485687500001
4 0.9078088718749999 0.51863780625 0.913619215625 0.5214239968750001 0.919783971875 0.5225758921875 0.9239386625 0.5170585140624999 0.9213541671875 0.51234845 0.9135260031250001 0.51263654375 0.9078088718749999 0.51863780625
4 0.9289668843750001 0.552222521875 0.930897825 0.552583321875 0.9361106093749999 0.52295095 0.932256034375 0.5179024609375 0.930852240625 0.5203327890625 0.9289668843750001 0.552222521875
4 0.9505932515625 0.53212891875 0.9504495921875 0.51768209375 0.9487095812499999 0.5134048671875 0.9470383421875 0.5122978640625 0.945253128125 0.5424937437499999 0.9459731515625001 0.5465886359375001 0.948899609375 0.5435276 0.9503200375 0.536750175 0.9505932515625 0.53212891875
4 0.9532173109375 0.540656003125 0.9516554515625 0.5334089109375 0.9478537656249999 0.5317470937500001 0.9457592671875 0.5382008671875 0.9451345437500001 0.54449950625 0.94483258125 0.5496070390625001 0.9448492921874999 0.5551901828125 0.9505233765625001 0.556250396875 0.9531565671875001 0.54168344375 0.9532173109375 0.540656003125
4 0.9463075640625 0.5778072921875 0.9499584515624999 0.5784894671874999 0.9511145624999999 0.5617503390625 0.9500715468750001 0.55785778125 0.9475199312499999 0.557300803125 0.9463075640625 0.5778072921875
4 0.9549565375 0.6175354468750001 0.9540819578124999 0.63232844375 0.9571666515624999 0.632904828125 0.9549565375 0.6175354468750001
4 0.9376489156250001 0.614773703125 0.9247883921875 0.6111525359375001 0.9221805625 0.6138605312500001 0.921815546875 0.620034546875 0.92230579375 0.6208048500000001 0.9386845781250001 0.6238652578125 0.938910740625 0.621326703125 0.9376489156250001 0.614773703125
4 0.912020753125 0.6031715328125 0.9116978687499999 0.6051487078125 0.910584665625 0.623977875 0.9110202515625 0.6270753578125 0.915927003125 0.62799219375 0.915927003125 0.6165974609375 0.912020753125 0.6031715328125
4 0.914085475 0.59133808125 0.91421234375 0.5891921609375 0.9057939984375001 0.5854246171875 0.9023636843749999 0.5891478421875 0.914085475 0.59133808125
7 0.839954753125 0.55129486875 0.8378499937500001 0.55209909375 0.8368038796875 0.56979350625 0.8373067437499999 0.58257798125 0.8411017171875 0.5832870781249999 0.8412004046874999 0.5829635640624999 0.839954753125 0.55129486875
7 0.8346800671875 0.5259934828125 0.8333598875 0.5483235609375 0.837010796875 0.5490057390625 0.8405512749999999 0.54336325 0.8414923359375001 0.5274670828125 0.840574925 0.5252606640625 0.8346800671875 0.5259934828125
7 0.897974303125 0.54817780625 0.8977576875000001 0.5486208078125 0.8975614234375 0.5519405078124999 0.91322621875 0.55486750625 0.9141670828124999 0.55475054375 0.9160264437500001 0.54918231875 0.9119298859375 0.54458655625 0.897974303125 0.54817780625
5 0.89376189375 0.5896330078124999 0.8922509906249999 0.61518905 0.8979257578125001 0.6162493921875 0.8980787703124999 0.614754021875 0.8979424234375 0.600867253125 0.897330771875 0.5916255578125 0.89376189375 0.5896330078124999
5 0.912542515625 0.567518346875 0.903439140625 0.5634292828125 0.8970058328125001 0.564035921875 0.896818696875 0.56450329375 0.8965056140625001 0.56979893125 0.902434384375 0.5751956578125 0.9151714484375001 0.57757560625 0.9159297890625 0.572933525 0.912542515625 0.567518346875
5 0.9324829546875 0.58639645 0.9326922484375 0.586363896875 0.9331657046874999 0.5853608 0.9324135374999999 0.5594528249999999 0.929783646875 0.5538203640625 0.92699915625 0.5589311421875001 0.9264120140625 0.56886230625 0.9264953140625 0.5719916078125 0.9270800906250001 0.5838743187500001 0.9286865125 0.585687078125 0.9324829546875 0.58639645
5 0.97161218125 0.5394022578125 0.96233046875 0.53117681875 0.9504346921875 0.5345736609375 0.9501834125 0.53882390625 0.950613075 0.5448751171875 0.95163406875 0.5452856171875 0.9624340968749999 0.547303625 0.97161218125 0.5394022578125
5 0.9902908640625 0.5413364031250001 0.990797446875 0.5259407078125 0.98867898125 0.525478278125 0.9877692874999999 0.5408652390625 0.9902908640625 0.5413364031250001
4 1 0.46744384375000003 0.999652975 0.4674081640625 0.9983777421875001 0.4677267859375 0.997741540625 0.47848776875 1 0.4789097671875 1 0.46744384375000003
5 0.9621512484375 0.575564146875 0.9616836421875 0.5834734218750001 0.9743301515624999 0.5858364468749999 0.9786938781250001 0.57885135 0.9749429015625 0.5734022890625 0.9671411078125001 0.572675403125 0.9621512484375 0.575564146875
11 0.7611426125 0.9196365312499999 0.7594854234375 0.9209135640625 0.7580709703124999 0.944838225 0.8029198140625 0.95321831875 0.80411006875 0.9481464140625 0.80310346875 0.9276921781249999 0.76317085625 0.9193210671875001 0.7611426125 0.9196365312499999
4 0.7215680671875 0.8979046921875 0.720416909375 0.891567571875 0.7157405375 0.8933924062499999 0.7119246140625 0.9025385359375001 0.7117831375 0.903964946875 0.7113687484375 0.9109741171874999 0.72024598125 0.91263284375 0.7209763078125 0.9072563640625001 0.721072559375 0.906285925 0.7215680671875 0.8979046921875
4 0.7667010453125 1 0.7598806765624999 0.993845996875 0.7568756234375 0.995629603125 0.7548519140625001 0.9992867249999999 0.75480974375 1 0.7667010453125 1
4 0.750061134375 0.9474481578124999 0.7494846390625 0.9571992437500001 0.75850783125 0.958885246875 0.7616296218749999 0.9580755359375001 0.7628990609375 0.9505214671875001 0.7562252703125 0.9452177828125 0.750061134375 0.9474481578124999
4 0.7250762 0.9448641062500001 0.7246215921875 0.9525535359375 0.7325814421875 0.9540408499999999 0.7379420546875 0.95001395625 0.7368189359375 0.9438825359375 0.7269366625 0.9429618109375 0.7250762 0.9448641062500001
4 0.6719556343749999 0.9929882109375001 0.6851129031250001 0.995446671875 0.685151221875 0.9944724562499999 0.6804290234375 0.988426796875 0.672338415625 0.9865137031250001 0.6719556343749999 0.9929882109375001
4 0.69115120625 0.9871985562500001 0.6907662453125 0.9937099328125001 0.6986142578125001 0.99517635 0.69115120625 0.9871985562500001
5 0.7159028484375 0.9671542421874999 0.7153819593749999 0.975964796875 0.73022608125 0.978738453125 0.7322995125 0.974745346875 0.7289191625 0.9685772390625 0.7216798703125 0.96571085 0.7159028484375 0.9671542421874999
5 0.71662174375 1 0.7182831828125 0.9929189828125 0.7161609515625 0.99198929375 0.710745278125 0.9908071421875 0.706503940625 0.99325954375 0.706142325 0.9993760609375 0.7094815375 1 0.71662174375 1
7 0.70435513125 0.9739044140625 0.70568390625 0.974152696875 0.712295796875 0.96648274375 0.714193515625 0.950996678125 0.7126368140625 0.9475210781250001 0.7113250437499999 0.94727596875 0.7057730078125 0.9546556687500001 0.70360920625 0.9624992140625 0.7031218015625 0.9707433640625001 0.70435513125 0.9739044140625
13 0.9702256437500001 0.6346794499999999 0.9689794328125 0.5723441031250001 0.96611485 0.5660471312500001 0.9599163765625001 0.56525825625 0.9581603265625 0.56569700625 0.9580110921875 0.56586940625 0.9560500640624999 0.59903906875 0.9590321546875 0.6328010171875 0.9594245765625 0.633326725 0.9693739890625 0.6351857921875 0.9702256437500001 0.6346794499999999
9 0.9967093734375 0.57282770625 0.998577334375 0.5576657671875 0.9951562328125 0.5465795828125 0.9795814703125 0.5464856250000001 0.9786629937500001 0.5620211187499999 0.97919244375 0.5727795828125 0.989326353125 0.574673121875 0.9930188093749999 0.5740988171875 0.9967093734375 0.57282770625
9 0.538332303125 0.21388921875000003 0.5424299296874999 0.20620630625 0.5438251625 0.1962578828125 0.5408649578125 0.188765978125 0.5318930796875 0.1800178359375 0.529050615625 0.178637975 0.52377093125 0.17765145625 0.522266965625 0.203090178125 0.5281144078125 0.2107881828125 0.53276265625 0.21284851875 0.538332303125 0.21388921875000003
4 0.7550539203125 0.1378002421875 0.75046415625 0.14340026875 0.7491205937500001 0.16612585 0.7519338531249999 0.169283271875 0.7587218984375 0.1564319078125 0.7604150859375001 0.142747253125 0.7550539203125 0.1378002421875
4 0.47193404843750003 0.7673534531249999 0.47336588593749995 0.760568721875 0.473039234375 0.75504361875 0.47144563437500003 0.741375978125 0.46570741250000003 0.7373275328125 0.46377850625 0.7406246140625 0.4627445328125 0.7581136828124999 0.4638921359375 0.76420096875 0.46558816406250003 0.7672917781249999 0.4711968296875 0.76833976875 0.47193404843750003 0.7673534531249999
4 0.26980410625 0.016199703125 0.269258478125 0.0082996328125 0.2661198484375 0.0046432640625 0.25578005 0.006900271875 0.2552161484375 0.016438353125 0.2565425109375 0.01792839375 0.25818857500000003 0.01896840625 0.26956149687500003 0.016485882812499998 0.26980410625 0.016199703125
4 0.20864367499999997 0.078221975 0.20918237031250003 0.079115025 0.21232364218750002 0.0798465 0.21259298906250002 0.08029302187500001 0.21901268593749998 0.079894478125 0.21932334375 0.0780222109375 0.22022086875000002 0.076876078125 0.220312640625 0.0753238078125 0.2202553140625 0.0724054078125 0.2196984453125 0.070587 0.2173106796875 0.0684190109375 0.215228615625 0.06854826875 0.2037772625 0.0692591859375 0.203387584375 0.06928337500000001 0.20316356406249997 0.073072553125 0.204963709375 0.076597453125 0.20706395 0.07739355625 0.20760264374999998 0.07828660312499999 0.20864367499999997 0.078221975
4 0.2278456640625 0.10725340781249999 0.22754536406249998 0.103454771875 0.2257184828125 0.10030468906250001 0.22461446562499998 0.09964550625 0.21952930624999997 0.10185105781249999 0.218126984375 0.10407147812499999 0.2170954546875 0.10432920625 0.21521695468750002 0.1083656671875 0.21470010468749998 0.1171078828125 0.21999593125 0.1180974171875 0.2238923984375 0.1171238828125 0.2253309640625 0.11536191874999999 0.22784148124999998 0.11052705 0.2278456640625 0.10725340781249999
4 0.2548482171875 0.09614439375 0.25794280625 0.096917578125 0.260819934375 0.10044150781250001 0.2619964375 0.09886540625 0.2625122015625 0.0989942671875 0.2645710796875 0.0962360890625 0.2648610234375 0.0925684328125 0.2641194375 0.08864304375 0.262495478125 0.08589973281249999 0.261463946875 0.085642003125 0.25910258124999996 0.0822469390625 0.2575552859375 0.08186034375 0.25711201093749997 0.08081456875000001 0.2519543640625 0.079525928125 0.25144608281249997 0.08020684375 0.2505670765625 0.09507475 0.252269396875 0.09550007499999999 0.252857646875 0.094712021875 0.254404940625 0.0950986140625 0.2548482171875 0.09614439375
4 0.25131983281250003 0.059564014062500004 0.2516243859375 0.05779308125 0.25322964375 0.0547926390625 0.25414330625 0.0494798328125 0.2539497859375 0.0474381859375 0.2530852890625 0.04454773125 0.2525872125 0.044277014062499995 0.2491419296875 0.04530913125 0.2453567 0.050333435937500004 0.2445469328125 0.064030171875 0.248781796875 0.0648214640625 0.24891194374999998 0.064064675 0.2503649265625 0.061949699999999996 0.25066947968750003 0.06017876875 0.25131983281250003 0.059564014062500004
4 0.2708750828125 0.088411478125 0.268756665625 0.0866900078125 0.2677156328125 0.0867546390625 0.265058521875 0.084140125 0.262455940625 0.08430169374999999 0.26089439375 0.0843986390625 0.257771296875 0.084592521875 0.255786546875 0.086513503125 0.255544328125 0.090610478125 0.2555564 0.09122501875 0.2726018703125 0.094409996875 0.2727340265625 0.09217464375 0.2708750828125 0.088411478125
4 0.2367037171875 0.098874671875 0.24106286406250002 0.09968918593750001 0.2429135609375 0.0993938078125 0.24571401874999999 0.0974383140625 0.24583578281250001 0.09537874375 0.24220042187500002 0.0882010078125 0.23814849843750002 0.0841147078125 0.2350550390625 0.0828992921875 0.2345621796875 0.081926178125 0.23196158125 0.08168388125 0.2288408640625 0.081393125 0.22777336718750002 0.0822208640625 0.225970340625 0.08592451875 0.2258368671875 0.0881821609375 0.22799364375 0.092440553125 0.2330858046875 0.09662376875 0.236179265625 0.09783918281250001 0.2367037171875 0.098874671875
4 0.24086095312500003 0.059569293749999995 0.2390257984375 0.0510535421875 0.23779364531249997 0.04862075625 0.2367806640625 0.047599175 0.23609548593750002 0.0475353390625 0.2347333125 0.07057571406249999 0.241245303125 0.0717924921875 0.2421487296875 0.06896124218750001 0.2423122796875 0.06341329999999999 0.24184667499999998 0.061515528124999996 0.24086095312500003 0.059569293749999995
4 0.2502741171875 0.047245828125 0.2518846625 0.0456587359375 0.253460221875 0.04260895 0.25482224531250003 0.037523825 0.2554664625 0.0368889859375 0.255753584375 0.035108871874999996 0.25732914375 0.0320590828125 0.25862119375 0.02404856875 0.2567271390625 0.0206749390625 0.2535796359375 0.020033675 0.250680653125 0.02289044375 0.2505370921875 0.02378050625 0.2478166578125 0.0272099078125 0.2475295375 0.028990021875 0.2465008203125 0.03098129375 0.245665921875 0.045103125 0.2471266125 0.046604568750000006 0.2474837078125 0.04774984375 0.2481279265625 0.0471150078125 0.2502741171875 0.047245828125
7 0.2428219265625 0.0162890890625 0.24285828125000003 0.0144383671875 0.24339697343750002 0.0135453171875 0.243506034375 0.007993150000000001 0.2440629015625 0.0061747390625 0.2428070546875 0.0037805499999999997 0.2381405875 0.0025643578125 0.236236984375 0.006615382812499999 0.234566375 0.0120706140625 0.23453002343749998 0.0139213421875 0.2334344609375 0.01663279375 0.23339810625 0.0184835171875 0.23306732187499998 0.0190318921875 0.23276610468749998 0.024126814062499998 0.2327388609375 0.025513789062499997 0.23874104375 0.026635307812499998 0.240055753125 0.024455771875 0.2428219265625 0.0162890890625
7 0.23242098437499997 0.0740272 0.22787272343749998 0.07201117812499999 0.2272413609375 0.07268559999999999 0.2257252734375 0.07201359375000001 0.2250939109375 0.0726880140625 0.22357782343750002 0.0720160109375 0.21789419375 0.0742681 0.217188259375 0.07502218125 0.2168233390625 0.0811945921875 0.2310826015625 0.0838589640625 0.23261338281250002 0.0822237890625 0.233370746875 0.08065095 0.233369390625 0.076833253125 0.23242098437499997 0.0740272
7 0.27592671874999997 0.06452058125 0.27128538125 0.059746225 0.2697231203125 0.059697746875 0.26921145625 0.058755796875 0.26842679999999997 0.058731446875 0.2676927140625 0.0711480828125 0.2740368984375 0.0723335078125 0.276630584375 0.07241399375 0.27665785625 0.0696366390625 0.27668512500000003 0.0668592828125 0.27592671874999997 0.06452058125
5 0.26846394687499997 0.05499936875 0.2694954765625 0.0552571 0.2708936171875 0.054203885937499995 0.2697129359375 0.05250635625 0.26868140625 0.052248628124999995 0.267573209375 0.04963418125 0.2673473875 0.04583765625 0.2648326875 0.03772915625 0.2649051734375 0.0368122390625 0.263588209375 0.0342759671875 0.26226310937499997 0.056689257812500005 0.263308975 0.05915666093750001 0.2652144171875 0.05951269375 0.2652285703125 0.05933365 0.26846394687499997 0.05499936875
5 0.2208724921875 0.035097482812500004 0.22042945 0.032515428125 0.21954472812499998 0.031169003125 0.21499646718749998 0.0291529828125 0.214365103125 0.02982740625 0.21284901562499997 0.029155399999999998 0.21158629062499998 0.0305042390625 0.20729138906250003 0.030509071874999998 0.2038943234375 0.03413780625 0.20357049531250002 0.039615171875 0.2165227671875 0.04203533125 0.217021990625 0.0415020609375 0.2196111234375 0.0402640171875 0.2203684890625 0.03869116875 0.2208724921875 0.035097482812500004