4 0.6346354171875 0.6342592578125 0.6247395828125 0.6333333328124999 0.6177083328124999 0.640277778125 0.6221354171875 0.646296296875 0.6296875 0.6476851859375 0.6364583328125 0.64212963125 0.6346354171875 0.6342592578125
4 0.6921875 0.6208333328125 0.6927083328125 0.614351853125 0.6903645828125 0.6101851859375 0.68046875 0.6083333328125 0.6760416671875 0.6125 0.6794270828125 0.621296296875 0.6875 0.6236111109375 0.6921875 0.6208333328125
4 0.72109375 0.6120370359375 0.71015625 0.6129629640625 0.7072916671875 0.61898148125 0.7143229171875001 0.626851853125 0.7229166671875 0.6263888890625 0.7270833328124999 0.6199074078125 0.72109375 0.6120370359375
4 0.7755208328125 0.61712963125 0.7755208328125 0.6115740749999999 0.77265625 0.6074074078125 0.7638020828125 0.60648148125 0.7567708328125 0.614351853125 0.7606770828125 0.62037036875 0.7697916671875 0.6208333328125 0.7755208328125 0.61712963125
4 0.7888020828125 0.6555555562500001 0.7783854171875 0.6537037031249999 0.7734375 0.6587962968750001 0.7768229171875001 0.6666666671875 0.7859375 0.66712963125 0.7916666671875 0.6634259250000001 0.7888020828125 0.6555555562500001
4 0.8088541671874999 0.5717592578125 0.8065104171874999 0.5638888890625 0.7955729171875 0.5601851859375 0.790625 0.565277778125 0.7916666671875 0.5708333328124999 0.79609375 0.575 0.8052083328125 0.5754629640625 0.8088541671874999 0.5717592578125
4 0.85703125 0.6351851859375001 0.8520833328125 0.641203703125 0.8635416671874999 0.6458333328125 0.8697916671874999 0.64305555625 0.8684895828125001 0.6342592578125 0.85703125 0.6351851859375001
4 0.8630208328125001 0.6226851859375 0.8625 0.6180555562500001 0.8549479171875 0.6101851859375 0.84296875 0.6138888890625 0.840625 0.61898148125 0.8440104171874999 0.623148146875 0.8609375 0.6254629640625 0.8630208328125001 0.6226851859375
4 0.8932291671874999 0.6208333328125 0.8932291671874999 0.614351853125 0.88984375 0.6101851859375 0.8815104171874999 0.6101851859375 0.8770833328125001 0.6152777781250001 0.8783854171875 0.622222221875 0.8911458328125 0.6226851859375 0.8932291671874999 0.6208333328125
4 0.8776041671874999 0.5736111109375 0.8752604171874999 0.56851851875 0.8658854171874999 0.5694444437499999 0.8614583328125001 0.5754629640625 0.86171875 0.57962963125 0.8658854171874999 0.5824074078125 0.8760416671875 0.58194444375 0.8776041671874999 0.5736111109375
4 0.8763020828125001 0.602777778125 0.8786458328125001 0.5986111109375 0.8690104171874999 0.5898148140624999 0.8627604171875 0.5907407421875 0.8583333328125 0.5986111109375 0.8606770828125001 0.603703703125 0.86875 0.6041666671875 0.8763020828125001 0.602777778125
4 0.8393229171875 0.60462963125 0.8317708328125001 0.6125 0.8411458328125001 0.61712963125 0.8471354171875 0.6148148140624999 0.8489583328125001 0.60694444375 0.8393229171875 0.60462963125
4 0.82734375 0.6175925921875 0.8307291671874999 0.613425925 0.8174479171875 0.601851853125 0.8122395828125001 0.601851853125 0.8083333328125001 0.60694444375 0.8138020828125001 0.6166666671875001 0.8213541671875 0.6180555562500001 0.82734375 0.6175925921875
7 0.8177083328125001 0.6347222218749999 0.81171875 0.625925925 0.7981770828125 0.625925925 0.7932291671875 0.6319444437499999 0.7950520828125 0.6379629640625 0.79921875 0.6407407421875 0.8145833328125001 0.640277778125 0.8177083328125001 0.6347222218749999
7 0.7486979171875 0.575 0.7408854171875 0.574074075 0.7338541671875001 0.5791666671875 0.7372395828125 0.5870370359375 0.7505208328124999 0.5893518531249999 0.7541666671875 0.583796296875 0.7486979171875 0.575
2 0.8455729171874999 0.5657407421875 0.8598958328125 0.56805555625 0.8846354171874999 0.5629629640625 0.8869791671874999 0.55787036875 0.8859375 0.541203703125 0.8830729171874999 0.5379629640625 0.8486979171875 0.5370370359375001 0.8432291671875 0.54212963125 0.8421875 0.55787036875 0.8455729171874999 0.5657407421875
9 0.9479166671874999 0.558796296875 0.97890625 0.55462963125 0.9807291671874999 0.5513888890625 0.9807291671874999 0.5300925921874999 0.9346354171875 0.5305555562500001 0.9328125 0.5375 0.9333333328125001 0.5550925921875 0.9377604171874999 0.5592592578125 0.9479166671874999 0.558796296875
9 0.96015625 0.5833333328125 0.9552083328125001 0.590277778125 0.9552083328125001 0.6041666671875 0.9575520828125 0.6120370359375 1 0.6115740749999999 0.9997395828125001 0.5824074078125 0.96015625 0.5833333328125
4 0.8932291671874999 0.5375 0.8940104171875 0.54537036875 0.9020833328125001 0.5467592578125 0.9083333328125001 0.54398148125 0.9059895828125001 0.5370370359375001 0.8932291671874999 0.5375
4 0.9122395828125001 0.5981481468750001 0.9135416671875 0.5930555562500001 0.9049479171874999 0.5833333328125 0.89921875 0.5824074078125 0.8927083328125001 0.590277778125 0.8966145828125001 0.599074075 0.9067708328125 0.5995370359375001 0.9122395828125001 0.5981481468750001
4 0.9299479171874999 0.60648148125 0.9190104171875 0.60648148125 0.9161458328125001 0.6125 0.9205729171874999 0.61851851875 0.9291666671875 0.61898148125 0.9317708328125001 0.614351853125 0.9299479171874999 0.60648148125
5 0.9518229171874999 0.5620370359375 0.9434895828125001 0.5629629640625 0.9395833328125001 0.5717592578125 0.9434895828125001 0.575 0.9557291671874999 0.5745370359375 0.9567708328125001 0.56712963125 0.9518229171874999 0.5620370359375
4 0.9997395828125001 0.5379629640625 0.9893229171875 0.5379629640625 0.9859375 0.54212963125 0.98828125 0.55 0.9973958328125001 0.5523148140624999 1 0.5513888890625 0.9997395828125001 0.5379629640625
4 0.9869791671874999 0.5217592578125 0.9893229171875 0.527777778125 1 0.5282407421875 0.9997395828125001 0.5157407421875 0.9924479171874999 0.5166666671875 0.9869791671874999 0.5217592578125
4 0.9994791671875 0.5745370359375 0.9997395828125001 0.5583333328125 0.9838541671875 0.565277778125 0.98515625 0.574074075 0.9994791671875 0.5745370359375
4 0.99921875 0.6111111109375 0.98828125 0.6120370359375 0.9833333328125 0.6208333328125 0.98984375 0.626851853125 0.9984375 0.6273148140625 1 0.6263888890625 0.99921875 0.6111111109375
7 0.98125 0.56712963125 0.97421875 0.5638888890625 0.9619791671875 0.566203703125 0.9622395828125001 0.573148146875 0.975 0.5763888890625 0.98046875 0.575 0.98125 0.56712963125
7 0.9572916671874999 0.6245370359375 0.94765625 0.61944444375 0.9369791671875 0.6282407421875 0.9408854171875 0.6333333328124999 0.9515625 0.633796296875 0.9565104171875 0.6324074078125 0.9572916671874999 0.6245370359375
4 0.92578125 0.5675925921875 0.91640625 0.56851851875 0.9135416671875 0.5726851859375001 0.91640625 0.578703703125 0.9260416671874999 0.5782407421875 0.9276041671874999 0.5717592578125 0.92578125 0.5675925921875
7 0.9114583328125001 0.55787036875 0.90703125 0.553703703125 0.8890625 0.55787036875 0.89140625 0.5657407421875 0.9046875 0.566203703125 0.9096354171875 0.5648148140625 0.9114583328125001 0.55787036875
4 0.6549479171875 0.26851851875 0.6489583328124999 0.2791666671875 0.6578125 0.28101851875 0.6625 0.27546296406250004 0.6627604171875 0.2675925921875 0.6549479171875 0.26851851875
4 0.44166666718750003 0.3282407421875 0.43828125 0.325 0.42786458281249995 0.32314814687500004 0.42395833281249995 0.3282407421875 0.4252604171875 0.3333333328125 0.42942708281249997 0.3361111109375 0.43958333281249995 0.335648146875 0.44166666718750003 0.3282407421875
2 0.540625 0.3273148140625 0.5578125 0.3236111109375 0.5588541671875 0.3125 0.55703125 0.29722222187499997 0.5361979171875 0.296296296875 0.5255208328125 0.3023148140625 0.5234375 0.31435185312499997 0.5278645828124999 0.326851853125 0.540625 0.3273148140625
2 0.41692708281249996 0.30740740781250003 0.428125 0.30694444375 0.4302083328125 0.28472222187499996 0.42786458281249995 0.28055555625 0.39921875 0.272222221875 0.3924479171875 0.272222221875 0.390625 0.2773148140625 0.3895833328125 0.29398148125 0.3924479171875 0.3 0.41692708281249996 0.30740740781250003
2 0.3322916671875 0.1967592578125 0.3494791671875 0.24398148125 0.35494791718749996 0.25185185312499997 0.3583333328125 0.2513888890625 0.365625 0.24212963125 0.3671875 0.2375 0.3661458328125 0.23194444375 0.3473958328125 0.17916666718750002 0.34140625 0.173148146875 0.3377604171875 0.17592592499999998 0.3322916671875 0.184722221875 0.3322916671875 0.1967592578125
2 0.71015625 0.19351851874999998 0.7182291671875001 0.1967592578125 0.7239583328125 0.188425925 0.7302083328125 0.139351853125 0.7296875 0.1291666671875 0.7252604171875 0.125 0.7177083328125 0.1263888890625 0.7140625 0.160648146875 0.7083333328125 0.18194444375000002 0.71015625 0.19351851874999998
2 0.80859375 0.1870370359375 0.8145833328125001 0.1875 0.8203125 0.18101851875 0.8270833328125 0.133796296875 0.828125 0.11898148125 0.8216145828125001 0.1101851859375 0.8114583328125 0.113425925 0.8046875 0.1532407421875 0.803125 0.18194444375000002 0.80859375 0.1870370359375
2 0.7502604171875 0.1324074078125 0.7578125 0.134722221875 0.76171875 0.13333333281249998 0.7635416671875 0.12824074218749998 0.7666666671875 0.0986111109375 0.7671875 0.07638888906249999 0.7627604171875 0.072222221875 0.7536458328125 0.0773148140625 0.7479166671875 0.1226851859375 0.7502604171875 0.1324074078125
9 0.7908854171875 0 0.7885416671875001 0.008796296875 0.7864583328125 0.040277778125000004 0.7802083328125 0.06342592500000001 0.7802083328125 0.07083333281250001 0.7846354171875001 0.08055555625000001 0.7890625 0.08287036875 0.7955729171875 0.07962963125 0.7984375 0.07083333281250001 0.803125 0.01712963125 0.80234375 0 0.7908854171875 0
11 0.7817708328124999 0.0004629640625 0.76328125 0 0.7598958328125 0.0282407421875 0.7653645828125 0.0361111109375 0.7744791671875 0.035648146874999995 0.7791666671875 0.026388889062499997 0.7817708328124999 0.0004629640625
5 0.7416666671875001 0.1782407421875 0.7442708328125 0.1708333328125 0.7442708328125 0.1532407421875 0.74296875 0.148148146875 0.7403645828125 0.147222221875 0.7359375 0.1532407421875 0.734375 0.16712963125 0.7377604171875001 0.177777778125 0.7416666671875001 0.1782407421875
4 0.7768229171875001 0.11851851875 0.7723958328125 0.1254629640625 0.7703125 0.141203703125 0.77265625 0.149074075 0.7770833328125 0.14861111093749999 0.7807291671875001 0.1254629640625 0.7768229171875001 0.11851851875
4 0.75703125 0.0388888890625 0.7510416671875 0.04305555625 0.7479166671875 0.05601851875 0.7489583328125 0.066203703125 0.7536458328125 0.066203703125 0.7572916671875001 0.050462964062500004 0.75703125 0.0388888890625
4 0.7984375 0.1208333328125 0.7989583328125 0.11157407500000001 0.7966145828125 0.102777778125 0.79296875 0.10370370312499999 0.7880208328125 0.11805555625 0.7890625 0.1291666671875 0.7927083328125 0.135648146875 0.7984375 0.1208333328125
7 0.7924479171875001 0.1370370359375 0.7888020828125 0.1370370359375 0.7817708328124999 0.1541666671875 0.7807291671875001 0.165277778125 0.7848958328125 0.16805555625 0.790625 0.15787036875 0.7924479171875001 0.1370370359375
9 0.6177083328124999 0.1745370359375 0.61953125 0.177777778125 0.6270833328125 0.1773148140625 0.6328125 0.16805555625 0.6385416671875 0.108796296875 0.63671875 0.097222221875 0.6283854171875001 0.09444444375 0.6255208328124999 0.0976851859375 0.6234375 0.10787036875 0.6171875 0.15972222187500001 0.6177083328124999 0.1745370359375
13 0.59765625 0 0.5963541671875 0.0041666671875 0.5916666671875 0.059722221875 0.5940104171875 0.0657407421875 0.6010416671875001 0.06805555625000001 0.6052083328125 0.064351853125 0.6078125 0.0550925921875 0.6127604171875001 0 0.59765625 0
9 0.24322916718749998 0.2736111109375 0.2466145828125 0.27962963125 0.2557291671875 0.28379629687499996 0.259375 0.28194444375 0.2697916671875 0.211574075 0.26796875 0.20185185312499998 0.2591145828125 0.197222221875 0.25546875 0.198148146875 0.2536458328125 0.2032407421875 0.2421875 0.26527777812500003 0.24322916718749998 0.2736111109375
2 0.1473958328125 0.3976851859375 0.14895833281249998 0.411574075 0.15286458281249998 0.4175925921875 0.1588541671875 0.41712963125 0.1924479171875 0.4092592578125 0.1942708328125 0.40601851875 0.1932291671875 0.383796296875 0.1903645828125 0.38055555625 0.17265625 0.38148148125 0.15703125 0.3851851859375 0.14921875 0.3907407421875 0.1473958328125 0.3976851859375
13 0.0356770828125 0.471296296875 0.07552083281250001 0.47268518593750003 0.0783854171875 0.47222222187499996 0.0817708328125 0.461574075 0.08125 0.45231481406249996 0.0778645828125 0.44444444375 0.03515625 0.447222221875 0.0328125 0.4532407421875 0.0328125 0.46527777812500004 0.0356770828125 0.471296296875
13 0.0802083328125 0.5236111109375 0.09427083281250001 0.51898148125 0.0958333328125 0.508796296875 0.09296875 0.497222221875 0.08255208281250001 0.49537036875 0.051041667187499994 0.5023148140625 0.051041667187499994 0.51805555625 0.052864582812500005 0.52037036875 0.0802083328125 0.5236111109375
13 0.02890625 0.525 0.0322916671875 0.5134259250000001 0.0307291671875 0.5023148140625 0.025260417187500002 0.497222221875 0.0002604171875 0.5 0 0.5273148140624999 0.0140625 0.5273148140624999 0.02890625 0.525
2 0.0135416671875 0.4625 0.01015625 0.451851853125 0.0002604171875 0.44907407499999996 0 0.48379629687500003 0.0041666671875 0.48379629687500003 0.0119791671875 0.4791666671875 0.0135416671875 0.4625
2 0.0046875 0.65787036875 0.00859375 0.6638888890625 0.0171875 0.665277778125 0.0440104171875 0.6629629640625 0.0473958328125 0.6569444437499999 0.0473958328125 0.641203703125 0.04453125 0.6361111109375 0.03984375 0.6351851859375001 0.0080729171875 0.6351851859375001 0.0041666671875 0.64212963125 0.0046875 0.65787036875
4 0.1888020828125 0.4675925921875 0.18046875 0.46944444374999994 0.17916666718750002 0.47361111093749997 0.1809895828125 0.477777778125 0.1895833328125 0.4791666671875 0.1963541671875 0.47361111093749997 0.1888020828125 0.4675925921875
4 0.19296875 0.45370370312499997 0.18359375 0.451851853125 0.1786458328125 0.45787036875 0.1809895828125 0.4629629640625 0.1901041671875 0.463425925 0.19375 0.460648146875 0.19296875 0.45370370312499997
4 0.15286458281249998 0.44444444375 0.14453125 0.44351851875000003 0.140625 0.44953703593750005 0.14296875 0.4574074078125 0.1536458328125 0.458796296875 0.1578125 0.4532407421875 0.15286458281249998 0.44444444375
4 0.1588541671875 0.47361111093749997 0.1513020828125 0.46666666718750005 0.140625 0.46805555625000006 0.14140625 0.478703703125 0.1526041671875 0.4800925921875 0.15703125 0.478703703125 0.1588541671875 0.47361111093749997
4 0.1536458328125 0.5069444437499999 0.1622395828125 0.502777778125 0.1625 0.49583333281249997 0.1544270828125 0.48981481406249994 0.14505208281249998 0.4916666671875 0.1427083328125 0.49583333281249997 0.1416666671875 0.5032407421875 0.14453125 0.5074074078125 0.1536458328125 0.5069444437499999
4 0.1794270828125 0.523148146875 0.1796875 0.516203703125 0.1747395828125 0.5120370359375 0.1669270828125 0.5120370359375 0.1651041671875 0.516203703125 0.1661458328125 0.5236111109375 0.171875 0.5263888890625 0.1794270828125 0.523148146875
4 0.1390625 0.44675925781250003 0.1390625 0.440277778125 0.13619791718750002 0.43518518593750005 0.13359375 0.43333333281249997 0.125 0.43935185312499997 0.12578125 0.447222221875 0.134375 0.44953703593750005 0.1390625 0.44675925781250003
4 0.10859375 0.45648148125 0.10364583281249999 0.46712963125 0.1119791671875 0.46898148125 0.1205729171875 0.46666666718750005 0.12291666718750001 0.460648146875 0.10859375 0.45648148125
4 0.11328125 0.4824074078125 0.1135416671875 0.4745370359375 0.10859375 0.47222222187499996 0.09817708281250001 0.475 0.0916666671875 0.48101851875 0.09505208281250001 0.4861111109375 0.1046875 0.485648146875 0.11328125 0.4824074078125
4 0.0645833328125 0.48101851875 0.056510417187499995 0.476851853125 0.0473958328125 0.48194444374999995 0.04765625 0.4888888890625 0.059375 0.48935185312499996 0.06328125 0.4888888890625 0.0645833328125 0.48101851875
4 0.0283854171875 0.43981481406249995 0.02265625 0.43981481406249995 0.0203125 0.44398148125 0.02265625 0.45092592500000006 0.0302083328125 0.45046296406249997 0.0317708328125 0.44675925781250003 0.0283854171875 0.43981481406249995
5 0.017447917187500002 0.43796296406249996 0.0080729171875 0.4342592578125 0.0005208328124999999 0.43842592500000005 0.0013020828125 0.44814814687500004 0.0125 0.44953703593750005 0.017708332812499998 0.44490740781250004 0.017447917187500002 0.43796296406249996
5 0.09322916718749999 0.43935185312499997 0.0940104171875 0.44814814687500004 0.1078125 0.45046296406249997 0.1130208328125 0.44675925781250003 0.10651041718750001 0.43796296406249996 0.09322916718749999 0.43935185312499997
5 0.08723958281250001 0.48703703593750003 0.0890625 0.48194444374999995 0.08671875 0.478703703125 0.0763020828125 0.477777778125 0.06875 0.48194444374999995 0.0684895828125 0.4888888890625 0.08125 0.49120370312499995 0.08723958281250001 0.48703703593750003
5 0.19192708281249998 0.43240740781250003 0.18359375 0.43055555625 0.1739583328125 0.43379629687500004 0.17526041718750002 0.44259259218749997 0.1885416671875 0.44490740781250004 0.1932291671875 0.43935185312499997 0.19192708281249998 0.43240740781250003
4 0.1552083328125 0.43287036875 0.1565104171875 0.43981481406249995 0.165625 0.44120370312499996 0.17135416718750002 0.43287036875 0.1669270828125 0.42870370312499995 0.1552083328125 0.43287036875
4 0.10859375 0.5370370359375001 0.09765625 0.5333333328125 0.0927083328125 0.5375 0.09453125 0.54444444375 0.103125 0.5476851859375 0.10833333281249999 0.54398148125 0.10859375 0.5370370359375001