2 0.4856770828125 0.50462963125 0.49817708281249995 0.5101851859375001 0.521875 0.5134259250000001 0.5239583328124999 0.5032407421875 0.5239583328124999 0.49120370312499995 0.5221354171875 0.48703703593750003 0.49192708281249997 0.475925925 0.4856770828125 0.475925925 0.4817708328125 0.48379629687500003 0.48072916718750003 0.49490740781250003 0.4856770828125 0.50462963125
2 0.3614583328125 0.5337962968750001 0.365625 0.5217592578125 0.3651041671875 0.5134259250000001 0.3440104171875 0.48796296406249995 0.33359375 0.4824074078125 0.328125 0.49583333281249997 0.32864583281250004 0.5050925921875 0.3565104171875 0.5342592578125 0.3614583328125 0.5337962968750001
2 0.365625 0.6282407421875 0.3729166671875 0.6217592578125 0.3734375 0.6050925921875 0.37057291718749996 0.599074075 0.3356770828125 0.597222221875 0.3317708328125 0.6032407421875 0.33125 0.6180555562500001 0.33515625 0.625925925 0.365625 0.6282407421875
2 0.42421875 0.324074075 0.459375 0.33101851875 0.4625 0.3282407421875 0.4635416671875 0.31712963125 0.46302083281249995 0.30694444375 0.4596354171875 0.303703703125 0.42786458281249995 0.29537036875 0.42291666718750004 0.3023148140625 0.421875 0.315277778125 0.42421875 0.324074075
2 0.534375 0.3273148140625 0.55703125 0.324074075 0.5588541671875 0.316203703125 0.5572916671875 0.3023148140625 0.52578125 0.30185185312499996 0.5229166671875001 0.3125 0.5239583328124999 0.3226851859375 0.5263020828125 0.326851853125 0.534375 0.3273148140625
2 0.6104166671875 0.32175925781250003 0.6143229171875 0.328703703125 0.61875 0.3282407421875 0.6497395828125 0.31944444375000003 0.6526041671875 0.315277778125 0.6520833328125 0.2995370359375 0.6471354171875 0.2925925921875 0.64296875 0.2925925921875 0.61484375 0.300925925 0.6104166671875 0.30787036875 0.6104166671875 0.32175925781250003
2 0.3934895828125 0.299074075 0.4015625 0.2995370359375 0.4067708328125 0.2875 0.40390625 0.275 0.37734375 0.253703703125 0.3700520828125 0.25555555625 0.3661458328125 0.264351853125 0.3661458328125 0.2736111109375 0.37265625 0.2824074078125 0.3934895828125 0.299074075
2 0.3463541671875 0.411574075 0.3526041671875 0.40601851875 0.3541666671875 0.39398148125 0.33203125 0.34722222187499996 0.32578125 0.35 0.32083333281250004 0.361574075 0.3213541671875 0.36898148124999997 0.3424479171875 0.41018518593750003 0.3463541671875 0.411574075
2 0.0236979171875 0.50462963125 0.0171875 0.5097222218749999 0.0166666671875 0.5217592578125 0.0190104171875 0.5287037031249999 0.05234375 0.52962963125 0.0578125 0.5245370359375 0.059375 0.516203703125 0.0578125 0.5069444437499999 0.0518229171875 0.501851853125 0.0236979171875 0.50462963125
2 0.18411458281249998 0.628703703125 0.1755208328125 0.635648146875 0.175 0.6513888890625 0.18307291718750002 0.6601851859375001 0.20859375 0.6574074078125001 0.21223958281250002 0.6555555562500001 0.21510416718749997 0.6486111109375 0.21458333281250003 0.6347222218749999 0.21015625 0.628703703125 0.18411458281249998 0.628703703125
2 0.20338541718749997 0.725 0.1984375 0.733796296875 0.1989583328125 0.7958333328125 0.20052083281250002 0.8023148140625 0.20442708281250002 0.80648148125 0.21171875 0.8055555562500001 0.2166666671875 0.7949074078125 0.21614583281250002 0.733796296875 0.20859375 0.724074075 0.20338541718749997 0.725
2 0.29140625 1 0.29375 0.9986111109375001 0.2942708328125 0.9893518531250001 0.2908854171875 0.9796296312500001 0.28203125 0.977777778125 0.278125 0.9828703687499999 0.2760416671875 0.9921296312500001 0.2755208328125 0.9976851859375 0.27786458281250004 1 0.29140625 1
2 0.6984375 0.54305555625 0.6984375 0.55787036875 0.70234375 0.5629629640625 0.7309895828124999 0.5666666671875 0.7338541671875001 0.559722221875 0.734375 0.54305555625 0.7299479171875001 0.5379629640625 0.7018229171875 0.5342592578125 0.6984375 0.54305555625
2 0.79375 0.56712963125 0.7981770828125 0.5722222218749999 0.8278645828125001 0.573148146875 0.8307291671874999 0.563425925 0.8278645828125001 0.546296296875 0.7966145828125 0.54351851875 0.79375 0.5495370359375 0.79375 0.56712963125
2 0.6677083328125 0.2976851859375 0.6666666671875 0.308796296875 0.6682291671875 0.313425925 0.6716145828125 0.31851851875000003 0.6763020828124999 0.31944444375000003 0.7026041671875001 0.285648146875 0.6984375 0.2708333328125 0.69453125 0.2675925921875 0.6677083328125 0.2976851859375
2 0.7958333328125 0.038425925 0.7932291671875 0.084722221875 0.8018229171875 0.0907407421875 0.8072916671874999 0.08287036875 0.8140625 0.0282407421875 0.81171875 0.021296296875000002 0.80390625 0.0175925921875 0.8 0.022685185937499998 0.7958333328125 0.038425925
2 0.97265625 0.6324074078125 1 0.6319444437499999 0.9997395828125001 0.60462963125 0.97265625 0.60462963125 0.9682291671875 0.608796296875 0.9671875 0.6226851859375 0.97265625 0.6324074078125
1 0.8041666671875 0.64212963125 0.8026041671874999 0.6180555562500001 0.7924479171875001 0.6101851859375 0.6861979171875 0.6129629640625 0.6817708328125 0.61898148125 0.6822916671875 0.6486111109375 0.6903645828125 0.6555555562500001 0.7018229171875 0.6537037031249999 0.70546875 0.6574074078125001 0.71796875 0.6583333328125 0.7986979171875 0.6564814812499999 0.8026041671874999 0.6523148140624999 0.8041666671875 0.64212963125
9 0.27109375 0.171296296875 0.2627604171875 0.17592592499999998 0.2557291671875 0.215277778125 0.2520833328125 0.24953703593749998 0.25546875 0.25462963125 0.2674479171875 0.25925925781250003 0.2713541671875 0.2513888890625 0.275 0.23194444375 0.2796875 0.19583333281249998 0.2796875 0.1800925921875 0.27109375 0.171296296875
11 0.20859375 0.37962963125 0.1598958328125 0.3949074078125 0.1609375 0.41805555625 0.16484375 0.42037036875 0.1825520828125 0.41944444374999995 0.20963541718749998 0.4120370359375 0.21614583281250002 0.40416666718750005 0.2166666671875 0.3976851859375 0.2140625 0.384722221875 0.20859375 0.37962963125
11 0.37265625 0.4148148140625 0.3651041671875 0.43101851875 0.3651041671875 0.43935185312499997 0.3690104171875 0.44444444375 0.40338541718750004 0.47222222187499996 0.40807291718750005 0.471296296875 0.41197916718750005 0.460648146875 0.4125 0.4532407421875 0.40859375 0.44629629687500005 0.37265625 0.4148148140625
9 0.73359375 0.049074075 0.7286458328125 0.0791666671875 0.7260416671875001 0.12453703593750001 0.7299479171875001 0.13333333281249998 0.73671875 0.1351851859375 0.7421875 0.1254629640625 0.7473958328125 0.09212963125 0.7494791671875001 0.0495370359375 0.7377604171875001 0.046296296875 0.73359375 0.049074075
9 0.7299479171875001 0.177777778125 0.7221354171875001 0.177777778125 0.7161458328125 0.20046296406250003 0.7109375 0.2523148140625 0.7119791671875 0.25787036875 0.71640625 0.2629629640625 0.7236979171875 0.2638888890625 0.7276041671875 0.259722221875 0.7317708328125 0.23842592499999998 0.7359375 0.18194444375000002 0.7299479171875001 0.177777778125
11 0.7723958328125 0.034722221875 0.7763020828125 0.039814814062499995 0.7861979171875 0.0407407421875 0.7890625 0.035648146874999995 0.79375 0.0004629640625 0.77734375 0 0.7739583328124999 0.014351853125 0.7723958328125 0.034722221875
9 0.0200520828125 0.48518518593750004 0.0239583328125 0.48101851875 0.0244791671875 0.46712963125 0.02109375 0.4574074078125 0.0002604171875 0.4592592578125 0.0002604171875 0.48333333281249996 0.0200520828125 0.48518518593750004
9 0.0705729171875 0.397222221875 0.0713541671875 0.41898148125 0.07890625 0.425 0.11640625 0.42222222187499997 0.12109375 0.41944444374999995 0.1234375 0.411574075 0.1223958328125 0.3958333328125 0.1174479171875 0.3907407421875 0.0705729171875 0.397222221875
4 0.21588541718749998 0.4574074078125 0.22552083281250002 0.4532407421875 0.225 0.44768518593750006 0.2205729171875 0.44351851875000003 0.20989583281250002 0.4486111109375 0.20963541718749998 0.45370370312499997 0.21588541718749998 0.4574074078125
4 0.15572916718750002 0.44398148125 0.1546875 0.44675925781250003 0.1575520828125 0.45277777812500003 0.16484375 0.45555555625000005 0.17109375 0.45277777812500003 0.1734375 0.44768518593750006 0.1716145828125 0.44259259218749997 0.16640625 0.43981481406249995 0.15572916718750002 0.44398148125
4 0.1705729171875 0.474074075 0.17890625 0.473148146875 0.18125 0.46898148125 0.1731770828125 0.4601851859375 0.16796875 0.4629629640625 0.1651041671875 0.46805555625000006 0.1705729171875 0.474074075
4 0.1877604171875 0.49907407499999995 0.19765625 0.49629629687500004 0.1989583328125 0.49120370312499995 0.19296875 0.48333333281249996 0.18203125 0.48703703593750003 0.1822916671875 0.49398148124999997 0.1877604171875 0.49907407499999995
4 0.1934895828125 0.54351851875 0.2013020828125 0.5425925921875 0.20416666718749998 0.5384259250000001 0.19973958281249998 0.5305555562500001 0.1890625 0.53287036875 0.1885416671875 0.536574075 0.1934895828125 0.54351851875
4 0.1697916671875 0.5300925921874999 0.1721354171875 0.5324074078125001 0.1809895828125 0.5333333328125 0.1864583328125 0.5300925921874999 0.1848958328125 0.5236111109375 0.18046875 0.51944444375 0.16953125 0.523148146875 0.1697916671875 0.5300925921874999
4 0.11953125 0.44629629687500005 0.121875 0.44212963125 0.1216145828125 0.4388888890625 0.1106770828125 0.43333333281249997 0.10338541718750001 0.4388888890625 0.1059895828125 0.447222221875 0.11953125 0.44629629687500005
4 0.0940104171875 0.44907407499999996 0.1002604171875 0.44629629687500005 0.1015625 0.440277778125 0.09296875 0.4361111109375 0.08203125 0.4388888890625 0.08203125 0.447222221875 0.0940104171875 0.44907407499999996
4 0.0888020828125 0.4611111109375 0.1002604171875 0.4611111109375 0.1057291671875 0.4532407421875 0.09817708281250001 0.447222221875 0.08828125 0.45092592500000006 0.08645833281250001 0.45416666718750004 0.0888020828125 0.4611111109375
4 0.0489583328125 0.44768518593750006 0.05078125 0.45092592500000006 0.0643229171875 0.451851853125 0.06770833281250001 0.44768518593750006 0.06692708281250001 0.44351851875000003 0.0627604171875 0.4407407421875 0.050260417187499996 0.44259259218749997 0.0489583328125 0.44768518593750006
4 0.06901041718749999 0.46481481406249997 0.0828125 0.460648146875 0.07942708281250001 0.45370370312499997 0.0700520828125 0.45277777812500003 0.0666666671875 0.45694444375 0.065625 0.460648146875 0.06901041718749999 0.46481481406249997
4 0.10625 0.49583333281249997 0.09921875 0.48981481406249994 0.0875 0.49212963125 0.0869791671875 0.49768518593750005 0.09296875 0.501851853125 0.10625 0.49583333281249997
4 0.0955729171875 0.525 0.10260416718750001 0.51898148125 0.10234375 0.5157407421875 0.09505208281250001 0.5120370359375 0.0859375 0.515277778125 0.08723958281250001 0.525 0.0955729171875 0.525
5 0.1028645828125 0.5407407421875 0.11328125 0.5388888890625 0.115625 0.53287036875 0.1138020828125 0.527777778125 0.09921875 0.527777778125 0.0979166671875 0.5375 0.1028645828125 0.5407407421875
4 0.0934895828125 0.54444444375 0.0947916671875 0.5375 0.07942708281250001 0.5370370359375001 0.0791666671875 0.54398148125 0.08151041718749999 0.546296296875 0.0934895828125 0.54444444375
4 0.06328125 0.54351851875 0.07682291718749999 0.54351851875 0.07864583281250001 0.5384259250000001 0.07578125 0.5305555562500001 0.06171875 0.5333333328125 0.059375 0.5384259250000001 0.06328125 0.54351851875
4 0.054427082812500006 0.49444444374999996 0.06119791718749999 0.49351851875 0.0640625 0.48935185312499996 0.0627604171875 0.48333333281249996 0.05 0.485648146875 0.0494791671875 0.49120370312499995 0.054427082812500006 0.49444444374999996
4 0.0479166671875 0.46805555625000006 0.05078125 0.473148146875 0.062239582812500006 0.471296296875 0.0640625 0.46805555625000006 0.0627604171875 0.4629629640625 0.05546875 0.4592592578125 0.04765625 0.4601851859375 0.0479166671875 0.46805555625000006
5 0.03515625 0.4611111109375 0.04296875 0.46388888906250003 0.054166667187499996 0.4550925921875 0.0518229171875 0.44907407499999996 0.0330729171875 0.44907407499999996 0.0322916671875 0.4550925921875 0.03515625 0.4611111109375
5 0.017447917187500002 0.45370370312499997 0.0268229171875 0.45370370312499997 0.0286458328125 0.4486111109375 0.02578125 0.44166666718750003 0.01484375 0.44351851875000003 0.0135416671875 0.44675925781250003 0.017447917187500002 0.45370370312499997
4 0.07369791718749999 0.49907407499999995 0.08151041718749999 0.49629629687500004 0.08333333281250001 0.48935185312499996 0.07473958281250001 0.4842592578125 0.06510416718749999 0.48842592500000004 0.0653645828125 0.49629629687500004 0.07369791718749999 0.49907407499999995
7 0.0908854171875 0.48333333281249996 0.1067708328125 0.48101851875 0.1067708328125 0.4745370359375 0.1028645828125 0.471296296875 0.09036458281250001 0.471296296875 0.08854166718749999 0.4791666671875 0.0908854171875 0.48333333281249996
7 0.1453125 0.46898148125 0.15234375 0.475 0.16328125 0.475 0.1651041671875 0.46898148125 0.1638020828125 0.46481481406249997 0.1575520828125 0.4611111109375 0.1458333328125 0.4625 0.1453125 0.46898148125
7 0.15703125 0.5129629640625 0.1658854171875 0.5148148140625 0.1744791671875 0.5097222218749999 0.1721354171875 0.502777778125 0.1549479171875 0.49907407499999995 0.1536458328125 0.5097222218749999 0.15703125 0.5129629640625
7 0.2669270828125 0.9351851859375 0.2713541671875 0.93101851875 0.2744791671875 0.910648146875 0.2705729171875 0.9037037031249999 0.265625 0.915277778125 0.26510416718749996 0.9300925921875001 0.2669270828125 0.9351851859375
4 0.2653645828125 0.88055555625 0.2692708328125 0.8680555562500001 0.2682291671875 0.8504629640625 0.2653645828125 0.8490740750000001 0.2598958328125 0.8625 0.2604166671875 0.8782407421875 0.2653645828125 0.88055555625
4 0.24375 0.9143518531250001 0.2481770828125 0.9175925921875001 0.2515625 0.9060185187500001 0.2515625 0.8893518531250001 0.24635416718749997 0.890277778125 0.24375 0.8995370359375 0.24375 0.9143518531250001
4 0.2528645828125 0.94351851875 0.25833333281250004 0.9282407421875 0.2567708328125 0.913425925 0.2528645828125 0.9120370359375001 0.2484375 0.9254629640625 0.2484375 0.940277778125 0.2528645828125 0.94351851875
4 0.2734375 0.913425925 0.27109375 0.9055555562500001 0.2666666671875 0.916203703125 0.2666666671875 0.9245370359375 0.2705729171875 0.9259259249999999 0.2734375 0.913425925
4 0.2669270828125 0.9694444437499999 0.2703125 0.958796296875 0.2697916671875 0.94305555625 0.26640625 0.9388888890624999 0.2630208328125 0.9476851859375 0.2604166671875 0.964351853125 0.2669270828125 0.9694444437499999
4 0.2231770828125 0.9148148140625001 0.22760416718749998 0.9060185187500001 0.228125 0.890277778125 0.22369791718749998 0.8879629640625 0.2182291671875 0.8995370359375 0.21875 0.913425925 0.2231770828125 0.9148148140625001
4 0.21588541718749998 0.9657407421875 0.2203125 0.9504629640625 0.21744791718749998 0.9361111109375001 0.215625 0.935648146875 0.21197916718749998 0.9495370359375 0.2114583328125 0.9634259249999999 0.21588541718749998 0.9657407421875
4 0.2026041671875 0.9875 0.20442708281250002 0.9907407421875 0.20807291718749998 0.9898148140625 0.2109375 0.9763888890624999 0.2065104171875 0.9703703687499999 0.20416666718749998 0.9717592578125 0.2026041671875 0.9791666671874999 0.2026041671875 0.9875
13 0.44348958281249995 1 0.45 0.9523148140625001 0.45 0.9375 0.44609375 0.93148148125 0.43932291718750005 0.9305555562500001 0.4348958328125 0.94305555625 0.4291666671875 0.9976851859375 0.43046875 1 0.44348958281249995 1
4 0.709375 0.585648146875 0.7138020828125 0.5888888890625 0.7221354171875001 0.5898148140624999 0.7270833328124999 0.585648146875 0.7260416671875001 0.5800925921875 0.7221354171875001 0.576851853125 0.71015625 0.578703703125 0.709375 0.585648146875
2 0.4953125 0.01712963125 0.49010416718750005 0.054166667187499996 0.4895833328125 0.0800925921875 0.49401041718750005 0.0842592578125 0.5002604171875 0.0842592578125 0.5036458328125 0.07638888906249999 0.5088541671875 0.0300925921875 0.5059895828125 0.0157407421875 0.5013020828125 0.012962964062499999 0.4953125 0.01712963125
4 0.84296875 0.5898148140624999 0.8455729171874999 0.5907407421875 0.8544270828125 0.5907407421875 0.85625 0.5875 0.8557291671874999 0.58194444375 0.8528645828125001 0.578703703125 0.8411458328125001 0.583796296875 0.84296875 0.5898148140624999
4 0.8875 0.633796296875 0.8841145828125001 0.62962963125 0.8690104171874999 0.6342592578125 0.8763020828125001 0.64444444375 0.8875 0.641203703125 0.8875 0.633796296875
5 0.8078125 0.11064814687499999 0.81015625 0.1111111109375 0.8161458328125001 0.0986111109375 0.81875 0.083796296875 0.8169270828125 0.08055555625000001 0.81328125 0.08148148125 0.8083333328125001 0.09305555625 0.8078125 0.11064814687499999
4 0.8080729171875 0.15 0.8140625 0.134722221875 0.8140625 0.1254629640625 0.8080729171875 0.1175925921875 0.8057291671875 0.1273148140625 0.8057291671875 0.1476851859375 0.8080729171875 0.15
4 0.75703125 0.1574074078125 0.7614583328125 0.141203703125 0.7604166671875 0.12824074218749998 0.7575520828125 0.12222222187500001 0.7541666671875 0.13287036875 0.7536458328125 0.1541666671875 0.75703125 0.1574074078125
4 0.76484375 0.1574074078125 0.7708333328125 0.14398148125000002 0.7697916671875 0.1300925921875 0.7653645828125 0.12962963125 0.7619791671875 0.141203703125 0.7619791671875 0.1532407421875 0.76484375 0.1574074078125
4 0.7658854171875 0.07685185312500001 0.7692708328125 0.064351853125 0.76875 0.050462964062500004 0.76484375 0.048148146875 0.7604166671875 0.060648146874999996 0.7609375 0.0754629640625 0.7658854171875 0.07685185312500001
4 0.7778645828124999 0.11944444375 0.7817708328124999 0.10324074218749998 0.78125 0.0949074078125 0.7768229171875001 0.09444444375 0.7723958328125 0.109722221875 0.771875 0.11898148125 0.7778645828124999 0.11944444375
4 0.7846354171875001 0.13148148125 0.7895833328124999 0.12453703593750001 0.7916666671875 0.1050925921875 0.7861979171875 0.10462963125 0.7828125 0.114351853125 0.7817708328124999 0.1263888890625 0.7846354171875001 0.13148148125
4 0.7846354171875001 0.16388888906250001 0.7895833328124999 0.1532407421875 0.7911458328125 0.139351853125 0.7888020828125 0.13055555624999998 0.7828125 0.139351853125 0.7817708328124999 0.15601851875 0.7846354171875001 0.16388888906250001
4 0.8052083328125 0.15879629687500002 0.8002604171875 0.15462963125 0.7947916671875 0.166203703125 0.7947916671875 0.17916666718750002 0.8002604171875 0.18055555625 0.8052083328125 0.15879629687500002
4 0.76875 0.0976851859375 0.77265625 0.1 0.778125 0.089351853125 0.778125 0.07638888906249999 0.7763020828125 0.072222221875 0.77265625 0.073148146875 0.7692708328125 0.08287036875 0.76875 0.0976851859375
4 0.8216145828125001 0.049074075 0.8260416671874999 0.036574075 0.825 0.0236111109375 0.8205729171874999 0.023148146875 0.8161458328125001 0.035648146874999995 0.815625 0.046759257812499996 0.8216145828125001 0.049074075
4 0.7658854171875 0.0157407421875 0.76953125 0.013888889062500001 0.7744791671875 0.0004629640625 0.7638020828125 0 0.7625 0.0032407421875000003 0.7625 0.010648146875 0.7658854171875 0.0157407421875
5 0.7606770828125 0.1111111109375 0.7677083328125 0.0976851859375 0.7671875 0.086574075 0.7643229171875 0.0824074078125 0.7588541671875 0.090277778125 0.7572916671875001 0.09953703593749999 0.7606770828125 0.1111111109375
7 0.78671875 0.08518518593749999 0.7901041671875 0.0791666671875 0.7932291671875 0.06342592500000001 0.78828125 0.05648148125 0.7822916671875 0.0717592578125 0.7817708328124999 0.083796296875 0.78671875 0.08518518593749999
7 0.7505208328124999 0.12361111093749999 0.7528645828125 0.127777778125 0.7559895828125 0.125925925 0.7583333328124999 0.1199074078125 0.7588541671875 0.1041666671875 0.7559895828125 0.100925925 0.7505208328124999 0.109722221875 0.7505208328124999 0.12361111093749999
7 0.7966145828125 0.151851853125 0.8020833328125001 0.14212963125 0.803125 0.1273148140625 0.7997395828125 0.12037036875 0.79375 0.13287036875 0.7916666671875 0.14675925781250002 0.7966145828125 0.151851853125