4 0.6369217703125 0.5752604421874999 0.6351621125 0.5846614640625 0.6368821437500001 0.597808103125 0.6373202124999999 0.598620921875 0.6410144921875001 0.5972249328125 0.6387346484374999 0.578156796875 0.6369217703125 0.5752604421874999
4 0.6961713234375 0.5374203078125 0.6874691734375 0.54599891875 0.6865034390625 0.5502483 0.6874295828125 0.5541271609375 0.697639628125 0.55026900625 0.6991594578125 0.5491221078125 0.6977898328125 0.537666846875 0.6961713234375 0.5374203078125
4 0.7278461390625 0.521843925 0.7260417546875 0.5198210249999999 0.7251074765625 0.52005445625 0.721954290625 0.5325301 0.7234081921875 0.5475947671875 0.7270746515625001 0.553223875 0.7279071640625 0.553015871875 0.730540809375 0.544381575 0.7278461390625 0.521843925
4 0.7692889453125 0.5064639671875 0.7697428828125 0.5201829140625 0.77592956875 0.5178451 0.7759295703125 0.509831928125 0.7741351375 0.49482367812500005 0.7737160296875001 0.49396396718749996 0.7692889453125 0.5064639671875
4 0.789138378125 0.5417580578125001 0.7895776999999999 0.54916791875 0.7944890625000001 0.5670697609375 0.7952477828125 0.5673418640625 0.7955703203125 0.5672199828125 0.792615521875 0.5425066890625 0.789138378125 0.5417580578125001
4 0.8028857359374999 0.44135934375 0.8013069171874999 0.4380224609375 0.798410275 0.44081089218749997 0.7968708875 0.44928522812500005 0.7981971578125 0.46532315312500006 0.7987973546875 0.4666063328125 0.8048445640624999 0.46432122500000006 0.80489215625 0.4581406140625 0.8028857359374999 0.44135934375
4 0.8611001625 0.50251131875 0.86144660625 0.5054089078125 0.8723499625000001 0.5012887671875 0.8720114984375 0.49845793125000004 0.8612981718749999 0.49992257812499996 0.8611001625 0.50251131875
4 0.853222153125 0.48012186874999996 0.8557222843750001 0.5012759359375 0.8560782437500001 0.5017578281249999 0.8605411125 0.50007140625 0.8608910921874999 0.49910206874999996 0.8608880296875 0.498946228125 0.8571082984375 0.4673333609375 0.853222153125 0.48012186874999996
4 0.8913429328125 0.45973633593749996 0.8893307703125 0.45624491875000006 0.8863910031250001 0.45726079999999997 0.8878483296875 0.47058933593749996 0.88939078125 0.48349006875 0.89240880625 0.482349625 0.89342040625 0.47787714687499994 0.89244190625 0.4689279078125 0.8913429328125 0.45973633593749996
4 0.8730690484375 0.42853758906249995 0.8638465249999999 0.4316712 0.8622654000000001 0.43762053125 0.86294649375 0.439525928125 0.8771049796874999 0.43417574375 0.876771509375 0.43138666875 0.8730690484375 0.42853758906249995
4 0.8742133000000001 0.45007145781249996 0.8725022203125 0.44214698906249994 0.8694671906250001 0.44036366875 0.8669206796875001 0.45053178125000004 0.8686742359374999 0.46123672187500003 0.8753000984374999 0.471775625 0.8767431203125 0.4712303390625 0.8742133000000001 0.45007145781249996
4 0.843052425 0.4669523671875 0.8420874062499999 0.48415233906250005 0.8466050765625001 0.49681802812500003 0.8468526000000001 0.49672449218750003 0.847685515625 0.49056818125 0.8474852015625001 0.48037044218749997 0.8461233953124999 0.46898058125000003 0.843052425 0.4669523671875
4 0.8348729015625 0.48176682812499994 0.834596996875 0.47945923125 0.831288703125 0.47796511875 0.8252268859375 0.48231913281249994 0.8162906546875 0.5000337312500001 0.8163943546875 0.5009010578125 0.8185184046874999 0.5017517 0.8195923984375 0.5013458609375 0.8323934359375 0.492151275 0.8348729015625 0.48176682812499994
7 0.82166421875 0.510110096875 0.8114295531250001 0.51011009375 0.8069768484375001 0.5117926749999999 0.8026538015625 0.518141496875 0.8026538015625 0.519707171875 0.802672803125 0.5198661 0.8052579703125 0.524461946875 0.8175597765625 0.5248326249999999 0.8237674437500001 0.5224868828125 0.8223937328125001 0.5109974609375 0.82166421875 0.510110096875
7 0.75381561875 0.48520002812499996 0.751557678125 0.48339884375000003 0.7437317609375 0.48383949218750005 0.7384666953125001 0.4917319421875 0.73857869375 0.492668671875 0.75042635625 0.4934041921875 0.7546076234375 0.49182418125 0.75381561875 0.48520002812499996
2 0.8706105375 0.4302835671875 0.8697393312499999 0.38593140312499996 0.8689943109374999 0.3797002 0.8671045812499999 0.37731224375 0.856417796875 0.3779756921875 0.8541159593750001 0.38649911875 0.8547331437500001 0.41791927187500005 0.8555932374999999 0.448440146875 0.85735365 0.4529986828125 0.8697944046874999 0.4482975921875 0.8706105375 0.4302835671875
9 0.9655395296875 0.398921821875 0.9502424843749999 0.33161245781250004 0.9393770515625001 0.3394167671875 0.9383697468750001 0.343635528125 0.946232925 0.3875037140625 0.9523169328125001 0.41427428125 0.9667241921875 0.40883008906249996 0.9655395296875 0.398921821875
9 0.9723794531250001 0.3782947390625 0.9704858546875 0.3790102890625 0.9710017890625 0.4487186828125 0.9747024453125 0.4570520171875 0.9819008734375 0.4570520171875 0.9840922750000001 0.4562239328125 0.985585121875 0.45481889999999997 0.985585121875 0.406254396875 0.9822090140625 0.3780173640625 0.9723794531250001 0.3782947390625
4 0.8964996812500001 0.379566525 0.8927731015625 0.38403650625 0.895342946875 0.39771248593749997 0.8979285687499999 0.40358828124999996 0.9004881296875 0.402621078125 0.8988571234375 0.3889796890625 0.8964996812500001 0.379566525
4 0.9030878953125001 0.420253996875 0.9002388031249999 0.433301875 0.9020350671875 0.44301772812499995 0.9081365124999999 0.45368778593750003 0.90971721875 0.45309046875 0.9060929921875 0.4227782109375 0.9030878953125001 0.420253996875
4 0.9239402640625001 0.4492837140625 0.9249006765625 0.4587123109375 0.9308852906249999 0.45645085625000004 0.9292968171875 0.44316519374999996 0.9263312593749999 0.4403340078125 0.9239402640625001 0.4492837140625
5 0.9497429125 0.3953549640625 0.9414457374999999 0.3970156671875 0.9370704218749999 0.40355835312500005 0.9375924328125 0.405639175 0.9513446812499999 0.40044250000000003 0.950968603125 0.39729705625 0.9497429125 0.3953549640625
4 0.9804129749999999 0.363815003125 0.9804607765625001 0.3638816421875 0.989686525 0.36039543281249997 0.9887601125 0.3526471109375 0.9825524171875 0.3575606140625 0.9804129749999999 0.363815003125
4 0.97861958125 0.3429709609375 0.979803675 0.344251103125 0.9836317609374999 0.342804553125 0.9872416765625 0.3399472421875 0.9861540671875 0.3308507 0.9824504015625 0.3343642640625 0.97861958125 0.3429709609375
4 0.9878030609374999 0.395185171875 0.990528159375 0.3941554171875 0.9877100406249999 0.370585278125 0.9859411375 0.3703302390625 0.9836959515625001 0.37117864375 0.9862601375000001 0.39504141875 0.9878030609374999 0.395185171875
4 0.9896581828125001 0.4342984171875 0.99136923125 0.4421147890625 0.9960508125 0.44034571875 0.9941055578125001 0.424076025 0.990230653125 0.42129279999999997 0.9896581828125001 0.4342984171875
7 0.9588966187500001 0.39225949375 0.959298803125 0.394596975 0.97088844375 0.3902175 0.9705490187500001 0.38737863125 0.9656533015625 0.3875195421875 0.9588966187500001 0.39225949375
7 0.951405303125 0.45271840625 0.94267340625 0.461521528125 0.9426885453124999 0.46164815625 0.9443057250000001 0.468418571875 0.9603324343749999 0.46236242812499995 0.9616241453125 0.4596969890625 0.9612283843749999 0.4563869359375 0.951405303125 0.45271840625
4 0.9167202124999999 0.40792652812499997 0.9168861093749999 0.4248229859375 0.9227857875 0.42259362500000003 0.9223369437500001 0.41167505000000004 0.9218227171875 0.407374175 0.9197985875000001 0.4031294328125 0.9167202124999999 0.40792652812499997
7 0.89776250625 0.39318491718750004 0.896880375 0.391436925 0.8962051421874999 0.391736225 0.8933343875 0.39587150000000004 0.8937733546875 0.4047425140625 0.89669095625 0.42393479218749996 0.9012338078125 0.422218146875 0.89776250625 0.39318491718750004
4 0.62837495625 0.2243030859375 0.6266273250000001 0.2096862671875 0.622415625 0.2199918859375 0.6227443453125 0.226430771875 0.62837495625 0.2243030859375
4 0.41432758124999997 0.344589828125 0.4124240890625 0.34605729375 0.410789109375 0.35341508906249997 0.4108722375 0.371475978125 0.411127140625 0.3717125328125 0.41681555625 0.36956300625 0.41688363125 0.36934735 0.41702759375 0.3671721578125 0.41432758124999997 0.344589828125
2 0.5208680984375 0.27372513125000003 0.5191946765625 0.269246153125 0.5121118906250001 0.26900378593749996 0.5065732875 0.2800147328125 0.5098402078125 0.3019487421875 0.5150631296875 0.32391786875 0.5263589484375 0.31964942500000004 0.5208680984375 0.27372513125000003
2 0.39641858750000003 0.32333298125 0.39641858750000003 0.301685796875 0.39558775 0.2947368578125 0.3948560875 0.29390911875 0.3854810875 0.2920572671875 0.38209567031249997 0.2971498578125 0.377929003125 0.340668375 0.37818942031249997 0.3605757859375 0.3836840734375 0.36220383125 0.3931706640625 0.35861905312500003 0.39641858750000003 0.32333298125
2 0.3012756265625 0.28027904375 0.32649685 0.30303168281250004 0.3331272328125 0.3017927828125 0.33809484218749997 0.2999156328125 0.3405721109375 0.2938845109375 0.34092895 0.29183498281250003 0.3397835828125 0.2822553859375 0.3377520046875 0.27718746875 0.30626722812499996 0.24955351874999998 0.3038546546875 0.248607771875 0.3026460328125 0.24883360625 0.3006238859375 0.25153901093750003 0.2962062734375 0.26539881875 0.29630115468749996 0.2714327609375 0.3012756265625 0.28027904375
2 0.6747619984375001 0.11620490624999999 0.6770524421874999 0.11787403593750001 0.6821107328125 0.1159626171875 0.68877769375 0.11233898281250002 0.6886383203124999 0.101885196875 0.6796571218749999 0.0844973078125 0.670536346875 0.053630014062499995 0.6630858390625 0.056227175 0.65953744375 0.06251285 0.660714415625 0.0725237109375 0.6747619984375001 0.11620490624999999
2 0.7801557390625 0.047675346875 0.7870360484375001 0.0432665171875 0.787704871875 0.0338219921875 0.78609873125 0.020388581250000003 0.783043065625 0.013968249999999998 0.77477566875 0.0165929078125 0.7486039296875 0.03108486875 0.7453822546875 0.0412199359375 0.7455496968750001 0.04689994375 0.745836465625 0.0522046359375 0.74833443125 0.059699931250000005 0.7801557390625 0.047675346875
2 0.715060384375 0 0.7004188453125 0.0042999671875 0.688494553125 0.01103033125 0.6878063 0.0198511421875 0.6936154984375 0.033335878125 0.704405053125 0.030862531250000002 0.7211029203125 0.024552768750000002 0.7181673156249999 0 0.715060384375 0
5 0.6943133828125 0.0711358390625 0.6927157234375 0.0724602890625 0.6873655671875001 0.0794496328125 0.686570046875 0.0858791890625 0.69758681875 0.0817161890625 0.6963557812500001 0.0714200609375 0.6943133828125 0.0711358390625
4 0.723503028125 0.030977943749999997 0.7208239734374999 0.034731325 0.7191546765625 0.044799157812500004 0.7195143625 0.04503189375 0.7286587859375 0.0415764171875 0.732095684375 0.03633165625 0.730738428125 0.0249798578125 0.723503028125 0.030977943749999997
4 0.7391676875 0.0094668390625 0.734321215625 0.019557860937499998 0.748613321875 0.014157182812499999 0.7478042140625 0.007389982812499999 0.7440637484375 0.0061759890625 0.7391676875 0.0094668390625
7 0.735075859375 0.048585178125 0.7308546296875 0.05635621875 0.7308943984375 0.060406525 0.7314823968749999 0.060388281249999995 0.7424629 0.0562389859375 0.741317625 0.04666014375 0.735075859375 0.048585178125
9 0.6036639453125 0.101473471875 0.6044991953125 0.09884585625 0.60420838125 0.08898086875 0.603321421875 0.08156251875000001 0.5967410531249999 0.078938553125 0.56375324375 0.09221116875 0.558851890625 0.1028669890625 0.558935115625 0.11113611718750001 0.559600965625 0.11670515 0.5699755265625 0.11573855625 0.599582953125 0.10455055312499999 0.6036639453125 0.101473471875
13 0.5329174671875 0 0.5270700125000001 0.005888846875 0.5253485609374999 0.0095431109375 0.52950594375 0.028797075 0.540414496875 0.02467496875 0.557919503125 0.006656 0.5589766328125 0.004600375 0.5584265984375001 0 0.5329174671875 0
9 0.2468433765625 0.3690090890625 0.2476139984375 0.36643250625 0.24483554375 0.343194096875 0.2275565125 0.299612675 0.22497572500000002 0.2956901078125 0.221336921875 0.2966996421875 0.21363102343749998 0.30572912812499997 0.213486665625 0.3159740359375 0.23438381718749998 0.3760236359375 0.2435865875 0.37254610781249997 0.2468433765625 0.3690090890625
2 0.172104296875 0.5411240109375 0.17952608750000001 0.5415847671875 0.185972784375 0.5391486999999999 0.187017690625 0.53764903125 0.18848967187500001 0.52658751875 0.1874756140625 0.5181061609375 0.1871664125 0.5168122281249999 0.17946773124999998 0.5107753421875 0.1639249578125 0.5061044609375001 0.14624558906250001 0.5040804140625 0.1433191296875 0.50714145 0.141841853125 0.5292855078125001 0.1436000421875 0.532637371875 0.172104296875 0.5411240109375
13 0.0691492078125 0.58391880625 0.0643362109375 0.57868036875 0.059112873437500005 0.5792825890625 0.054570337499999996 0.58502276875 0.054641387500000006 0.6609993828125 0.055588271875 0.6622538921875 0.06773568125 0.65766365 0.06917930156249999 0.584170496875 0.0691492078125 0.58391880625
13 0.1016434015625 0.648607521875 0.0912377875 0.65064635625 0.0617241328125 0.6687811640625 0.0633111078125 0.68205428125 0.1055681140625 0.666086271875 0.10568657968749999 0.6623832468749999 0.10504341875 0.6570039890625 0.1016434015625 0.648607521875
13 0.0418714671875 0.676422553125 0.019458193749999998 0.67671719375 0.014202590625 0.682475571875 0.0130798734375 0.6937533859375 0.0161066125 0.7025429671875 0.028050510937500002 0.7010581671875 0.044063915625 0.695007046875 0.0440494171875 0.6946384578125 0.0418714671875 0.676422553125
2 0.00548019375 0.6336167921875 0.0054802078125 0.633617 0.0067971921874999995 0.650276253125 0.008327303125000001 0.663073778125 0.0194644125 0.65886530625 0.019561965625 0.652071571875 0.01911479375 0.6464150562500001 0.0184353515625 0.6407323468749999 0.015497178125 0.633919121875 0.00548019375 0.6336167921875
2 0.0644697734375 0.8542678140625 0.0646354140625 0.85345498125 0.060970207812499996 0.8227999718750001 0.05264119375 0.7891946109375 0.0482674109375 0.7857326890625 0.040001334375 0.79137366875 0.0383535890625 0.7979530328125 0.051605737500000005 0.8593273031249999 0.05193079375 0.8595845890625 0.06257001875 0.8555642562499999 0.0644697734375 0.8542678140625
4 0.198602840625 0.58445116875 0.19054699375 0.584169925 0.183874784375 0.5910585187499999 0.1987220328125 0.5854480671875 0.198602840625 0.58445116875
4 0.18104896875 0.5743437671875 0.1812114984375 0.5778657421875 0.19251265625 0.57359528125 0.1919970765625 0.5692830859375 0.189773675 0.567969696875 0.18104896875 0.5743437671875
4 0.14715092968750002 0.5816783937500001 0.14792068125 0.5876057859375 0.15245054687499998 0.585894046875 0.1501026890625 0.5662570609375 0.146524328125 0.5764376328124999 0.14715092968750002 0.5816783937500001
4 0.1542960109375 0.595786953125 0.1494952046875 0.58871379375 0.1483494359375 0.591674346875 0.149186909375 0.5986787921875 0.15225455000000002 0.611526625 0.1569026609375 0.60977020625 0.156168365625 0.6036287078125 0.1542960109375 0.595786953125
4 0.166589565625 0.63734791875 0.16640621875 0.63581444375 0.162232471875 0.6183340312500001 0.15801485937499998 0.6088246421875 0.1571548953125 0.60914960625 0.1542453375 0.6109494468750001 0.154283384375 0.626512021875 0.15865720781249998 0.6403453859375 0.166589565625 0.63734791875
4 0.18313732656249998 0.6326428359375 0.17534385937500002 0.633611675 0.17368887500000002 0.6379942562500001 0.174578028125 0.64284875625 0.1843760640625 0.6391462921875 0.18364027031250002 0.6329922671875 0.18313732656249998 0.6326428359375
4 0.1311307078125 0.5652045078125 0.1277847140625 0.56702313125 0.12906711875000001 0.5777488828124999 0.12951636718749998 0.5803612031250001 0.134014325 0.578661521875 0.1325677796875 0.5665629171875 0.1311307078125 0.5652045078125
4 0.11356549687499999 0.58992769375 0.11354717343750001 0.604857771875 0.11588686562499999 0.6197395640625001 0.1179385078125 0.62165408125 0.119580165625 0.6210337328125 0.1198859578125 0.6074589640625 0.11845325468750001 0.59547615 0.11356549687499999 0.58992769375
4 0.10409225 0.6077580609375001 0.10241401875 0.6150557109375 0.10563919687500001 0.63120389375 0.109146909375 0.64201524375 0.111147946875 0.64125909375 0.1079487125 0.6145013828125 0.10409225 0.6077580609375001
4 0.059414435937499996 0.65442159375 0.059511484375 0.6579315609374999 0.0634440609375 0.656445525 0.060703906249999995 0.6335274562500001 0.059879334375 0.6335995109375 0.059414435937499996 0.65442159375
4 0.02888265 0.6212283390625 0.027741307812499998 0.6116824000000001 0.026464360937499997 0.6140331921875 0.026543682812500004 0.6221121828125 0.02888265 0.6212283390625
5 0.007126034375 0.6188369359375 0.007911775 0.634832446875 0.014248817187500002 0.6324378171875 0.0115258109375 0.609663175 0.0096389046875 0.6094982890625 0.007126034375 0.6188369359375
5 0.1039547875 0.5742690859375 0.1033507140625 0.57425034375 0.10316049375 0.575054746875 0.10287011718750001 0.6046294171875 0.106791509375 0.6031476078125 0.106897534375 0.59234918125 0.1050549171875 0.576937925 0.1039547875 0.5742690859375
5 0.07801613125 0.6355039359375 0.075640925 0.6386714671875 0.0772121328125 0.6432347968750001 0.082906303125 0.6434114937500001 0.0887763828125 0.64119331875 0.0880269515625 0.6349252390625 0.07801613125 0.6355039359375
5 0.19296503125 0.5551241140625 0.190941521875 0.54874895 0.1825625375 0.54975791875 0.17345197968749998 0.55620760625 0.175674246875 0.5644006 0.1821486109375 0.563312453125 0.1899949140625 0.5603475062500001 0.19296503125 0.5551241140625
4 0.1606607171875 0.5678498249999999 0.1625785875 0.573547375 0.1643054015625 0.5728948500000001 0.1675333875 0.5650796062500001 0.1655357859375 0.5483720921875 0.1623879453125 0.546826975 0.1606607171875 0.5678498249999999
4 0.10992055781250001 0.69400549375 0.1125075140625 0.700381878125 0.11338498281250001 0.700050303125 0.11062188749999999 0.6769403609375 0.109610309375 0.6783975250000001 0.10992055781250001 0.69400549375