1 0.49544723749999997 0.735303021875 0.503772278125 0.7392686921875 0.51359723125 0.7398786359375 0.5146861015625 0.73823670625 0.5173460125 0.7241663390624999 0.5426743218750001 0.5561191640625001 0.5427312953125 0.5532187640624999 0.5376807453125 0.5445315359375 0.5239626125 0.5389554359375001 0.5207238328125 0.5407676890625 0.5185044453125001 0.548337778125 0.5047908046875 0.63574695625 0.4913719203125 0.724777996875 0.492698325 0.7320763859375 0.49544723749999997 0.735303021875
2 0.40960695625000004 0.43879885781250005 0.41057131562500004 0.4362846921875 0.4109148171875 0.41879741875 0.41050632499999995 0.4179873359375 0.3802537171875 0.3939025578125 0.3742399296875 0.3946501578125 0.3701238296875 0.40676418593749997 0.3699312484375 0.4151418109375 0.37361723593749996 0.42257317499999997 0.39429424375 0.43784822187500005 0.40960695625000004 0.43879885781250005
2 0.5267213265625 0.5294536062499999 0.5422414453125 0.5304171171875 0.5561264328125 0.5271004687499999 0.5605746218750001 0.5203646890625 0.5606659984375 0.515712821875 0.5607210015625 0.510110803125 0.5569198796875 0.49934308125 0.5297861328125 0.5040574890625 0.5258486640625 0.5071765390625 0.5247672421875 0.5126252390625 0.5247627375 0.51285456875 0.5256577765625 0.526618021875 0.5267213265625 0.5294536062499999
2 0.626526896875 0.505739871875 0.6246194171874999 0.5032761109375 0.6151154109375 0.503139771875 0.6117053718750001 0.50925601875 0.6130033906250001 0.5534202640625 0.6138262046875 0.5626559062500001 0.6253947921874999 0.5633741 0.626526896875 0.505739871875
2 0.675667265625 0.3122734609375 0.6762901453125 0.28056333906250003 0.6668213640625 0.2781975578125 0.66370351875 0.28349623125 0.6555672546875 0.32321227812500003 0.6547282921875001 0.333824771875 0.6553673890625 0.33453875 0.6695953890624999 0.33542204375 0.6723683609375 0.3202570921875 0.675667265625 0.3122734609375
2 0.6073560109375 0.287804025 0.6066274625 0.28482185000000004 0.5973582625 0.282158853125 0.5929017703125 0.291101921875 0.5887939859375 0.3384374328125 0.5882847421874999 0.34705099375000004 0.6028694421874999 0.34795643125 0.606789578125 0.31664048125 0.6073560109375 0.287804025
2 0.512922003125 0.3446713 0.5140369046875 0.34255217187500003 0.5144703078124999 0.32048805625 0.5122616609375 0.28870035625 0.5096857609375001 0.284992053125 0.5013436359375001 0.2856197640625 0.4980480546875 0.29188378125000003 0.501035103125 0.34240794218750004 0.5027368140624999 0.34451953125 0.5109915953125 0.345032 0.512922003125 0.3446713
2 0.443460921875 0.274190203125 0.44203446093750004 0.27219075625 0.4332038640625 0.27071605625 0.42970235937499995 0.2765208640625 0.4247020984375 0.31882899375 0.4244567109375 0.3313213828125 0.44106117187500005 0.3323522109375 0.4425849015625 0.318787496875 0.443460921875 0.274190203125
2 0.39837719531250004 0.2611375359375 0.39885573750000003 0.23677544374999998 0.3952181625 0.23222473125 0.390867128125 0.2319546109375 0.3865515609375 0.23962673125 0.3756140625 0.279441546875 0.37457239375 0.2914785828125 0.38004114375000003 0.30027488125 0.38312851718749996 0.3009609609375 0.3843343609375 0.301035821875 0.3881140609375 0.2961082140625 0.39837719531250004 0.2611375359375
2 0.261932184375 0.30569138906250004 0.263120396875 0.3106140328125 0.27165219375 0.31349665625 0.29725653125 0.31508620781249996 0.2977095078125 0.29202568125 0.2975050140625 0.29164809375 0.27015895625 0.28399674375 0.2649577609375 0.2844813390625 0.2617541625 0.29080659375 0.2616092 0.293081796875 0.2615897109375 0.29407398906250004 0.261932184375 0.30569138906250004
9 0.713079821875 0.274094421875 0.7095907 0.28820140625 0.71067545625 0.294458246875 0.7125203609375 0.29639481875 0.724329809375 0.2971279671875 0.726433990625 0.29377095 0.73102864375 0.262478253125 0.7334029078125 0.22697919375 0.732614259375 0.218127053125 0.7217826609375 0.21492714999999998 0.7198808640625 0.2154626390625 0.7155864421875 0.23120258124999998 0.713079821875 0.274094421875
9 0.73288606875 0.14200877812499998 0.757059484375 0.143509496875 0.7649915359375 0.14252342812500002 0.7654150453125 0.120963078125 0.76538274375 0.1201418640625 0.74705124375 0.11203506875 0.7312826484375 0.1093544 0.7250115421875 0.10920579999999999 0.718233575 0.11608161718750001 0.717219853125 0.1301304421875 0.7225371953125 0.1392153828125 0.73288606875 0.14200877812499998
11 0.80318004375 0.029042281250000003 0.7906924078124999 0.01928675 0.7825846578125 0.019671128125 0.7801794156249999 0.027725796874999997 0.7801176765625 0.0425691171875 0.788268371875 0.050944975 0.8027255468750001 0.051842493749999996 0.8027388015625 0.0515055 0.80318004375 0.029042281250000003
2 0.796039528125 0.0542068890625 0.79491909375 0.05413733125 0.7908770031250001 0.061217774999999995 0.7905136875000001 0.07045448125 0.7961072 0.08089579687500001 0.8123054984375001 0.08857035625000001 0.8270080484375001 0.08948310781249999 0.8274282734374999 0.06808989374999999 0.8213260296874999 0.063610746875 0.796039528125 0.0542068890625
2 0.8548748515625 0.183093975 0.8553299171875001 0.1599271171875 0.8527655796875001 0.155965446875 0.8504921453125001 0.1558243078125 0.8367649828125 0.158214825 0.823122503125 0.16292682187500002 0.813509925 0.174730775 0.8132902734374999 0.18591297499999998 0.8437992703124999 0.1878070140625 0.8548748515625 0.183093975
4 0.769429053125 0.1553953 0.7695065859375 0.15144816875 0.76216686875 0.15144817187499998 0.7568263703125 0.15461290781249998 0.769429053125 0.1553953
4 0.7678462609375 0.1545072078125 0.7658280796875 0.16073068906250002 0.7786892796875 0.16152913124999999 0.7787538609375 0.1582414421875 0.7756666625 0.155190603125 0.7678462609375 0.1545072078125
4 0.787223290625 0.17158073125 0.7877120171875001 0.1732071578125 0.787840446875 0.17321513125000002 0.7883129671875 0.1491596921875 0.7880760109375 0.14894151875 0.787223290625 0.17158073125
4 0.7975958999999999 0.186325878125 0.8000273984374999 0.1906485390625 0.8093749390625 0.191228846875 0.8094696359375 0.186407971875 0.7999396484375 0.17845550625 0.7975958999999999 0.186325878125
4 0.807569803125 0.15115027187500002 0.809803378125 0.155122321875 0.8194531234375001 0.1557213921875 0.8196879765625 0.143765321875 0.8111552234375001 0.14535968125 0.807569803125 0.15115027187500002
4 0.7968449234375 0.1289119578125 0.7869142375 0.125515853125 0.78408190625 0.1288449828125 0.78523888125 0.134141028125 0.7995347109375001 0.1350285328125 0.7995751015625 0.1329723109375 0.7968449234375 0.1289119578125
4 0.7844798765625 0.10551716874999999 0.7833717921875001 0.095254503125 0.78098749375 0.09116119375000001 0.7755513921875 0.0945711171875 0.7756695609375 0.10660631875 0.77781374375 0.11144429687499999 0.7843554734375 0.1118504171875 0.7844798765625 0.10551716874999999
4 0.7802381875 0.11505249375 0.7768505 0.11471726874999999 0.77623759375 0.12359145 0.7762190640625 0.12453473125 0.7821973703125 0.13227198281250002 0.787045978125 0.1340670390625 0.7872471937500001 0.123823375 0.7802381875 0.11505249375
4 0.76738886875 0.0691050421875 0.76444175625 0.0745373828125 0.7689919609375 0.08448232812499999 0.7730082046875 0.08613072499999999 0.7754769578125 0.0862839890625 0.7757211359375 0.0738532171875 0.77420145 0.0714159640625 0.7687816671875 0.0691915078125 0.76738886875 0.0691050421875
4 0.8198474375 0.0584643890625 0.833854075 0.059333939062499993 0.834067775 0.048454771875000004 0.8299376203125 0.04610249375 0.8213488968749999 0.0525553609375 0.8198474375 0.0584643890625
7 0.7550136953125001 0.125703228125 0.75482814375 0.1294736171875 0.763673634375 0.1300227578125 0.763817678125 0.1226896578125 0.76167801875 0.12235686718750001 0.7550136953125001 0.125703228125
7 0.8085981359375 0.15118143906249998 0.8019469984375001 0.1472101640625 0.7992822234375 0.1478759640625 0.7950566625000001 0.14986674687499998 0.7977679140625 0.16087715625000001 0.8032683078125 0.163055028125 0.80536961875 0.16318548125000001 0.8083771015625001 0.16243406093749999 0.8085981359375 0.15118143906249998
7 0.7962625203125 0.075999396875 0.795093734375 0.07544264218749999 0.791281425 0.077632378125 0.790951625 0.0944221421875 0.7915865875 0.09562250781250001 0.7987365890625 0.0960663921875 0.7989115078125 0.087161496875 0.7962625203125 0.075999396875
5 0.8140908828125 0.10535801874999999 0.811666765625 0.1093767328125 0.8120782203125 0.11496121875000001 0.8173709578125001 0.1240914578125 0.8215169109374999 0.1252753328125 0.8247376031250001 0.12547527812499998 0.8249498640624999 0.11466936718750001 0.8140908828125 0.10535801874999999
5 0.7719972078125 0.016780271875 0.7708142078125 0.03318456875 0.7749514890625 0.03344141875 0.775278671875 0.016784906250000002 0.775204034375 0.01678026875 0.7719972078125 0.016780271875
4 0.6486834921875 0.5716766718749999 0.6432717140624999 0.5691017890625 0.6339777843750001 0.5714767921874999 0.6324568625 0.577754853125 0.6358596390625 0.5807005968750001 0.643382275 0.5811676140625 0.6471636140625 0.58057948125 0.6485511125000001 0.5784159859375 0.6486834921875 0.5716766718749999
2 0.771231903125 0.66970935 0.7740100062499999 0.638526671875 0.7747567609375 0.6005102828125 0.7737414593749999 0.597148921875 0.7717245078125 0.59611226875 0.769222559375 0.5954077921875001 0.76437245 0.598729471875 0.76402018125 0.599723996875 0.7582625265625 0.6643505171874999 0.759427125 0.66897649375 0.771231903125 0.66970935
4 0.6623443234375 0.6472685890625 0.6620047171875 0.665707846875 0.6668204484375 0.6660068140625001 0.667176621875 0.6649290609375 0.6675756609375 0.6446144328125001 0.6625058984375001 0.64591720625 0.6623443234375 0.6472685890625
4 0.417558003125 0.558161975 0.4152601953125 0.556990621875 0.41397175781250006 0.5582602999999999 0.4084536890625 0.5756754 0.4081954546875 0.58324371875 0.4162617375 0.5837444859375001 0.41639061406250005 0.5835743640625 0.4171220171875 0.5803575359375001 0.417558003125 0.558161975
4 0.26059172343750003 0.8390489421874999 0.24953553906249998 0.841387246875 0.2466569734375 0.8482017562499999 0.24654080937499998 0.851155071875 0.2601296359375 0.8519986859375 0.2633209171875 0.8488062828125 0.26344665312500004 0.842405225 0.26059172343750003 0.8390489421874999
2 0.323475309375 0.8109707890625 0.32272833749999996 0.805012821875 0.317357675 0.7992923249999999 0.2891319296875 0.8187493781249999 0.28774591875 0.8286320187499999 0.2899859046875 0.837175378125 0.30409172500000003 0.8380510859375001 0.3232099984375 0.8244773999999999 0.323475309375 0.8109707890625
2 0.22303065625000001 0.7509107828125 0.223439259375 0.7301092890625 0.21798809375 0.7222266281249999 0.1833231546875 0.7393050828125001 0.180395734375 0.747633703125 0.18164568125 0.7613749078125001 0.184509534375 0.7639199578125 0.1953409921875 0.7645923890625 0.22247908437500002 0.7526929531250001 0.22303065625000001 0.7509107828125
4 0.19298290625 0.959665071875 0.1938732734375 0.9618437078125 0.20167981875000002 0.9623283499999999 0.2018557125 0.95337376875 0.19547592656249999 0.9523985609375 0.19298290625 0.959665071875
4 0.23436561562499997 0.8792516921875 0.23249449531250002 0.8864161812500001 0.2438069234375 0.8871184718749999 0.2439519828125 0.879733725 0.24055479375000002 0.8777053218749999 0.23436561562499997 0.8792516921875
4 0.22066586875 0.871299496875 0.2179743125 0.869927421875 0.21249845625 0.8753235359374999 0.20991435625000002 0.8913445671875 0.211798815625 0.893469778125 0.2154847796875 0.8936986078125001 0.22021823437500002 0.8879280109375 0.2203517765625 0.8872895937499999 0.22066586875 0.871299496875
4 0.2071131859375 0.92322550625 0.2018965578125 0.9224613187499999 0.19858891875 0.93043553125 0.2019033171875 0.9345475171875 0.2115944125 0.935149153125 0.2117563796875 0.9269035921875 0.2071131859375 0.92322550625
5 0.2475861546875 0.901250446875 0.2381130609375 0.9027265171875 0.2362404265625 0.907761771875 0.24397233593749998 0.917702921875 0.24469653593750001 0.9177478812500001 0.25101868125000004 0.9179440671875 0.25128649531249997 0.9043099640625 0.2481322890625 0.9012843531250001 0.2475861546875 0.901250446875
5 0.2591886546875 0.9268720281249999 0.25622584375 0.9219602671875 0.25416195625000004 0.9230148890625 0.2528070890625 0.9377076921875 0.26156395312499997 0.93825133125 0.261590259375 0.9369121140625 0.2591886546875 0.9268720281249999
7 0.25361284687499996 0.8993669687500001 0.2541384984375 0.904436696875 0.2700260609375 0.9054230171875 0.270197440625 0.8966982359375001 0.2627689734375 0.8934055671875001 0.25361284687499996 0.8993669687500001
2 0.32046069374999997 0.1441396421875 0.3116316671875 0.13678224218749999 0.30462068124999997 0.1439124109375 0.3087429296875 0.2018409921875 0.3229155015625 0.20272084375000002 0.3233530296875 0.180446775 0.32046069374999997 0.1441396421875
9 0.3079451109375 0.310464625 0.309612571875 0.326971171875 0.3291653109375 0.3281850328125 0.3460002828125 0.32195020625000004 0.3547308734375 0.32185430625 0.3549847765625 0.321169475 0.3554192125 0.2990528421875 0.35487836875 0.297244528125 0.3526370234375 0.29602630625000004 0.350568590625 0.2953861859375 0.3290942609375 0.3030790921875 0.3247638609375 0.299757196875 0.322010175 0.30310167187500003 0.310332378125 0.3045004109375 0.3079451109375 0.310464625
9 0.1401118109375 0.42206823125000004 0.147444740625 0.42252346875 0.149423553125 0.42246255312500003 0.1513708734375 0.419349403125 0.15191131093750002 0.3918363109375 0.1457057703125 0.3350812078125 0.1420918296875 0.33074763281249997 0.141926590625 0.330737375 0.1308934734375 0.3354835390625 0.129948778125 0.34382766875000004 0.1347333671875 0.38273429999999997 0.1359678421875 0.4134351578125 0.1401118109375 0.42206823125000004
11 0.215607896875 0.40729883281249996 0.225616859375 0.40792020312500005 0.228269065625 0.404635553125 0.22872941875000002 0.381199496875 0.2267496734375 0.370575225 0.227257809375 0.35843011874999997 0.22092906874999999 0.31354506875 0.21571350156250002 0.31140443125 0.20637458125000002 0.3175493921875 0.20375818125 0.33358060625 0.21304563437500001 0.402011628125 0.215607896875 0.40729883281249996
2 0.0467551921875 0.49203826875 0.045538878125 0.4610759171875 0.0435283875 0.4520939890625 0.039602399999999996 0.44918211875 0.03656916875 0.4489938109375 0.035800771875 0.449113325 0.031740746874999996 0.45160373125 0.029182121875 0.4580431921875 0.0340265390625 0.513986946875 0.0379250984375 0.5213442359375 0.045205640625 0.5217962218750001 0.046238782812500004 0.51832806875 0.0467551921875 0.49203826875
2 0.0365224140625 0.612979696875 0.049054621874999996 0.6137577140625 0.0500742015625 0.5618520828125 0.0496645140625 0.5513601671874999 0.04898084375 0.5458606828125 0.0448154328125 0.5420763890625 0.0361152515625 0.5428869781250001 0.03233701875 0.547411378125 0.03410880625 0.60751408125 0.0365224140625 0.612979696875
4 0.2275055015625 0.437507353125 0.22770166406249998 0.43352129687499996 0.22776005625 0.4305486 0.22415559687500003 0.42589915781250004 0.215335121875 0.4245272640625 0.2123085953125 0.4275956390625 0.21210046249999998 0.431824921875 0.212039425 0.4349322171875 0.217759503125 0.43800658906249995 0.2257975078125 0.43850559999999994 0.2275055015625 0.437507353125
4 0.20413654218750002 0.5188847171875001 0.20416658281250002 0.51735540625 0.20094110625 0.5120081937500001 0.1971315390625 0.5117716921875 0.1933788671875 0.5120046640625 0.19018812031250001 0.5126408 0.1900959984375 0.51733063125 0.1901472125 0.5199379171875 0.192028159375 0.5225727499999999 0.1971315375 0.522889575 0.20074224843750002 0.52266541875 0.20413654218750002 0.5188847171875001
4 0.1668184515625 0.41149257187500005 0.16184079375 0.42233665625 0.1611144953125 0.437095096875 0.161994346875 0.440103553125 0.16659211875 0.4403889890625 0.16714609375 0.41218674218749995 0.1668184515625 0.41149257187500005
4 0.0846550203125 0.5183127671875 0.0856035359375 0.5215247062499999 0.086824265625 0.5216004921875 0.08718602656249999 0.503183621875 0.085117184375 0.5007028171875 0.0846550203125 0.5183127671875
4 0.0727703328125 0.520728003125 0.0731827296875 0.49973328125 0.0730955140625 0.4975159609375 0.0711258859375 0.492508471875 0.070918040625 0.49249556875 0.068298328125 0.4950183609375 0.06758434062499999 0.51668746875 0.0677309671875 0.520415153125 0.0727703328125 0.520728003125
4 0.062984634375 0.46175160625 0.06305577343749999 0.45813006093749997 0.0516364765625 0.457019896875 0.051386951562500005 0.46103160625 0.062984634375 0.46175160625
4 0.0567346234375 0.42673601874999995 0.0578102046875 0.4475330140625 0.06013419062499999 0.4476772890625 0.0606004390625 0.4239410828125 0.05862005 0.42361035625000004 0.0567346234375 0.42673601874999995
4 0.064023503125 0.4022311890625 0.060631059375 0.402483825 0.05872415156250001 0.4199687609375 0.06102495625 0.43383523593750006 0.0619451578125 0.4338923640625 0.06360741875 0.430046396875 0.064120525 0.4039247421875 0.064023503125 0.4022311890625
4 0.073841715625 0.42067249687499997 0.0758126296875 0.4403122171875 0.07903636093750001 0.44051235 0.0795231140625 0.41573227187499995 0.0754240375 0.41444257812499996 0.073841715625 0.42067249687499997
4 0.1001008421875 0.4128093328125 0.09593340781250001 0.425984721875 0.0957334625 0.43616370312499997 0.0965607109375 0.4388208140625 0.10095256562499999 0.4390934671875 0.10139012031250001 0.416818046875 0.1001008421875 0.4128093328125
4 0.1201819171875 0.41527201406250003 0.1202911234375 0.40971242500000005 0.11207419999999998 0.41150935312500003 0.110327834375 0.4146602578125 0.1201819171875 0.41527201406250003
4 0.1013880421875 0.41692383906249997 0.0924389171875 0.40957788125 0.0846947359375 0.4112127890625 0.08464259843750001 0.411584546875 0.0909269046875 0.420358946875 0.09379143749999999 0.42197206875 0.10127974843750001 0.42243695312499996 0.1013880421875 0.41692383906249997
4 0.08228604375000001 0.39728206718750003 0.0840133640625 0.4017944421875 0.08448551875 0.4018826640625 0.08508426718749999 0.3714010390625 0.0850813046875 0.37140085625 0.0823933640625 0.377750571875 0.08228604375000001 0.39728206718750003
4 0.0952318421875 0.4915482640625 0.09526975625 0.4896181140625 0.090855075 0.48709616406249995 0.0877412921875 0.4910832421875 0.0952318421875 0.4915482640625
4 0.19560716875 0.4755439328125 0.1957896234375 0.466255371875 0.194371271875 0.46385709999999997 0.1857096359375 0.46196857812500003 0.1847403109375 0.4676050671875 0.18469944062500002 0.4696857171875 0.1871063671875 0.4744319609375 0.1886632921875 0.47511285000000003 0.19560716875 0.4755439328125
4 0.180536990625 0.446813646875 0.1806186234375 0.44265784375 0.1750323375 0.44006729218749996 0.16858652031250002 0.44607174687500006 0.180536990625 0.446813646875
5 0.10723345312499999 0.51730858125 0.1077392671875 0.49155814218750005 0.1042549921875 0.49210006875 0.104402771875 0.5171328468749999 0.10723345312499999 0.51730858125
5 0.1007156265625 0.451155771875 0.10054331718750001 0.45058795625 0.094868803125 0.45111664375 0.0932601296875 0.46332007812500003 0.095776740625 0.47792075 0.0992362484375 0.48345845 0.0993774765625 0.48346721875 0.1001325296875 0.480840546875 0.1007156265625 0.451155771875
5 0.07044712812500001 0.4692801359375 0.07114091875 0.47337584218749995 0.0752588984375 0.47363149218749995 0.075770178125 0.44760284375000003 0.074823340625 0.44740004375 0.07044712812500001 0.4692801359375
5 0.0416337640625 0.41621855625000004 0.040730365625 0.4353547921875 0.0462983796875 0.43570046093750003 0.0467420921875 0.41311149374999995 0.046050425 0.40925316718750004 0.0416337640625 0.41621855625000004
5 0.0230387484375 0.42591805781250003 0.0234319984375 0.405898153125 0.020005696875 0.405150246875 0.018590415625000002 0.4256419 0.0230387484375 0.42591805781250003
7 0.10863186250000001 0.44611712187499997 0.10801164375000001 0.44421023125000003 0.095069640625 0.44691686875 0.090034865625 0.45255312812500004 0.09115278437499999 0.45516190781250004 0.1049187 0.4560165171875 0.1074460953125 0.45561908593749995 0.1084956625 0.45305089374999996 0.10863186250000001 0.44611712187499997
7 0.170323440625 0.48921245312500006 0.1693035421875 0.4739243109375 0.166058746875 0.46608466406250004 0.1629839796875 0.46950534218750006 0.1619327203125 0.47930118281249995 0.1635932390625 0.49857170625 0.1701316234375 0.49897761718750006 0.170323440625 0.48921245312500006
7 0.15194225625 0.4561051328125 0.153100353125 0.46133951875 0.154679459375 0.46188520312500003 0.1567865859375 0.46201601718749996 0.1573753421875 0.432043071875 0.1553833875 0.431354721875 0.15439274375 0.431293221875 0.15194225625 0.4561051328125
5 0.17572406406250002 0.5055417921875 0.1767010390625 0.5132828109375 0.181649165625 0.5135899968750001 0.18241283125000002 0.5105039890625 0.1827552 0.49307438281250004 0.1789248671875 0.49124978906249994 0.17572406406250002 0.5055417921875
9 0.015419056249999999 0.419042321875 0.007616837499999999 0.42021050000000004 0.0063679734375000005 0.42565131718749993 0.006688107812500001 0.45825663906249997 0.0176997375 0.45894025625 0.018440396875 0.4212341421875 0.015419056249999999 0.419042321875
13 0.88261486875 0.60153398125 0.882449034375 0.6008115078125 0.8746740828125 0.5968659749999999 0.869110721875 0.6064170390625 0.867003071875 0.661915653125 0.8700208203124999 0.6758423 0.8808109468750001 0.6765121671875 0.8811557203125 0.6758175718749999 0.88261486875 0.60153398125
2 0.9853959937500001 0.5829439937500001 0.981563734375 0.5827060828125 0.97692294375 0.584414525 0.9748572984375 0.5892052890625 0.9737937234375 0.60019341875 0.9777727203125 0.6096421890625 0.9901835437500001 0.61381539375 0.9933748546875 0.6140135140625 0.9939589906249999 0.58427584375 0.9853959937500001 0.5829439937500001