4 0.6038870765625 0.6724384531250001 0.6077454328125 0.6793955 0.6167009 0.6819171109375 0.6183390125 0.68103924375 0.6193186671875 0.6700431609375 0.6113935453125 0.66730125625 0.6038870765625 0.6724384531250001
4 0.6724234515624999 0.6511921640625 0.6713965921875 0.65093560625 0.66880505625 0.6573008 0.668533265625 0.6712000437500001 0.67135016875 0.67199320625 0.6731048765625001 0.65229758125 0.6724234515624999 0.6511921640625
4 0.7091917125 0.6734063421875 0.7068950187499999 0.662467928125 0.7062241140625 0.662125921875 0.7060649625 0.6620811078125 0.702015440625 0.666723146875 0.699396353125 0.6812814828125 0.7015421984375 0.694415871875 0.7021582796875 0.6947299328125001 0.7025104546875001 0.69482909375 0.705757721875 0.6922302359375 0.70905541875 0.6749361687500001 0.7091917125 0.6734063421875
4 0.7487818859375001 0.6801559687500001 0.748697196875 0.6937719890625 0.7515998453125 0.69458929375 0.7539026328125 0.6687417921875001 0.7536886625 0.668235425 0.7487818859375001 0.6801559687500001
4 0.760591709375 0.74467740625 0.76187410625 0.7509179031250001 0.763931590625 0.7514972328125 0.7663295875 0.72458104375 0.763426384375 0.726761796875 0.760591709375 0.74467740625
4 0.7942101593750001 0.6347284609375 0.7893693109375 0.6370178859375 0.7853376421875 0.6532806578125 0.785077134375 0.65620471875 0.7924865796875 0.6582910140625 0.7934885109375001 0.6505757437499999 0.79466233125 0.6374002609375 0.7942101593750001 0.6347284609375
4 0.8478865453125 0.7229731187499999 0.842843971875 0.7245124781250001 0.842364165625 0.7448860328125 0.8435408000000001 0.74860135625 0.8461778875 0.7493438859375 0.8465889625 0.7470682937500001 0.8483119562500001 0.7277286468749999 0.8478865453125 0.7229731187499999
4 0.8380322890624999 0.695988321875 0.8341251328125001 0.70912609375 0.8326251390625 0.71733321875 0.832993884375 0.7203200078124999 0.837778146875 0.721667121875 0.8401996687500001 0.6944868718749999 0.8380322890624999 0.695988321875
4 0.8783700968750001 0.7236439859375 0.87576185 0.717979803125 0.8677513359375 0.7138962859375 0.8627061640625 0.71662223125 0.86281695625 0.7212541 0.870873378125 0.7253610187499999 0.8777794999999999 0.7273055921875 0.8783700968750001 0.7236439859375
4 0.8602702593749999 0.664530553125 0.8576806625 0.6611500859375 0.8534367234375001 0.6641121640625001 0.853360159375 0.664971553125 0.8539456484375 0.68483253125 0.8544759953125001 0.68699513125 0.85817604375 0.6880369640625 0.8602702593749999 0.664530553125
4 0.8568571453124999 0.7028408749999999 0.8577224265625001 0.6931285609375 0.857032309375 0.6795980671875 0.8539812375 0.6819004671875 0.853389003125 0.6838884671875001 0.8478875578125 0.708095671875 0.8486823687499999 0.7106754359375 0.8515421125 0.7114806578125 0.8551862484375 0.7087307140625 0.8568571453124999 0.7028408749999999
4 0.8227162874999999 0.7073710828124999 0.8223183546874999 0.7116892671875 0.8259209000000001 0.7127036437500001 0.8277791984375 0.691845278125 0.8244495562499999 0.69729239375 0.8227162874999999 0.7073710828124999
4 0.8097691921875001 0.698672675 0.8104915796875 0.6882133500000001 0.805843434375 0.67763671875 0.8033063171875 0.68243080625 0.802209559375 0.6947413109375 0.8062775859375 0.7156098390625 0.8077017312500001 0.7160108390625 0.8083375625 0.714741925 0.8097691921875001 0.698672675
7 0.8017401812499999 0.7177666390625 0.801813940625 0.716938721875 0.8018634625000001 0.7152588468750001 0.797600975 0.7094693328125 0.7840778671875 0.7082093921875 0.778380175 0.71572096875 0.77836640625 0.7161880328125 0.7996537734375 0.7221819671875 0.800367334375 0.7217806312499999 0.8017401812499999 0.7177666390625
7 0.7365910015625 0.649973503125 0.7357079703125 0.635037525 0.7340789437499999 0.6296288 0.7300299859375 0.6364370218750001 0.730123303125 0.660160753125 0.730307159375 0.66046983125 0.7353152546875 0.661879971875 0.735589784375 0.6612116078125 0.7365910015625 0.649973503125
2 0.8598039390625001 0.682870528125 0.8610030578125001 0.6740621078125 0.8629025296874999 0.65274159375 0.8652840078124999 0.6182605531250001 0.86306805625 0.61440201875 0.8524544625000001 0.61208524375 0.8501846515624999 0.617924596875 0.8474272328125 0.648875096875 0.847275740625 0.6510685390625001 0.8455956734375001 0.678869871875 0.8598039390625001 0.682870528125
9 0.9486447234375 0.7078856328125 0.9513338953125 0.6900436390625 0.9564843 0.63223320625 0.9449674515625001 0.6267471062500001 0.9336366453125 0.703659775 0.9486447234375 0.7078856328125
9 0.97490869375 0.7095385890625 0.9760858625 0.696325528125 0.9752652375 0.6944651171875 0.9681281609375001 0.6888159968750001 0.9625471265625001 0.694027253125 0.9470469906250001 0.7559185859374999 0.9468503171875 0.7581261359375 0.952125203125 0.7623013000000001 0.961064375 0.764818325 0.97490869375 0.7095385890625
4 0.8904311874999999 0.6633702828125 0.8923561296875 0.64176388125 0.88981059375 0.643967521875 0.889093959375 0.66299375625 0.8904311874999999 0.6633702828125
4 0.8916258546875 0.6840745328125 0.8852887703125001 0.6982523671875 0.88460985 0.709735953125 0.8873287921875 0.718744796875 0.8886291375 0.7191109359375 0.891739953125 0.684193746875 0.8916258546875 0.6840745328125
4 0.9094503234375001 0.7151532031250001 0.9062608843750001 0.71842684375 0.9042882000000001 0.7333038671875001 0.9046518875 0.7348721109375 0.9092571046875 0.7361688140625 0.9109481625000001 0.7171876187499999 0.9094503234375001 0.7151532031250001
5 0.9382791296875 0.6767648390625001 0.9363637031250001 0.6761621890625 0.9351741718750001 0.6763100640624999 0.93279395 0.6849596421874999 0.93389481875 0.699673778125 0.9352339078125 0.7012971171875 0.9360724828125001 0.7015332359374999 0.9382791296875 0.6767648390625001
4 0.9793180781249999 0.6686063859375 0.9786922984374999 0.6845158109375 0.9788912312500001 0.689413525 0.98092433125 0.6916630500000001 0.9827825406249999 0.692186271875 0.984792553125 0.669625 0.9793180781249999 0.6686063859375
4 0.9826291609375 0.658394246875 0.983442634375 0.64926346875 0.9822877421875 0.65287090625 0.9819676718749999 0.6582079890625 0.9826291609375 0.658394246875
4 0.9797727046875 0.7082132031249999 0.981553171875 0.68822845625 0.9784148578125 0.6877151671874999 0.974311959375 0.7066756078124999 0.9797727046875 0.7082132031249999
4 0.9671239296874999 0.7506122359375 0.9683365140625 0.7528039421875 0.9817904671875001 0.7565922031250001 0.9824338671874999 0.7493703828125 0.9733586703125001 0.7449646671875 0.9671239296874999 0.7506122359375
7 0.9633523187499999 0.6949852421875 0.951405534375 0.6897183499999999 0.9503142296875 0.6964023390625 0.9555710890625001 0.701398696875 0.9658833375 0.7043023421875 0.9663830734375001 0.6986930921875001 0.9633523187499999 0.6949852421875
7 0.9328777421875 0.7331414281249999 0.92896005625 0.732037321875 0.9262640718749999 0.7492532187500001 0.9296287171875001 0.76159171875 0.9306950468749999 0.7618919671875 0.9329153375000001 0.7369704421875001 0.9328777421875 0.7331414281249999
4 0.910347984375 0.67880116875 0.907555634375 0.680595728125 0.9051539421875001 0.696732796875 0.9055556171875001 0.6985653359375 0.9098029828125 0.699761278125 0.9119798515624999 0.6878506718749999 0.9124892062500001 0.68213344375 0.910347984375 0.67880116875
7 0.8837999703125 0.662928403125 0.8792889546874999 0.665364525 0.8791561671875 0.6665789531249999 0.8798676296875 0.6716454890625 0.8991887500000001 0.67708578125 0.9005503953125 0.6740854781250001 0.9006547328125001 0.672914353125 0.8837999703125 0.662928403125
4 0.6769671374999999 0.32483680000000004 0.677868265625 0.31472213125000004 0.67317468125 0.3149864109375 0.6686461453125 0.3224938390625 0.6769671374999999 0.32483680000000004
4 0.4511475171875 0.3203127078125 0.45213930468749997 0.309180446875 0.4521469171875 0.30808926875 0.45188899843749997 0.3028483421875 0.448985240625 0.2969627328125 0.44624504218750005 0.29971259375 0.44505163750000004 0.30733390625 0.44578306875000007 0.318802228125 0.4511475171875 0.3203127078125
2 0.5735604765625 0.31356965 0.5733157453125 0.3124422828125 0.562428515625 0.30776250781250003 0.5416822640625 0.311269753125 0.54046325625 0.32673637499999997 0.5411159109375 0.331583303125 0.5601322640624999 0.33693778281250003 0.5716056515625 0.335511475 0.5735604765625 0.31356965
2 0.445462465625 0.27758339374999996 0.44769925781250003 0.25247663125 0.4466918625 0.2495508078125 0.43992206093749997 0.24934073125 0.4111987828125 0.2567840140625 0.4088144859375 0.26087733125 0.41023544375 0.27785656406250003 0.41749059062500005 0.2798994140625 0.43491223124999995 0.280440028125 0.445462465625 0.27758339374999996
2 0.35947726874999997 0.1661951609375 0.3773124390625 0.20521788124999998 0.382364103125 0.208135896875 0.389281040625 0.2100835171875 0.3922636078125 0.20703916093750002 0.3933522109375 0.20482838593750002 0.39346722343749996 0.20419909687499999 0.39420814375 0.19588268125 0.39350741718750004 0.189746475 0.3710669953125 0.14173535625 0.369079378125 0.13912688125 0.367923578125 0.13845924375000002 0.3654572875 0.13946856875 0.3582506203125 0.1489358140625 0.356956796875 0.154516696875 0.35947726874999997 0.1661951609375
2 0.738512459375 0.24427786093749998 0.7626305359375001 0.23217933125 0.7627687890625 0.2318446078125 0.764714859375 0.2100010421875 0.7646369078124999 0.20735678281249997 0.7581719484375 0.20477883593750001 0.7465090421875 0.216064625 0.727455425 0.2243302140625 0.7270704921875 0.2378104328125 0.729120315625 0.2438999859375 0.732463778125 0.2448414140625 0.738512459375 0.24427786093749998
2 0.8470759078125001 0.27992542187499997 0.8515313453125 0.22991559218750002 0.8507393125 0.208835371875 0.8412534328125 0.201616075 0.8337968390625001 0.20758331874999997 0.8329372171875 0.2224350109375 0.8335592515625001 0.271154678125 0.8368134062499999 0.2770357859375 0.8470759078125001 0.27992542187499997
2 0.8022589484375 0.196996128125 0.804451590625 0.17238494375 0.8037696171875 0.1715525859375 0.787222165625 0.16496635625 0.7747479562499999 0.16326544999999998 0.7722511328125 0.17098561406249999 0.7747958749999999 0.187357178125 0.7851978171875 0.1921921828125 0.8022589484375 0.196996128125
9 0.8227277390625 0.16601464375 0.8251353312499999 0.1663408109375 0.8295194484374999 0.1598167640625 0.843437409375 0.11484723125 0.8451082765625 0.10668603593749999 0.8461119671875 0.09542016875 0.8359476828125001 0.0888432859375 0.8321554828125001 0.095504 0.8241411843750001 0.12382016874999999 0.8138147171875 0.1417720921875 0.8123896328125 0.14873277812500002 0.814679309375 0.1605605 0.8150507875 0.16104720781249998 0.8227277390625 0.16601464375
11 0.819369015625 0.11148597812500001 0.8196264953125001 0.10859591875 0.8178696562500001 0.0832707390625 0.81164873125 0.0815191 0.8000260875 0.08000425625 0.7996047890625 0.0847330859375 0.8006851062499999 0.10614845312500001 0.8035871078125 0.11299800625 0.815345634375 0.1163088828125 0.819369015625 0.11148597812500001
5 0.7712037890625 0.22595046875000002 0.77109058125 0.22579877812500002 0.7612324046875 0.2242654828125 0.7582652390625 0.22612764218749998 0.7575194203125 0.230658953125 0.7603677390625 0.23863638125 0.7698360656250001 0.2413024 0.7712037890625 0.22595046875000002
4 0.8086959671875 0.21058547187499999 0.8085090515625 0.20424496718750002 0.8052247859375001 0.19898778125 0.80100820625 0.20633461406250003 0.7993911203125 0.2222476171875 0.800159021875 0.22452887812500003 0.806704215625 0.226371821875 0.8086959671875 0.21058547187499999
4 0.7876462578125001 0.1211256140625 0.7812662296874999 0.1187748 0.7820913484375 0.1301146609375 0.7840977453125 0.13282196875000002 0.7904160609375 0.1346010328125 0.791201728125 0.12578235625 0.7876462578125001 0.1211256140625
4 0.822038303125 0.1942241140625 0.8157624734375 0.200798346875 0.8300376843749999 0.20481785000000002 0.8307007593750001 0.197375196875 0.8272702796875 0.1939463421875 0.822038303125 0.1942241140625
7 0.818151978125 0.2319914109375 0.8070683187500001 0.22448999218750001 0.80631030625 0.23082983906250001 0.8135439796874999 0.24517213125 0.81841050625 0.24654240781249998 0.8194020046875 0.23541340000000002 0.818151978125 0.2319914109375
9 0.6786799265625 0.16355716874999998 0.6751825984375001 0.16121494218750002 0.6727500562500001 0.16053000625 0.6401991781249999 0.165340953125 0.634511334375 0.1746803828125 0.6337252734375001 0.186102946875 0.6527444375 0.1914582171875 0.6533738296875 0.1915561109375 0.6731074359375 0.18718968125 0.676727946875 0.185467071875 0.6786799265625 0.16355716874999998
13 0.6566784906249999 0.0828822171875 0.658070153125 0.075267828125 0.6594158796875 0.06016278125 0.6307372531250001 0.052152878125 0.6249791015625 0.053694646874999995 0.623548940625 0.056276053125 0.6208691843749999 0.0709381828125 0.62077574375 0.07219852812500001 0.620983696875 0.0726837421875 0.62148294375 0.072972125 0.6566784906249999 0.0828822171875
9 0.30078729531250004 0.1982941921875 0.3013732296875 0.1980627109375 0.3024260140625 0.1961910921875 0.30486630312499996 0.1688002109375 0.266477396875 0.1508404890625 0.261008646875 0.154081228125 0.2584044796875 0.1698219671875 0.2589253125 0.176303453125 0.2617898953125 0.1795441921875 0.2905922203125 0.1963574890625 0.29747039062499997 0.1982941921875 0.30078729531250004 0.1982941921875
2 0.192905565625 0.271304646875 0.18441157187499999 0.26646699687500003 0.1822253078125 0.26889566875000004 0.17175128125 0.318678978125 0.16931208281250001 0.3374617828125 0.1708541546875 0.3426363640625 0.1833498953125 0.3461548171875 0.1870891453125 0.3365907390625 0.192905565625 0.271304646875
13 0.089591128125 0.34778639375 0.0909039109375 0.33305114687500004 0.08826299531250001 0.32565460625 0.045580999999999997 0.32180443125 0.042951109375000004 0.32743690000000003 0.0423609921875 0.33942813125 0.043966823437500004 0.3434696421875 0.067347746875 0.3500530609375 0.087504703125 0.3531881828125 0.089591128125 0.34778639375
13 0.075098403125 0.4253579140625 0.0832942671875 0.39557220625 0.08414162187499999 0.39119728125000003 0.087125025 0.35771022812500003 0.085612903125 0.3552253109375 0.08268800781249999 0.35343486875 0.0787375171875 0.35297518125 0.0755692515625 0.362933996875 0.06605655625 0.41204844218750003 0.0645182734375 0.42212367500000003 0.06456299531250001 0.42239143281249997 0.075098403125 0.4253579140625
13 0.036333703125 0.37678731875000004 0.032254759375 0.36854884375 0.0083553 0.3552146578125 0.008355265625 0.3552148140625 0.0054803046875 0.36852953125 0.004493503125 0.37960584375 0.01290670625 0.385347228125 0.03363015 0.39118237499999997 0.0342848484375 0.39015170781249997 0.03583175625 0.38298756875 0.03616370625 0.379261603125 0.036333703125 0.37678731875000004
2 0.0215678984375 0.322037 0.018804525 0.3140126828125 0.0104981765625 0.31220670625 0.009161825 0.3272065140625 0.0094561359375 0.34218959375 0.01340275 0.343300853125 0.01846165 0.3429867890625 0.0205340515625 0.3416140640625 0.0216962140625 0.328569428125 0.0215678984375 0.322037
2 0.027285414062500003 0.5144291609375 0.029913762500000003 0.48492740625 0.0292185671875 0.4826030078125 0.0205990078125 0.47888633125 0.0162194421875 0.48376768906249995 0.0129597578125 0.4979718328125 0.006362684374999999 0.5442501859375 0.0071379484375 0.5468422859375 0.021038128125 0.5507561921875 0.027285414062500003 0.5144291609375
4 0.19973460468749998 0.3873295390625 0.195766528125 0.38254519375 0.1873789140625 0.38179635 0.186548165625 0.383616603125 0.19973460468749998 0.3873295390625
4 0.186488221875 0.36736728125 0.18702341875 0.36968840625 0.19810035312500002 0.3728073640625 0.1984426828125 0.36896489374999997 0.1922097390625 0.3641835328125 0.186488221875 0.36736728125
4 0.1647534359375 0.356458153125 0.1622719890625 0.348817275 0.154357409375 0.34408854375 0.1497080515625 0.34810463281250004 0.15059593437500002 0.354998053125 0.158917934375 0.358962275 0.1643929953125 0.3605039 0.1647534359375 0.356458153125
4 0.1647141140625 0.3746563328125 0.16483130625 0.37334091406250003 0.1570484734375 0.36825434218750003 0.1504014640625 0.3706262890625 0.1647141140625 0.3746563328125
4 0.159707828125 0.3855018671875 0.1577465859375 0.38394686875 0.15765929843749998 0.38391950625 0.15523325625 0.38323640000000003 0.1529797703125 0.38668355781249997 0.1516535015625 0.40272148281250003 0.15246935625 0.4184906921875 0.1558682234375 0.41997643125 0.156291615625 0.42009564375 0.1578972703125 0.41565799375 0.16042230468750002 0.387315878125 0.159707828125 0.3855018671875
4 0.1768030578125 0.41540061718750004 0.17290827656250002 0.414695571875 0.1703932734375 0.42334109687500004 0.1702142890625 0.43245309374999996 0.177392865625 0.4344743828125 0.17836130156250002 0.4289314609375 0.1768030578125 0.41540061718750004
4 0.14330087656249998 0.328288653125 0.1395447328125 0.330986575 0.13756834375 0.33452459375 0.13738074375 0.34727319218749997 0.1430464484375 0.348868496875 0.1433635109375 0.34795283125 0.145001109375 0.3295716859375 0.14330087656249998 0.328288653125
4 0.1271066890625 0.35300785 0.1128951703125 0.34777265625 0.11387002500000001 0.354884628125 0.11749561875 0.35854850781250003 0.1279202296875 0.3614837921875 0.1281725609375 0.3586515140625 0.1271066890625 0.35300785
4 0.1167052203125 0.38082518125 0.11722545312499999 0.374985853125 0.1145811921875 0.36948676874999997 0.1055083515625 0.35997409999999996 0.100432953125 0.3588252078125 0.09901599375 0.3662959140625 0.106301103125 0.3750238359375 0.11212390000000001 0.3795352078125 0.1167052203125 0.38082518125
4 0.064937871875 0.35337343906249996 0.055402099999999996 0.352320896875 0.054669490625 0.356531996875 0.05766518281250001 0.3585763328125 0.0678096609375 0.36143273593749997 0.06814255625 0.35769617187499997 0.064937871875 0.35337343906249996
4 0.0394819765625 0.304859271875 0.0387779578125 0.30365610625 0.0345381203125 0.3087238359375 0.034334550000000005 0.311008803125 0.034033946875 0.3153611890625 0.0385787125 0.31664086875 0.038977137499999995 0.31216876875 0.0394819765625 0.304859271875
5 0.015690359374999997 0.298404553125 0.0146996828125 0.312729596875 0.0198151265625 0.3141699671875 0.021841784375 0.2914218609375 0.0192404734375 0.2901987890625 0.015690359374999997 0.298404553125
5 0.1038875953125 0.326256278125 0.103613915625 0.32932817812500004 0.1193172484375 0.333749803125 0.11937685468749999 0.33308074374999996 0.1165905703125 0.328086571875 0.1038875953125 0.326256278125
5 0.08083563593750001 0.3689923890625 0.0810816875 0.3764193859375 0.0838078390625 0.37718699375 0.0863737109375 0.348386503125 0.0860171796875 0.3481328078125 0.08083563593750001 0.3689923890625
5 0.20298928593749999 0.351726296875 0.194558428125 0.3428223171875 0.18637138749999999 0.339495528125 0.18381181093750001 0.34522945625 0.1866613078125 0.35212315781250003 0.188272496875 0.3531656921875 0.201026703125 0.356756925 0.20298928593749999 0.351726296875
4 0.16522187500000002 0.33982748281249997 0.1658772609375 0.3440474109375 0.17688858125 0.34714789375 0.1802065703125 0.3428165859375 0.180426178125 0.34035160625 0.1770472265625 0.3367568609375 0.16522187500000002 0.33982748281249997
4 0.102566021875 0.41522001875000003 0.10019022500000001 0.4148505 0.0979336953125 0.4217028640625 0.098843440625 0.4376686671875 0.10052494375000001 0.43814213124999996 0.1025670125 0.4152210390625 0.102566021875 0.41522001875000003