2 0.4366614078125 0.544598346875 0.4444416484375 0.49297834218750003 0.4446351359375 0.47908586406250003 0.44170270624999997 0.47466461718749997 0.4316982578125 0.47372398593750004 0.42837699687499997 0.48146176875 0.4254459171875 0.537150875 0.42581099375000003 0.5394297078125 0.4366614078125 0.544598346875
2 0.5625336171875001 0.5144050140624999 0.5626358109375 0.5087424687500001 0.5517855171875 0.5012199640625 0.54801509375 0.5041616859375 0.538534971875 0.544840078125 0.5361931828125 0.56037728125 0.5511419203125001 0.567498171875 0.5594795921875 0.534667728125 0.5625336171875001 0.5144050140624999
2 0.6689463531250001 0.5545963859375 0.674179934375 0.5547587921875 0.6746860078125 0.55377433125 0.6774122375 0.5356864531250001 0.677420615625 0.534833153125 0.651911440625 0.506722596875 0.6472337421875001 0.5056513812500001 0.641634025 0.5189055812500001 0.64206388125 0.5281795921875 0.6582722015625 0.5485929921875 0.6613613218750001 0.550983225 0.6689463531250001 0.5545963859375
2 0.435476315625 0.28774348125000004 0.43547631718749996 0.2995936140625 0.4431578421875 0.3032527421875 0.44985841562499995 0.3032527421875 0.4505208609375 0.3023891078125 0.4517361984375 0.29432564375000003 0.4560492328125 0.24468792499999997 0.4552679828125 0.23774348125000003 0.45188256562499995 0.2335768140625 0.4435492328125 0.23265089218749999 0.4407266609375 0.2385811359375 0.4406632984375 0.2390015328125 0.438601315625 0.2710768140625 0.435476315625 0.28774348125000004
2 0.6570790859375 0.40227923906249996 0.6618483046875 0.3706366359375 0.6588034546875 0.33275809375 0.655261403125 0.32766549375 0.6462759484375 0.328225553125 0.643274753125 0.342903625 0.64702449375 0.39526690000000003 0.6484141296875 0.398151653125 0.6570790859375 0.40227923906249996
2 0.26097064375 0.4652928078125 0.2622861453125 0.45656476875 0.2602595296875 0.447815021875 0.232379946875 0.4316002640625 0.2235949859375 0.43159375625 0.219684309375 0.450941453125 0.2202911359375 0.45303254375 0.25864518125 0.47130265312499997 0.2600073078125 0.46996508593749997 0.26097064375 0.4652928078125
2 0.2197804953125 0.502464228125 0.19237725156250002 0.49628867187500003 0.1824968703125 0.495060403125 0.1779829671875 0.50053246875 0.1773751 0.5159865640625 0.202306884375 0.527862921875 0.20496532968749998 0.528483725 0.21565844531249997 0.5298130249999999 0.2197804953125 0.502464228125
2 0.08068938125 0.4075195921875 0.07385421875 0.41958704375 0.0619526546875 0.4719557640625 0.062869046875 0.47294420312499996 0.07387750625 0.47818812499999996 0.0808803796875 0.447374403125 0.08628191406249999 0.41153653281249997 0.08068938125 0.4075195921875
2 0.4535392515625 0.6365356328125 0.4570139703125 0.6134817078125 0.4607052828125 0.58237038125 0.4580540953125 0.57365540625 0.4514480984375 0.570857871875 0.4477377171875 0.5740317359375 0.44160861249999994 0.6102733921875 0.44155147499999997 0.6332007671875 0.451660375 0.6380161828124999 0.4535392515625 0.6365356328125
2 0.7079561015625 0.4909704921875 0.71330845625 0.495206978125 0.7191959734375 0.49801151875 0.7461817187500001 0.48992621875 0.7492323984375 0.477744996875 0.7508270421875001 0.46716491875 0.7505654453124999 0.46502366093749997 0.7439041765625001 0.45975114375 0.7222743953124999 0.4618882859375 0.7106642578125 0.4684087109375 0.7088677171875 0.4715983828125 0.7077237703125 0.4761661078125 0.7068511015625 0.48363446874999994 0.7079561015625 0.4909704921875
2 0.537414171875 0.6917989359375001 0.542910884375 0.6553295828125 0.54306439375 0.6298626609375 0.532599946875 0.6258455781250001 0.5284055249999999 0.6290052171875 0.52782145625 0.6330669 0.5274492609375 0.6876729 0.52805701875 0.688786871875 0.5310334484375 0.6902047078125 0.537414171875 0.6917989359375001
13 0.7542395640625 0.572220021875 0.757689909375 0.5611540828125 0.760872075 0.5400411890625 0.76217878125 0.50712748125 0.7584825000000001 0.50083836875 0.7478594015625 0.5014859031250001 0.7453838296875 0.50751566875 0.742166075 0.544573896875 0.7425277593749999 0.5586929078125 0.74507529375 0.5678545828125 0.7542395640625 0.572220021875
13 0.25214038125 0.252521528125 0.25757681718750003 0.25511119375 0.2670603234375 0.2475435671875 0.2861210140625 0.223298646875 0.2881014109375 0.210159196875 0.285539590625 0.2007210421875 0.279487153125 0.196797053125 0.27408958437500003 0.1995126109375 0.2462446703125 0.23201629375000002 0.24579597187500002 0.23326528125 0.24526354062500003 0.23679783593749998 0.24703642499999998 0.24519860312500003 0.25214038125 0.252521528125
3 0.349103484375 0.13057761406249999 0.35231579218750003 0.12755267812499999 0.3567770078125 0.097953596875 0.356423165625 0.0945379078125 0.351777103125 0.09010449375 0.3081304421875 0.104980978125 0.3077123609375 0.1102695078125 0.30858808125000003 0.12746751875 0.3113918171875 0.1340820671875 0.3193061578125 0.137852096875 0.349103484375 0.13057761406249999
2 0.1430779125 0.4103467078125 0.1367018390625 0.40464242187500005 0.1070894796875 0.393399903125 0.10325915781249999 0.398671621875 0.101462834375 0.41316775625 0.103230825 0.417400753125 0.1394166890625 0.4346380390625 0.1430779125 0.4103467078125
2 0.7419517109375 0.36506295 0.744033109375 0.3512533828125 0.7398892218750001 0.30305451875 0.737087546875 0.2951129 0.72815195625 0.2974110109375 0.726139125 0.3028939140625 0.7284433109374999 0.3466915578125 0.73083688125 0.35976835625 0.7419517109375 0.36506295
2 0.841554159375 0.7518495140625 0.84562546875 0.7394832921875001 0.857663625 0.6914154859375 0.8560634468749999 0.68490489375 0.84783256875 0.6783900078125 0.8419434234375001 0.6858912687500001 0.82961045 0.7451777421875 0.832727365625 0.7476448328124999 0.841554159375 0.7518495140625
9 0.6572070078125 0.622453825 0.6563125921874999 0.630634046875 0.6708710250000001 0.6818844890625 0.67101579375 0.682115928125 0.6780649125 0.68547380625 0.6795398390625 0.6825579687500001 0.6828590984375 0.66053549375 0.6803563734375 0.643659021875 0.6697180234375 0.605082303125 0.6667071124999999 0.6002688109375 0.665578075 0.5998786578125 0.660309328125 0.6013593578124999 0.6551188531250001 0.6075833890625 0.654331 0.617215328125 0.6572070078125 0.622453825
9 0.766774075 0.370460246875 0.769037625 0.3796316859375 0.768917221875 0.38941115000000004 0.78236200625 0.39581563124999997 0.78465843125 0.3929570078125 0.7866797828125 0.3795458359375 0.7841811453124999 0.3495909609375 0.784510678125 0.31960754687500004 0.7821870421875 0.31370800781249997 0.7765449156249999 0.311939371875 0.7690927000000001 0.31242395 0.7671320859375 0.31886093125000003 0.7684912171875 0.3371509640625 0.766774075 0.370460246875
9 0.8110673703125 0.372104575 0.813328553125 0.37111678124999997 0.8227814859375 0.3535585578125 0.8372310031250001 0.31246349375000004 0.8380166078125001 0.307251203125 0.8351846359374999 0.3009565828125 0.8265186390625001 0.29241228124999996 0.8160210453125 0.3106099828125 0.7992389546875 0.350658471875 0.799187965625 0.3624614140625 0.8008863359375 0.3641915828125 0.8087261375000001 0.37098931875 0.8110673703125 0.372104575
9 0.1496436703125 0.27536625625 0.1497441453125 0.2756388359375 0.16246776093749998 0.28169978281249997 0.16704693125 0.25131810312499997 0.17070999375 0.198281196875 0.164208784375 0.19554050625 0.1588915765625 0.194379853125 0.1570712625 0.196314703125 0.1546952515625 0.2079234921875 0.152593753125 0.23265250312500002 0.1496436703125 0.27536625625
9 0.5831361171875 0.331333778125 0.5448028703125 0.3101978109375 0.5405579171875 0.311530771875 0.5376178140625 0.3281187671875 0.583809140625 0.350122196875 0.5855299671875 0.33870492812499997 0.5831361171875 0.331333778125
9 0.4109019984375 0.7411811187499999 0.4374280953125 0.7436525421875 0.44005836093750006 0.736710571875 0.4412573 0.7287559 0.4413267796875 0.7263990328125 0.44098383906249994 0.7203403140625 0.436740003125 0.7139181390625 0.396088903125 0.7129122890625 0.3935711859375 0.71870449375 0.39380939062500003 0.7341166171875 0.40972710625 0.7416990859375 0.4109019984375 0.7411811187499999
13 0.074844309375 0.29459956875 0.0789463546875 0.2865272828125 0.0850244140625 0.25855245781249997 0.0881384578125 0.2489636890625 0.092196565625 0.2220391390625 0.087296553125 0.215444978125 0.081960515625 0.217986821875 0.07717768750000001 0.2317881859375 0.063636034375 0.2734856671875 0.0616480140625 0.280533103125 0.062245471875 0.28702675 0.063692340625 0.28928728125 0.074844309375 0.29459956875
13 0.08396152968750001 0.350706403125 0.08895648125 0.350861403125 0.09384404375 0.31843361406250004 0.09400132343749999 0.30241486875 0.0908960828125 0.27382651406249997 0.084135371875 0.272690653125 0.08122123125 0.277693596875 0.07939668125 0.330885825 0.08003692031250001 0.3452597328125 0.08167048125000001 0.349615053125 0.08396152968750001 0.350706403125
2 0.785619915625 0.2577876828125 0.78754661875 0.24500447812499998 0.7855726296875 0.19947390781250002 0.7790001171875 0.18614394375 0.7712678265624999 0.18748462187499998 0.7683516640625 0.2110666828125 0.7698766453125 0.25165379374999997 0.7699848234375 0.25188288281250004 0.7848722609375 0.258974575 0.785619915625 0.2577876828125
13 0.8386177265624999 0.16727746875 0.8093676734375 0.14810961875 0.8060916484374999 0.1714685921875 0.81481216875 0.1840877921875 0.840198728125 0.1961807828125 0.8436300828125001 0.173414571875 0.8386177265624999 0.16727746875
4 0.1824554578125 0.37788381718749997 0.1808061609375 0.38389548906250004 0.18239888124999998 0.390840871875 0.18497110625 0.393071196875 0.18755433125 0.394301725 0.189153509375 0.3836915640625 0.1824554578125 0.37788381718749997
4 0.20121128906250002 0.3788186890625 0.20188249374999997 0.37436540625000003 0.20142165781250002 0.367453271875 0.19306601406249999 0.36052651875 0.1904363671875 0.36074256718750003 0.189026596875 0.36611726093749997 0.1883509859375 0.3714316671875 0.1930825515625 0.37968051406250003 0.200107490625 0.383026871875 0.20121128906250002 0.3788186890625
4 0.16742151875 0.27558222187500003 0.1661665203125 0.281805121875 0.16559299375 0.29010915000000004 0.16620874218749998 0.2949848828125 0.1683964375 0.29602700312499997 0.1713486984375 0.2764394609375 0.16742151875 0.27558222187500003
4 0.151713065625 0.2642044109375 0.1507704765625 0.27612773281249997 0.1562958734375 0.27875978125 0.156655971875 0.277329553125 0.1581111125 0.267675046875 0.1533307546875 0.26203727187500003 0.151713065625 0.2642044109375
4 0.11010363593750001 0.28806418125 0.1098532171875 0.294021603125 0.1289586296875 0.30312254375 0.1303271375 0.3017598390625 0.1307236140625 0.2991293140625 0.11639767812499999 0.28430723125 0.11010363593750001 0.28806418125
4 0.1246279234375 0.2751776890625 0.1284165890625 0.2500408078125 0.1227072203125 0.26037990781250003 0.1223363703125 0.2740861 0.1246279234375 0.2751776890625
4 0.092196540625 0.22521966093749998 0.0962770796875 0.2271634421875 0.09650633125 0.2256424171875 0.092196540625 0.22521966093749998
4 0.054556618749999994 0.2141908171875 0.0513044984375 0.207457296875 0.045119384375 0.2050120078125 0.042159245312499996 0.2099164421875 0.0420748421875 0.210476428125 0.0434504734375 0.2135023390625 0.053909465625 0.21848452499999998 0.054556618749999994 0.2141908171875
4 0.11903439375 0.3552194328125 0.1171896109375 0.35058829999999996 0.10606602812499999 0.3453613921875 0.10439713125000001 0.34674489375 0.10401859375 0.348593828125 0.10477731562499999 0.3519947859375 0.11796475 0.358276675 0.1186904875 0.3575011671875 0.11903439375 0.3552194328125
6 0.1965097 0.2864127328125 0.1953233421875 0.291191478125 0.20221894218749997 0.3005800828125 0.20254313750000003 0.30078985625 0.20698929062500002 0.30290779687499997 0.210837659375 0.304217553125 0.21219513124999997 0.2952110578125 0.20442434375000001 0.29018290625 0.1965097 0.2864127328125
4 0.1669879828125 0.3051302578125 0.1592228875 0.3065105640625 0.15847609375 0.30818352187500003 0.1584237125 0.30853105625 0.1749352265625 0.3163963828125 0.1753022328125 0.3146037828125 0.175341171875 0.31434543125 0.1669879828125 0.3051302578125
2 0.0343969046875 0.315748096875 0.04122085625 0.27047282500000003 0.042024609375 0.258835396875 0.0419390234375 0.25879463125 0.028423695312500004 0.25627141875000004 0.02476905 0.27879565781250004 0.0234452671875 0.305560203125 0.0247785421875 0.31284783125 0.0272020265625 0.315041478125 0.027529496874999997 0.31519746875 0.0330423609375 0.3164008359375 0.0343969046875 0.315748096875
4 0.41290574687500003 0.09904139687499999 0.41223490781249994 0.09872184218749999 0.4051404953125 0.09658984375 0.396342946875 0.10669831874999999 0.399575096875 0.10994589218749999 0.40499766875 0.11252895624999999 0.408493275 0.11162183125 0.41196750625 0.1074158640625 0.41273085624999994 0.102351228125 0.41290574687500003 0.09904139687499999
2 0.350442128125 0.5696113828125 0.3504480765625 0.5696729171875 0.3896286203125 0.58833673125 0.390434628125 0.5829890609375 0.39128076875 0.57695585625 0.3886889171875 0.570558525 0.378328309375 0.56405764375 0.355461003125 0.5548759828125001 0.35261986875 0.5579108749999999 0.35148015 0.562397328125 0.3511021328125 0.564905375 0.350442128125 0.5696113828125
4 0.3023798578125 0.7164456859375 0.3024922625 0.71569990625 0.3024486078125 0.71112866875 0.299639784375 0.70341419375 0.295876096875 0.69779870625 0.29231915937499997 0.697335903125 0.291862834375 0.7003635078125 0.291545065625 0.7093394421875 0.29220816875 0.7116003578125001 0.3023798578125 0.7164456859375
7 0.20746903906249997 0.7817999640625 0.209536946875 0.78725026875 0.2197962671875 0.7921373390625 0.220403178125 0.7881106250000001 0.215428959375 0.7793627187500001 0.20746903906249997 0.7817999640625
7 0.1856365703125 0.8116159109375 0.1790338484375 0.8117613671875 0.17658078906250002 0.8189226171874999 0.1773435828125 0.8236786359374999 0.184850878125 0.8272547671874999 0.1854516046875 0.82682065625 0.1875092953125 0.8131683828125 0.1856365703125 0.8116159109375
4 0.1924519875 0.7762360109374999 0.191993840625 0.776017771875 0.1891910609375 0.7772485609374999 0.1904831375 0.78688645625 0.1965610015625 0.7967649531250001 0.199938478125 0.799932603125 0.20227724687499998 0.8010466828125 0.20362127812500003 0.7921293609375 0.20037415625000002 0.78153919375 0.1924519875 0.7762360109374999
4 0.1650806890625 0.8009890937499999 0.16564994375 0.79721223125 0.16577964218750002 0.796026028125 0.159357003125 0.78440350625 0.15046740625 0.7906195828125 0.150416134375 0.7909597609375 0.1503331734375 0.7917185171875001 0.15769653749999998 0.8028166171875 0.1634283359375 0.8055469828125 0.1650806890625 0.8009890937499999
4 0.174887296875 0.74665714375 0.17058717968749998 0.7441839359375 0.1642926828125 0.748618946875 0.1630800828125 0.752748625 0.16307159375 0.7536132359375001 0.170227440625 0.75702195625 0.1725905703125 0.7570952859375 0.1737238609375 0.7543762640625 0.174887296875 0.74665714375
4 0.22118728124999998 0.7164716109375 0.21709567343749997 0.7172920109375001 0.212522940625 0.7288166359375 0.2117280359375 0.7394059609375 0.21761559218749998 0.7422105218749999 0.22137483281249998 0.717268878125 0.22118728124999998 0.7164716109375
4 0.2327097125 0.74938980625 0.233562115625 0.7437343140625 0.23130010781250002 0.7354893312499999 0.2258830734375 0.7321733578125 0.21914199218750002 0.7300054421875 0.21712343125000003 0.7375833109375 0.2239918265625 0.7481236359375 0.23039073906250002 0.7511717828125 0.231541784375 0.751305721875 0.2327097125 0.74938980625
4 0.196521721875 0.7533731218749999 0.196278115625 0.748217278125 0.1946109921875 0.74682704375 0.1911319953125 0.756021578125 0.1911178171875 0.7561156437500001 0.191311346875 0.7641895937500001 0.19465162656249999 0.76578075 0.196521721875 0.7533731218749999
4 0.197423234375 0.8184271828125 0.198257778125 0.8192623640625 0.20934543749999998 0.8245440171875 0.21014116875000002 0.82399904375 0.21192000000000003 0.8121969218749999 0.206912209375 0.81078686875 0.197423234375 0.8184271828125
7 0.951998728125 0.7814541 0.9429948109374999 0.7711883937499999 0.9370455703125 0.77104045 0.9363092906249999 0.773980371875 0.951998728125 0.7814541
7 0.9439308687500001 0.8149959171875001 0.9437235265625 0.814897146875 0.938360678125 0.8269109359375 0.9369337968749999 0.8447093078125001 0.9382342671874999 0.8496672890625 0.939131659375 0.8500947671875 0.9414164156249999 0.8447246500000001 0.9457208171874999 0.8161659890624999 0.945693478125 0.816136425 0.9439308687500001 0.8149959171875001
4 0.8061204796875 0.76572196875 0.8061002937499999 0.76566400625 0.7971841390625001 0.760513721875 0.7910978421875 0.7623527359375 0.791290046875 0.768792003125 0.7939339546874999 0.7708060062500001 0.8025219640625 0.77625353125 0.80475429375 0.774786278125 0.8061204796875 0.76572196875
4 0.8106784515625 0.7233056359375001 0.80791095625 0.7397721749999999 0.80793928125 0.7506689109375 0.809584715625 0.7534701187499999 0.8149965203124999 0.71756410625 0.8144008812499999 0.71666605625 0.8106784515625 0.7233056359375001
4 0.8697212656250001 0.799207071875 0.86979058125 0.79980925625 0.873508703125 0.8015803968749999 0.8768026687500001 0.7797257359375 0.8723318359375 0.783675321875 0.8697212656250001 0.799207071875
4 0.9210659171875 0.81875761875 0.921628215625 0.8044621 0.9211772781249999 0.8026528031250001 0.917540325 0.8022006781250001 0.9148934656250001 0.8097612218749999 0.9143496624999999 0.8296624578125 0.919082521875 0.8319169750000001 0.9210659171875 0.81875761875
4 0.96316268125 0.7592727578125 0.9629761875 0.7665528890625 0.971964659375 0.7708345859375 0.973223946875 0.762479521875 0.9694227015625 0.7590925828125 0.96316268125 0.7592727578125
4 0.9674724546875 0.7369719781249999 0.9663168625 0.74513809375 0.9760213453125001 0.7497608671875 0.978703175 0.7475911921875 0.9792069703124999 0.7442486359375 0.9766425875 0.740437171875 0.9674724546875 0.7369719781249999
4 0.8761629984375 0.759083525 0.8777354109375001 0.7628047062500001 0.88059155625 0.7438548828125 0.8802691390625 0.743814803125 0.8777107687499999 0.74628131875 0.8761629984375 0.759083525
4 0.882918371875 0.72841701875 0.8855172671875 0.7111739828125 0.8847383093750001 0.7105282328125 0.87926476875 0.7266766109375 0.882918371875 0.72841701875
4 0.8616961968749999 0.76189590625 0.8627230203125 0.7550831859375 0.86281316875 0.7413329828124999 0.8626528828125 0.7362273359375 0.8596801578125 0.7328000671875 0.858537065625 0.732729103125 0.8563339828125001 0.7395410109375 0.8580728390625 0.762594021875 0.859563796875 0.76330424375 0.8616961968749999 0.76189590625
4 0.8403569187500001 0.75322170625 0.8374095109375 0.7498751921875 0.8369745984374999 0.74966801875 0.8362027281250001 0.74952379375 0.8327110093750001 0.7560868140625 0.8307495359375 0.771547753125 0.8326528296875001 0.7821185328125 0.8335471234374999 0.7825445328125 0.8352521171875 0.7828631171875 0.8359207375000001 0.7826546921875 0.8403569187500001 0.75322170625
4 0.8147062703125 0.7461946359375 0.8114345921874999 0.750123146875 0.8088568453124999 0.764332553125 0.8091533078125 0.76517290625 0.8124378890624999 0.76673753125 0.8154421921875 0.7468047109375 0.8147062703125 0.7461946359375
4 0.8152647749999999 0.763587725 0.81720509375 0.7718841750000001 0.82833699375 0.7771869 0.825192265625 0.76859 0.8198031218749999 0.7628869921875 0.8152647749999999 0.763587725
4 0.9036262140625 0.7627456671874999 0.9036973109374999 0.7474180671874999 0.9024293906249999 0.74718115625 0.8993604906250001 0.75219388125 0.8980538843750001 0.7742943671875 0.8994530953125001 0.7765541421875 0.9014048515624999 0.77748386875 0.9036262140625 0.7627456671874999
7 0.8937889640625001 0.728050696875 0.8894634921875 0.7251925109374999 0.886912928125 0.736941871875 0.8872176921875001 0.756346921875 0.891352803125 0.7583167000000001 0.8943480218750001 0.738444153125 0.8937889640625001 0.728050696875
5 0.9275968515624999 0.753961446875 0.9270534421875001 0.7524913140625 0.9200274578125001 0.7617747421875001 0.9172507953125001 0.7757736390625001 0.9177949359375001 0.77953981875 0.922668475 0.78186135 0.923279871875 0.7813292078125 0.9238007421875001 0.7791477109375 0.9275968515624999 0.753961446875
5 0.8937044468750001 0.7749116328125 0.8947507781249999 0.7616760218749999 0.8918129171875 0.76058356875 0.8882875953125 0.7685855078125 0.8871278203124999 0.783256146875 0.88827864375 0.7913615171874999 0.8910277234375 0.7926710531250001 0.8937044468750001 0.7749116328125
5 0.8771483453125001 0.777432253125 0.87755840625 0.77471160625 0.8734534343749999 0.7655555078125 0.8669565125 0.7596704421875 0.8612473953125 0.7602145421875 0.860065125 0.764339571875 0.8611131406249999 0.76710746875 0.86736818125 0.77277343125 0.8771483453125001 0.777432253125
5 0.8556329703125 0.76545716875 0.8500764015625 0.7712158578125 0.848335625 0.77900845 0.8491063953125 0.7899562578125 0.8526651203125001 0.7916514718750001 0.8553080171874999 0.7828149109375 0.8573515078125 0.76925684375 0.8556329703125 0.76545716875
4 0.894268525 0.79805665 0.893837196875 0.7997608921875 0.9053115046875 0.805226725 0.90612853125 0.7998059468750001 0.90369335 0.7973719171875 0.894268525 0.79805665
9 0.9558737781250001 0.82393113125 0.956772915625 0.7781570421875 0.9560236625 0.77710683125 0.943361921875 0.776320771875 0.94168235625 0.783628421875 0.9404271546875 0.8363330437500001 0.95309503125 0.8423674390624999 0.9558737781250001 0.82393113125
4 0.7917641703125 0.12134497500000001 0.7885984140625 0.12387364375000001 0.7941418484375 0.1426079609375 0.7948416296875 0.14294130625 0.797485703125 0.1253985171875 0.794086734375 0.12245133906250001 0.7917641703125 0.12134497500000001
9 0.9205051875000001 0.7276741 0.9183774250000001 0.729270025 0.9157691218749999 0.7465754859375 0.9163958984375 0.7501157109375 0.9589597124999999 0.7703911578125 0.9596596015625 0.7666155859375 0.9620466765625 0.7507779171875 0.9205051875000001 0.7276741
4 0.9917804921875 0.639361346875 0.9943903593750001 0.6220455171875 0.990813590625 0.6212616828125 0.9865323140625 0.6368613562500001 0.9917804921875 0.639361346875