1 0.46059400781250004 0.64900535 0.4627255375 0.65611579375 0.5718489859375 0.662890328125 0.575047453125 0.6590988249999999 0.57514390625 0.6541885062499999 0.5753871359375 0.62941585 0.574400165625 0.6238288187500001 0.5708194625 0.619550403125 0.51898076875 0.6179417859375 0.467937784375 0.617283921875 0.46323281875 0.6189900609375 0.46136018749999996 0.6240253171875 0.46059400781250004 0.64900535
2 0.4084482609375 0.44150639375 0.41059191406249995 0.43523608124999996 0.4109287859375 0.41808625624999995 0.410107825 0.4166203828125 0.379187646875 0.395383371875 0.373204109375 0.39668948125000003 0.369450275 0.409169871875 0.3695045859375 0.4175539328125 0.37340429375 0.4246321671875 0.3992033921875 0.4409324609375 0.4084482609375 0.44150639375
2 0.560526240625 0.5201314859374999 0.5606320359375 0.5174418281250001 0.5607874625 0.5095291828125 0.557446965625 0.49886448281250007 0.53021161875 0.5010478578125 0.526187721875 0.5037962890625 0.5249306046875 0.5092091328125 0.5254247609375 0.5231933671875 0.5256364515625 0.5238273140625 0.556405328125 0.5257374890625 0.560526240625 0.5201314859374999
2 0.63575626875 0.55289946875 0.6382942953125 0.5434237328125 0.638475625 0.53419245 0.6377990578125 0.53093283125 0.61012296875 0.5110449609375001 0.6064362062499999 0.515426621875 0.603281475 0.5282670390625 0.605816134375 0.537746675 0.6234557515625 0.5515550140625 0.6247531328125 0.5522163812499999 0.63575626875 0.55289946875
2 0.673330425 0.31911806875000004 0.6757002562500001 0.310593925 0.6761887328125 0.28572609375 0.67371538125 0.2787918390625 0.6637594484375 0.2794099171875 0.6612065296875 0.28559059375 0.657073221875 0.327214996875 0.6572193390625001 0.334653721875 0.67185540625 0.33556234687500003 0.6720778828125 0.33494615781250003 0.673330425 0.31911806875000004
2 0.6158789484375 0.3066963609375 0.5835497593750001 0.3064658578125 0.57788406875 0.31289196406249997 0.5779088890625 0.32695055 0.6159214171875 0.32931041875 0.616350153125 0.30748400781249996 0.6158789484375 0.3066963609375
2 0.511748625 0.283879571875 0.5044747187499999 0.282975321875 0.50034183125 0.2884947578125 0.498588759375 0.3330638171875 0.498532653125 0.33592011875 0.5125865859375 0.33679260625 0.513562790625 0.28709513124999997 0.511748625 0.283879571875
2 0.44070084062500003 0.33510931093749996 0.44189503124999996 0.27431440625 0.43958157499999995 0.269412946875 0.4307157046875 0.26896345625 0.42657465468750005 0.27343141875 0.42560186875 0.28257474375 0.4277748828125 0.33403318125000003 0.4279079515625 0.3343151109375 0.44070084062500003 0.33510931093749996
2 0.396463115625 0.29345038125 0.3997202515625 0.2936525859375 0.403733975 0.288681746875 0.40415339687499996 0.28545202812500003 0.4043924296875 0.273283146875 0.404221775 0.27257712500000003 0.3836893796875 0.24134320625 0.37619427499999997 0.23731669218749998 0.3697914875 0.24751758281249997 0.3692056765625 0.25202855625 0.3729137390625 0.2625781390625 0.3922751671875 0.2904806078125 0.396463115625 0.29345038125
2 0.300459103125 0.3112340140625 0.3009079953125 0.2883814671875 0.2909972953125 0.2857580890625 0.26490500625 0.291257121875 0.2624926765625 0.29959290781250003 0.262764896875 0.310846878125 0.26496855625000004 0.31586119687499997 0.282250425 0.31693408125 0.298461678125 0.314440946875 0.300459103125 0.3112340140625
9 0.71251573125 0.2963945328125 0.7239008140625 0.2971013328125 0.7260607796875 0.29377446093750004 0.7309619328125 0.2626290859375 0.7336012281250001 0.2282902859375 0.733634778125 0.2265823078125 0.7329827015625 0.2183338359375 0.7221841671875 0.214798353125 0.720277403125 0.21527475312500002 0.7158291140624999 0.2308790609375 0.712901809375 0.273686596875 0.7092747312500001 0.287683178125 0.710297896875 0.293972721875 0.71251573125 0.2963945328125
9 0.7608162015625 0.1423100078125 0.763489965625 0.1393731328125 0.76389259375 0.11887571875 0.760912534375 0.11412846875 0.7301619390625 0.1077709359375 0.7164626875 0.11079618124999999 0.7169065140625 0.12716136718749999 0.71739624375 0.13544491875 0.735192615625 0.142151971875 0.7550608140625 0.1433854171875 0.7608162015625 0.1423100078125
11 0.7980664046875 0.050591096875 0.79870189375 0.01823905 0.7918113375 0.017811274999999998 0.7831822625 0.021097381249999998 0.7814659515625 0.04698426875 0.78373136875 0.059001725000000005 0.7925307296875 0.059548000000000004 0.797147125 0.0576532828125 0.7980664046875 0.050591096875
2 0.8044677281249999 0.0928979609375 0.8227004859375 0.08248148281249999 0.8299420874999999 0.0755104171875 0.8304404421875 0.07393096406250001 0.8305944421874999 0.06609102812499999 0.829672015625 0.056790878125 0.8251467968749999 0.051157825000000004 0.8235614015625 0.051654796875 0.79660349375 0.06997750312499999 0.791654546875 0.08140105 0.7925589640624999 0.09051964375 0.796088584375 0.09552457187499999 0.8044677281249999 0.0928979609375
2 0.8150031656250001 0.1887987828125 0.8378176890625 0.1902151421875 0.8571487781249999 0.1760073671875 0.8581873812499999 0.17364406875 0.8583279390625 0.1664883640625 0.858164684375 0.16412460625 0.8571399453125 0.1568852640625 0.8515234640625 0.1506482140625 0.8492656000000001 0.1511410671875 0.83591779375 0.15731975625 0.82285790625 0.16576779218749998 0.8144023546874999 0.1800997328125 0.8150031656250001 0.1887987828125
4 0.77104513125 0.1527161578125 0.7710758046875 0.1511546078125 0.762859603125 0.1506445359375 0.7601938171875 0.1520424921875 0.77104513125 0.1527161578125
4 0.77649111875 0.1641721359375 0.7784720296875001 0.16241342812499998 0.7787284453125001 0.1595352859375 0.7787382140625 0.1590379328125 0.7776271343750001 0.1541400890625 0.7698293421875 0.1528819140625 0.7647750203125 0.1563434609375 0.764704528125 0.15713468125000002 0.7646691828125001 0.158934071875 0.7648957109375 0.162039253125 0.7713334453125 0.1638519390625 0.77649111875 0.1641721359375
4 0.7833269875 0.16543486093749998 0.7822491125 0.1700885421875 0.79570271875 0.1709237609375 0.7958787421875 0.1619626421875 0.788405109375 0.1619626390625 0.7833269875 0.16543486093749998
4 0.8015659359375 0.18079756875 0.8005675484375001 0.190682071875 0.80665470625 0.19105996875 0.809538515625 0.182901371875 0.8096672578125 0.17634725 0.8070799687499999 0.1731388390625 0.8015659359375 0.18079756875
4 0.8210287515625 0.1551015921875 0.8194053296874999 0.14260059687499999 0.8157354484375 0.13697971874999998 0.8114027406250001 0.1468354 0.8131990078125 0.15655125 0.8160340828124999 0.161068075 0.8209056109375 0.16137050625 0.8210287515625 0.1551015921875
4 0.7870131609375 0.1243356828125 0.7887942375 0.13714121875000002 0.7932339875000001 0.137416846875 0.793537909375 0.121944525 0.7887349953125 0.119133096875 0.7870131609375 0.1243356828125
4 0.7790485015625 0.093894025 0.77472853125 0.1112527640625 0.7825240234375 0.11173671874999999 0.7844106109375 0.10904344375 0.7847053203125001 0.0940401078125 0.7818896359374999 0.0908591359375 0.7790485015625 0.093894025
4 0.7873812890624999 0.11195716874999999 0.7843939234375 0.11063136093749999 0.7830248906249999 0.11110445 0.7795714296875 0.1310097140625 0.786522275 0.13144123125 0.7871665796875 0.1279273671875 0.7874563078125 0.11317762499999999 0.7873812890624999 0.11195716874999999
4 0.774197946875 0.071803446875 0.7714906828125 0.0658334078125 0.7679330390625 0.0697799640625 0.76772605 0.08031751875000001 0.7677441 0.08215584375 0.769879246875 0.08871594375 0.7738608796875 0.08896313125000001 0.774197946875 0.071803446875
4 0.8278187656249999 0.044397239062499996 0.8238522515625 0.04374185 0.8236873640625 0.058669078124999996 0.8274010265625 0.0672717390625 0.833690484375 0.067662196875 0.8339104687500001 0.0564630109375 0.8278187656249999 0.044397239062499996
7 0.7653198484375 0.125809421875 0.7647629390625 0.1247382359375 0.7581165046875 0.1224414640625 0.755269228125 0.126645453125 0.7552835953125 0.131366696875 0.7561639312499999 0.1323360140625 0.7651806515625 0.1328957859375 0.7653198484375 0.125809421875
7 0.8117996078124999 0.14738524687500001 0.8071467515625 0.1456971640625 0.80375359375 0.146013303125 0.79695495625 0.1512827109375 0.7962261796875 0.15705890312499998 0.807970884375 0.15778803125000002 0.8111344765625 0.15459759687500002 0.811733728125 0.150739103125 0.8117996078124999 0.14738524687500001
7 0.7989604328125 0.0846707859375 0.79407709375 0.08027118125 0.7882544296875 0.080396775 0.786967425 0.08561020312499999 0.787271509375 0.088391321875 0.78802635 0.0898425421875 0.79884565 0.09051421875 0.7989604328125 0.0846707859375
5 0.8145601578124999 0.105387153125 0.811569146875 0.10767725312500001 0.813563525 0.1149584171875 0.8243201375 0.1254493609375 0.8262991515625 0.125572221875 0.8265213859375 0.11425856875 0.8233113921875 0.10810939374999999 0.8164990453125001 0.10550752187500001 0.8145601578124999 0.105387153125
5 0.776112821875 0.0168366890625 0.773055946875 0.0166469140625 0.7712240859375 0.0329363171875 0.7756220859375 0.03348305 0.7764479078125001 0.0335343171875 0.776516040625 0.03338545625 0.7768393328125 0.01692700625 0.776112821875 0.0168366890625
4 0.6437516578125 0.5839700171875 0.6440029640625 0.5711762609375 0.642993821875 0.5634054671875 0.6397110484375 0.5583774890625001 0.63958915625 0.558369921875 0.6375496328125 0.56058616875 0.636808475 0.5713434578125 0.6388192375 0.583663803125 0.6437516578125 0.5839700171875
2 0.7765724765625001 0.66726143125 0.7768027203125001 0.6555400031249999 0.7699071328125 0.5978667890625 0.7677631765624999 0.594070103125 0.759191096875 0.59730930625 0.756382946875 0.604996725 0.7638227859375 0.6627685171875 0.7663397640625 0.6666261687499999 0.7765724765625001 0.66726143125
4 0.6655143203125 0.6485204109375 0.6616946953125 0.6580631609375 0.6603242015624999 0.6660323671875 0.6607917453125001 0.6684120171875 0.6670643593750001 0.668801428125 0.667105225 0.66856379375 0.667510684375 0.647922353125 0.6655143203125 0.6485204109375
4 0.412124784375 0.565076378125 0.407376040625 0.5663424171875 0.4052487453125 0.5739675531249999 0.4094288921875 0.58052041875 0.41922795468749996 0.5835949578124999 0.4217836609375 0.5818193109375 0.42200447187499995 0.57057804375 0.412124784375 0.565076378125
4 0.254632871875 0.8385238749999999 0.24858511718749998 0.8443556390625 0.2591378625 0.8571850078125 0.26631675781249997 0.8554785859375 0.266515259375 0.8453731109374999 0.2655323453125 0.84256636875 0.254632871875 0.8385238749999999
2 0.320437034375 0.8064586828125 0.31950280468750003 0.7946411062500001 0.3134711453125 0.7882004031250001 0.307797734375 0.78961790625 0.293962703125 0.837488303125 0.296161046875 0.845897153125 0.30856574375 0.8466672531249999 0.3204343078125 0.8065975140624999 0.320437034375 0.8064586828125
2 0.223317271875 0.7363195218749999 0.22136437656250002 0.7320045687500001 0.186543625 0.7278331421875001 0.180303290625 0.736060103125 0.180414540625 0.7499784171874999 0.181758146875 0.7526312640625 0.2229466328125 0.755188303125 0.223317271875 0.7363195218749999
4 0.20175497656250002 0.9585021421875 0.19569967187499998 0.95112155625 0.193122796875 0.9536609031250001 0.1928766921875 0.9551867078124999 0.19333271875 0.962437071875 0.1981408578125 0.9648881171875001 0.2010152734375 0.9650665671875001 0.20165420312500001 0.9636324281249999 0.20175497656250002 0.9585021421875
4 0.2455365703125 0.87865775625 0.24364026718749998 0.87702040625 0.23375472187500002 0.878245378125 0.23152365156250002 0.88013170625 0.2343894578125 0.88743561875 0.23768515156249997 0.8895178937500001 0.242665403125 0.889827075 0.245328590625 0.8892457468750001 0.2455365703125 0.87865775625
4 0.21012676562500002 0.8766790109375 0.20879354218750001 0.8849447937500001 0.22194525 0.8857612687499999 0.22213584687500001 0.8760581921874999 0.2146362953125 0.872235146875 0.21012676562500002 0.8766790109375
4 0.2067503875 0.92300804375 0.198520253125 0.9294947390624999 0.1984102421875 0.93041484375 0.200229115625 0.9372230500000001 0.21031289375 0.9378490640624999 0.21155137656249998 0.9373400671875001 0.211757559375 0.926843525 0.2067503875 0.92300804375
5 0.247205346875 0.894720046875 0.240489559375 0.9090116421875001 0.23980865156250003 0.9228476750000001 0.24096192656249998 0.9258544437499999 0.24647082187499997 0.92619644375 0.24780312968749998 0.9224569812500001 0.2483181765625 0.89623651875 0.247205346875 0.894720046875
5 0.25835454687500004 0.9260087359375 0.24981814375 0.9325475937500001 0.24974184375 0.936362878125 0.2507986875 0.9375830078125 0.2631255015625 0.938348271875 0.2633378234375 0.9275392 0.25835454687500004 0.9260087359375
7 0.2711394265625 0.90382029375 0.26318252656249996 0.8938732640625 0.2624229734375 0.8938261078125 0.25483111875 0.893590521875 0.2534428796875 0.90234508125 0.255881225 0.9045448859375 0.2706993140625 0.9054648140625 0.2711394265625 0.90382029375
2 0.334463059375 0.17200291406249998 0.3345083625 0.16969656093750002 0.332734834375 0.1598599421875 0.2995017 0.1549092359375 0.2957149515625 0.1595196578125 0.295436253125 0.1689736421875 0.295298409375 0.175991096875 0.3331540984375 0.17834123125 0.33435970937500004 0.1755087578125 0.334463059375 0.17200291406249998
9 0.3073563875 0.30812969687499997 0.307566596875 0.31078874375 0.30909103125000004 0.3167660390625 0.317705696875 0.3192887921875 0.34426845156249997 0.337196496875 0.353080878125 0.3349947109375 0.3548953546875 0.32572181875 0.3551197734375 0.31429691875 0.3544699546875 0.31197327812500003 0.3430590109375 0.30734410625 0.34063352187499996 0.3032749828125 0.336064128125 0.305351671875 0.31553111562499997 0.291781346875 0.310889234375 0.29294111875 0.3088944796875 0.297647125 0.3073563875 0.30812969687499997
9 0.126998053125 0.3990183421875 0.1645566390625 0.3848257671875 0.16504669375 0.35987757187499997 0.16490337187499998 0.358899575 0.160194025 0.35736599375 0.138395884375 0.36654965 0.12115082343750001 0.36927974375 0.11599599375 0.3773806140625 0.116308521875 0.3933549140625 0.119015846875 0.39852279375 0.126998053125 0.3990183421875
11 0.20528009531250002 0.401098728125 0.21889061718749997 0.4019436859375 0.21977159531249998 0.40052087812500003 0.2326781 0.33936371875 0.23283498125 0.33137704375 0.232044496875 0.31800645 0.22544155625 0.31194496875 0.21748568124999998 0.31343154218749997 0.20865293281250002 0.3541850578125 0.20832471875 0.36634972499999996 0.202325159375 0.38888435781249997 0.20281513750000002 0.3971720421875 0.20528009531250002 0.401098728125
2 0.04543509375 0.479649353125 0.044112628125 0.460487525 0.0418404765625 0.45170496875 0.037676915625 0.4490625828125 0.035993975 0.448958103125 0.034035703125 0.449447378125 0.0300545578125 0.45231212187500003 0.027689009375 0.45898081875 0.034173712499999995 0.514397171875 0.0382742625 0.5213659109375001 0.0430252390625 0.5216608578125 0.0446133546875 0.5214831671875 0.04543509375 0.479649353125
2 0.050554473437500004 0.6169956171875 0.050914615625000006 0.59866114375 0.0492300859375 0.556143621875 0.045335523437500004 0.5460605421875 0.035905409375 0.54566833125 0.0315891359375 0.5588874140625 0.034539721875 0.618843575 0.037465834375 0.6213766781250001 0.04659008125 0.621943125 0.050554473437500004 0.6169956171875
4 0.22747849062499997 0.4370484890625 0.22770895000000002 0.43315040312499997 0.2277791953125 0.42957431718750005 0.2252670765625 0.4257336140625 0.2164614140625 0.4240882609375 0.21233157343750003 0.42750621093749996 0.2121125109375 0.43121155 0.2120485546875 0.43446745625 0.2154675984375 0.437864303125 0.22106155156249999 0.43821158281250006 0.22747849062499997 0.4370484890625
4 0.19969531875 0.5062015890625 0.19744360625 0.5051192312499999 0.1941877953125 0.51047225625 0.193362640625 0.52241956875 0.1947718546875 0.528302025 0.1979579609375 0.528499821875 0.19908541875000002 0.5269338390625 0.19936862187499998 0.5228333921874999 0.19969531875 0.5062015890625
4 0.163575496875 0.4150170328125 0.1613264328125 0.424787771875 0.161018228125 0.4368479328125 0.16246173749999998 0.44013256875 0.16503057031249999 0.44029204687499995 0.16558178437499999 0.41223039375 0.163575496875 0.4150170328125
4 0.087239453125 0.49860211874999993 0.0861481171875 0.49884033906249997 0.08387469374999999 0.5030681109375 0.0863324203125 0.5187904859375 0.086878796875 0.51882440625 0.087275765625 0.498615178125 0.087239453125 0.49860211874999993
4 0.0727703328125 0.520728003125 0.073176596875 0.500045528125 0.0731324859375 0.497799871875 0.071249790625 0.492638778125 0.07107683125 0.4926280421875 0.0683872515625 0.4950061609375 0.06724831406250001 0.516617771875 0.0673224078125 0.5203897890625 0.0727703328125 0.520728003125
4 0.05606654062500001 0.44632384218750004 0.055275425 0.4489729859375 0.055101614062500005 0.45782152812500004 0.0552032296875 0.46126852500000004 0.0567384421875 0.4613638328125 0.0570289625 0.44657374687500007 0.05606654062500001 0.44632384218750004
4 0.05712015625 0.44193123281249996 0.057477490625 0.42373969218749996 0.05585205 0.423435978125 0.054767224999999996 0.4417851609375 0.05712015625 0.44193123281249996
4 0.0584351078125 0.41892124375 0.05908049375 0.43371451875 0.059933387500000004 0.43376746875 0.0636448734375 0.428139575 0.06413746718749999 0.4030622109375 0.0623452140625 0.402523228125 0.0584351078125 0.41892124375
4 0.07903635 0.41393333125 0.0769685453125 0.41348196093749995 0.0753270609375 0.4182544859375 0.0733116359375 0.44015695 0.07903636093750001 0.44051235 0.0795499203125 0.41436754374999996 0.07903635 0.41393333125
4 0.09616606875 0.41868064374999997 0.0939327375 0.43587819375 0.099445546875 0.4362204390625 0.0998811765625 0.4140430140625 0.0996498 0.412435128125 0.09616606875 0.41868064374999997
4 0.1152941421875 0.4028853328125 0.1135284625 0.4044761109375 0.1109777171875 0.42780490625 0.11128586874999999 0.42861708906249996 0.11678616875 0.42895855625 0.117185834375 0.408612028125 0.1152941421875 0.4028853328125
4 0.085899109375 0.4123073421875 0.0852073109375 0.41588021093750005 0.10295035781249999 0.416981725 0.10296933593749999 0.41601553124999996 0.096994459375 0.410656425 0.085899109375 0.4123073421875
4 0.0846223953125 0.38049939374999997 0.0775172875 0.3837600609375 0.08017154531250001 0.390076 0.08106913125000001 0.39060806875 0.0940718421875 0.391415296875 0.0941575765625 0.3870506421875 0.0846223953125 0.38049939374999997
4 0.0952318421875 0.4915482640625 0.095307646875 0.487689078125 0.08969044375 0.4887714328125 0.08890873125 0.49115571718749995 0.0952318421875 0.4915482640625
4 0.1955497078125 0.478469153125 0.1956543515625 0.47314186874999997 0.19476261875 0.46055724218750005 0.1932224453125 0.4587190609375 0.1916622109375 0.45862220000000004 0.19077505625 0.45873248593750005 0.19001387187500002 0.45929120625 0.18793440781249998 0.46818755625 0.187903940625 0.4697385890625 0.1898384796875 0.48352421874999996 0.191907975 0.483652696875 0.1941460015625 0.483374478125 0.1955497078125 0.478469153125
4 0.174995446875 0.43257226718749997 0.17477616875 0.43255865312499997 0.17125704375 0.44168368593749996 0.1709666171875 0.45646897500000005 0.17290639375 0.4574578140625 0.1741385890625 0.45753431093749997 0.177338828125 0.44960331093750006 0.177357571875 0.449487096875 0.177645759375 0.43481581093750005 0.174995446875 0.43257226718749997
5 0.10957671093750002 0.49936089375000003 0.1007804421875 0.5013825828125 0.09860589374999999 0.50582975 0.0987086015625 0.5084409328125 0.11520478593750001 0.5094650390625 0.1153311140625 0.50303375625 0.10957671093750002 0.49936089375000003
5 0.099501846875 0.45851616875 0.0914319328125 0.46374815312499995 0.08841893281249999 0.4703628078125 0.090203396875 0.47177979375 0.10498284375 0.47269732500000006 0.1052254796875 0.460345028125 0.099501846875 0.45851616875
5 0.079111090625 0.4557681640625 0.0666583046875 0.46277975312499997 0.0670206609375 0.47034058125 0.07584361875 0.47088831875 0.0825562828125 0.468133225 0.08322746875 0.46592859375 0.083376459375 0.458343603125 0.079111090625 0.4557681640625
5 0.0394984265625 0.433171496875 0.0424113515625 0.4410180890625 0.043065525 0.44105870312500006 0.0430662625 0.4410566578125 0.04365989375 0.41083559999999997 0.0419866671875 0.41041754375000006 0.041803099999999996 0.41040615 0.0394984265625 0.433171496875
5 0.014793870312499999 0.41753606874999993 0.016553968750000002 0.422736003125 0.025022378125 0.4232617328125 0.026225237499999998 0.422884671875 0.0264482328125 0.41153225000000004 0.015850068749999998 0.41485445624999995 0.014793870312499999 0.41753606874999993
7 0.101825134375 0.46678548124999997 0.1039178765625 0.44012821718749995 0.1012601 0.43469278906250003 0.097792096875 0.43658213906250004 0.0963642453125 0.4596093078125 0.0977510125 0.46668941875 0.101643746875 0.4669310859375 0.101825134375 0.46678548124999997
7 0.175180575 0.48072197499999997 0.17394738437499999 0.4750886859375 0.1611683390625 0.47962438125 0.15635003281249998 0.48473095624999996 0.15574845312500002 0.489746278125 0.16858073906249998 0.49054292187500004 0.174573634375 0.4880369 0.1750533734375 0.4871976828125 0.175180575 0.48072197499999997
7 0.1568846234375 0.431447921875 0.1552516328125 0.43134654375 0.153592728125 0.43186655781249994 0.1528459625 0.4323357 0.1515481671875 0.43791367187499997 0.15366821718749998 0.461822421875 0.1564571765625 0.4619955671875 0.15678903125000002 0.4618915390625 0.157377921875 0.4319117671875 0.1568846234375 0.431447921875
5 0.1716657828125 0.5026752250000001 0.1727584625 0.5074791078125 0.18558249531249998 0.5082752421875 0.18558555000000002 0.508171675 0.185732890625 0.5006706890625 0.17727695937500001 0.49809843593750003 0.1716657828125 0.5026752250000001
9 0.0213050515625 0.43458503125 0.021075546875 0.4229012390625 0.0198089578125 0.41811579375 0.0119830390625 0.41767514375000003 0.0065994171875 0.42217857499999994 0.00821679375 0.4583515421875 0.020822834374999998 0.4591341421875 0.0213050515625 0.43458503125
13 0.8811416734374999 0.6765327 0.8826180859375 0.60137018125 0.8825288953125 0.6009361421875 0.8794785062500001 0.5970408078125 0.8752962015625 0.59770765625 0.8690648796874999 0.609828425 0.866467253125 0.6624771078125 0.86937429375 0.6758021640625 0.8811416734374999 0.6765327
2 0.9925087546875 0.578812421875 0.9872586999999999 0.5775006921875 0.9855160390625001 0.57739250625 0.98087616875 0.58291870625 0.9771542953125 0.6100395640625 0.9779000625000001 0.6172385859375 0.9865845796875 0.61915090625 0.9924467671875 0.6195148390624999 0.993537915625 0.6057123109375 0.99402124375 0.581106596875 0.9925087546875 0.578812421875